1,0,0.0%
2,0,0.0%
3,0,0.0%
4,0,0.0%
5,0,0.0%
6,0,0.0%
7,0,0.0%
8,0,0.0%
9,0,0.0%
10,0,0.0%
11,0,0.0%
12,0,0.0%
13,0,0.0%
14,0,0.0%
15,0,0.0%
16,0,0.0%
17,0,0.0%
18,0,0.0%
19,0,0.0%
20,0,0.0%
21,0,0.0%
22,0,0.0%
23,0,0.0%
24,0,0.0%
25,0,0.0%
26,0,0.0%
27,0,0.0%
28,0,0.0%
29,0,0.0%
30,0,0.0%
31,0,0.0%
32,0,0.0%
33,0,0.0%
34,0,0.0%
35,0,0.0%
36,0,0.0%
37,0,0.0%
38,0,0.0%
39,0,0.0%
40,0,0.0%
41,0,0.0%
42,0,0.0%
43,0,0.0%
44,0,0.0%
45,0,0.0%
46,0,0.0%
47,0,0.0%
48,0,0.0%
49,0,0.0%
50,0,0.0%
51,0,0.0%
52,0,0.0%
53,0,0.0%
54,0,0.0%
55,0,0.0%
56,0,0.0%
57,0,0.0%
58,0,0.0%
59,0,0.0%
60,0,0.0%
61,0,0.0%
62,0,0.0%
63,0,0.0%
64,0,0.0%
65,0,0.0%
66,0,0.0%
67,0,0.0%
68,0,0.0%
69,0,0.0%
70,0,0.0%
71,0,0.0%
72,0,0.0%
73,0,0.0%
74,0,0.0%
75,0,0.0%
76,0,0.0%
77,0,0.0%
78,0,0.0%
79,0,0.0%
80,0,0.0%
81,0,0.0%
82,0,0.0%
83,0,0.0%
84,0,0.0%
85,0,0.0%
86,0,0.0%
87,0,0.0%
88,0,0.0%
89,0,0.0%
90,0,0.0%
91,0,0.0%
92,0,0.0%
93,0,0.0%
94,0,0.0%
95,0,0.0%
96,0,0.0%
97,1,1.0309278350515463%
98,0,1.0204081632653061%
99,0,1.0101010101010102%
100,0,1.0%
101,0,0.9900990099009901%
102,0,0.9803921568627451%
103,0,0.9708737864077669%
104,0,0.9615384615384616%
105,0,0.9523809523809524%
106,0,0.9433962264150944%
107,0,0.9345794392523363%
108,0,0.9259259259259258%
109,0,0.9174311926605505%
110,0,0.9090909090909091%
111,0,0.9009009009009009%
112,0,0.8928571428571428%
113,0,0.8849557522123894%
114,0,0.8771929824561403%
115,0,0.8695652173913043%
116,0,0.8620689655172413%
117,0,0.8547008547008548%
118,0,0.847457627118644%
119,0,0.8403361344537815%
120,0,0.8333333333333334%
121,0,0.8264462809917356%
122,0,0.819672131147541%
123,0,0.8130081300813009%
124,0,0.8064516129032258%
125,0,0.8%
126,0,0.7936507936507936%
127,0,0.7874015748031495%
128,0,0.78125%
129,0,0.7751937984496124%
130,0,0.7692307692307693%
131,0,0.7633587786259541%
132,0,0.7575757575757576%
133,0,0.7518796992481203%
134,0,0.7462686567164178%
135,0,0.7407407407407408%
136,0,0.7352941176470588%
137,0,0.7299270072992701%
138,0,0.7246376811594203%
139,0,0.7194244604316548%
140,0,0.7142857142857143%
141,0,0.7092198581560284%
142,0,0.7042253521126761%
143,0,0.6993006993006993%
144,0,0.6944444444444444%
145,0,0.6896551724137931%
146,0,0.684931506849315%
147,0,0.6802721088435374%
148,0,0.6756756756756757%
149,0,0.6711409395973155%
150,0,0.6666666666666667%
151,0,0.6622516556291391%
152,0,0.6578947368421052%
153,0,0.6535947712418301%
154,0,0.6493506493506493%
155,0,0.6451612903225806%
156,0,0.641025641025641%
157,0,0.6369426751592357%
158,0,0.6329113924050633%
159,0,0.628930817610063%
160,0,0.625%
161,0,0.6211180124223602%
162,0,0.6172839506172839%
163,0,0.6134969325153374%
164,0,0.6097560975609756%
165,0,0.6060606060606061%
166,0,0.6024096385542169%
167,0,0.5988023952095809%
168,0,0.5952380952380952%
169,0,0.591715976331361%
170,0,0.5882352941176471%
171,0,0.5847953216374269%
172,0,0.5813953488372093%
173,0,0.5780346820809248%
174,0,0.5747126436781609%
175,0,0.5714285714285714%
176,0,0.5681818181818182%
177,0,0.5649717514124294%
178,0,0.5617977528089888%
179,0,0.5586592178770949%
180,0,0.5555555555555556%
181,0,0.5524861878453038%
182,0,0.5494505494505495%
183,0,0.546448087431694%
184,0,0.5434782608695652%
185,0,0.5405405405405406%
186,0,0.5376344086021506%
187,0,0.53475935828877%
188,0,0.5319148936170213%
189,0,0.5291005291005291%
190,0,0.5263157894736842%
191,0,0.5235602094240838%
192,0,0.5208333333333333%
193,0,0.5181347150259068%
194,0,0.5154639175257731%
195,0,0.5128205128205128%
196,0,0.5102040816326531%
197,0,0.5076142131979695%
198,0,0.5050505050505051%
199,0,0.5025125628140703%
200,0,0.5%
201,0,0.4975124378109453%
202,0,0.49504950495049505%
203,0,0.49261083743842365%
204,0,0.49019607843137253%
205,0,0.4878048780487805%
206,0,0.48543689320388345%
207,0,0.4830917874396135%
208,0,0.4807692307692308%
209,0,0.4784688995215311%
210,0,0.4761904761904762%
211,0,0.47393364928909953%
212,0,0.4716981132075472%
213,0,0.4694835680751174%
214,0,0.46728971962616817%
215,0,0.46511627906976744%
216,0,0.4629629629629629%
217,0,0.4608294930875576%
218,0,0.45871559633027525%
219,0,0.45662100456621%
220,0,0.45454545454545453%
221,0,0.4524886877828055%
222,0,0.45045045045045046%
223,0,0.4484304932735426%
224,0,0.4464285714285714%
225,0,0.4444444444444444%
226,0,0.4424778761061947%
227,0,0.4405286343612335%
228,0,0.43859649122807015%
229,0,0.43668122270742354%
230,0,0.43478260869565216%
231,0,0.4329004329004329%
232,0,0.43103448275862066%
233,0,0.4291845493562232%
234,0,0.4273504273504274%
235,0,0.425531914893617%
236,0,0.423728813559322%
237,0,0.42194092827004215%
238,0,0.42016806722689076%
239,0,0.41841004184100417%
240,0,0.4166666666666667%
241,0,0.4149377593360996%
242,0,0.4132231404958678%
243,0,0.411522633744856%
244,0,0.4098360655737705%
245,0,0.40816326530612246%
246,0,0.40650406504065045%
247,0,0.4048582995951417%
248,0,0.4032258064516129%
249,0,0.4016064257028112%
250,0,0.4%
251,0,0.398406374501992%
252,0,0.3968253968253968%
253,0,0.3952569169960474%
254,0,0.39370078740157477%
255,0,0.39215686274509803%
256,0,0.390625%
257,0,0.38910505836575876%
258,0,0.3875968992248062%
259,0,0.3861003861003861%
260,0,0.38461538461538464%
261,0,0.38314176245210724%
262,0,0.38167938931297707%
263,0,0.38022813688212925%
264,0,0.3787878787878788%
265,0,0.37735849056603776%
266,0,0.37593984962406013%
267,0,0.37453183520599254%
268,0,0.3731343283582089%
269,0,0.37174721189591076%
270,0,0.3703703703703704%
271,0,0.36900369003690037%
272,0,0.3676470588235294%
273,0,0.3663003663003663%
274,0,0.36496350364963503%
275,0,0.36363636363636365%
276,0,0.36231884057971014%
277,0,0.36101083032490977%
278,0,0.3597122302158274%
279,0,0.35842293906810035%
280,0,0.35714285714285715%
281,0,0.3558718861209964%
282,0,0.3546099290780142%
283,0,0.35335689045936397%
284,0,0.35211267605633806%
285,0,0.3508771929824561%
286,0,0.34965034965034963%
287,0,0.34843205574912894%
288,0,0.3472222222222222%
289,0,0.34602076124567477%
290,0,0.3448275862068966%
291,0,0.3436426116838488%
292,0,0.3424657534246575%
293,0,0.3412969283276451%
294,0,0.3401360544217687%
295,0,0.3389830508474576%
296,0,0.33783783783783783%
297,0,0.33670033670033667%
298,0,0.33557046979865773%
299,0,0.33444816053511706%
300,0,0.33333333333333337%
301,0,0.33222591362126247%
302,0,0.33112582781456956%
303,0,0.33003300330033003%
304,0,0.3289473684210526%
305,0,0.32786885245901637%
306,0,0.32679738562091504%
307,0,0.32573289902280134%
308,0,0.3246753246753247%
309,0,0.3236245954692557%
310,0,0.3225806451612903%
311,0,0.3215434083601286%
312,0,0.3205128205128205%
313,0,0.3194888178913738%
314,0,0.3184713375796179%
315,0,0.31746031746031744%
316,0,0.31645569620253167%
317,0,0.31545741324921134%
318,0,0.3144654088050315%
319,0,0.3134796238244514%
320,0,0.3125%
321,0,0.3115264797507788%
322,0,0.3105590062111801%
323,0,0.30959752321981426%
324,0,0.30864197530864196%
325,0,0.3076923076923077%
326,0,0.3067484662576687%
327,0,0.3058103975535168%
328,0,0.3048780487804878%
329,0,0.303951367781155%
330,0,0.30303030303030304%
331,0,0.3021148036253776%
332,0,0.30120481927710846%
333,0,0.3003003003003003%
334,0,0.29940119760479045%
335,0,0.2985074626865672%
336,0,0.2976190476190476%
337,0,0.2967359050445104%
338,0,0.2958579881656805%
339,0,0.2949852507374631%
340,0,0.29411764705882354%
341,0,0.2932551319648094%
342,0,0.29239766081871343%
343,0,0.2915451895043732%
344,0,0.29069767441860467%
345,0,0.2898550724637681%
346,0,0.2890173410404624%
347,0,0.2881844380403458%
348,0,0.28735632183908044%
349,0,0.28653295128939826%
350,0,0.2857142857142857%
351,0,0.2849002849002849%
352,0,0.2840909090909091%
353,0,0.28328611898017%
354,0,0.2824858757062147%
355,0,0.28169014084507044%
356,0,0.2808988764044944%
357,0,0.2801120448179272%
358,0,0.27932960893854747%
359,0,0.2785515320334262%
360,0,0.2777777777777778%
361,0,0.2770083102493075%
362,0,0.2762430939226519%
363,0,0.27548209366391185%
364,0,0.27472527472527475%
365,0,0.273972602739726%
366,0,0.273224043715847%
367,0,0.2724795640326975%
368,0,0.2717391304347826%
369,0,0.27100271002710025%
370,0,0.2702702702702703%
371,0,0.2695417789757413%
372,0,0.2688172043010753%
373,0,0.2680965147453083%
374,0,0.267379679144385%
375,0,0.26666666666666666%
376,0,0.26595744680851063%
377,0,0.2652519893899204%
378,0,0.26455026455026454%
379,0,0.2638522427440633%
380,0,0.2631578947368421%
381,0,0.26246719160104987%
382,0,0.2617801047120419%
383,0,0.26109660574412535%
384,0,0.26041666666666663%
385,0,0.2597402597402597%
386,0,0.2590673575129534%
387,0,0.2583979328165375%
388,0,0.25773195876288657%
389,0,0.2570694087403599%
390,0,0.2564102564102564%
391,0,0.2557544757033248%
392,0,0.25510204081632654%
393,0,0.2544529262086514%
394,0,0.25380710659898476%
395,0,0.25316455696202533%
396,0,0.25252525252525254%
397,0,0.2518891687657431%
398,1,0.5025125628140703%
399,1,0.7518796992481203%
400,0,0.75%
401,0,0.7481296758104738%
402,0,0.7462686567164178%
403,0,0.7444168734491315%
404,0,0.7425742574257426%
405,0,0.7407407407407408%
406,0,0.7389162561576355%
407,0,0.7371007371007371%
408,0,0.7352941176470588%
409,0,0.7334963325183375%
410,0,0.7317073170731708%
411,0,0.7299270072992701%
412,0,0.7281553398058253%
413,0,0.7263922518159807%
414,0,0.7246376811594203%
415,0,0.7228915662650602%
416,0,0.7211538461538461%
417,0,0.7194244604316548%
418,0,0.7177033492822966%
419,0,0.7159904534606205%
420,0,0.7142857142857143%
421,0,0.7125890736342043%
422,0,0.7109004739336493%
423,0,0.7092198581560284%
424,0,0.7075471698113208%
425,0,0.7058823529411765%
426,0,0.7042253521126761%
427,0,0.702576112412178%
428,0,0.7009345794392523%
429,0,0.6993006993006993%
430,0,0.6976744186046512%
431,0,0.6960556844547563%
432,0,0.6944444444444444%
433,0,0.6928406466512702%
434,0,0.6912442396313364%
435,0,0.6896551724137931%
436,0,0.6880733944954129%
437,0,0.6864988558352403%
438,0,0.684931506849315%
439,0,0.683371298405467%
440,0,0.6818181818181818%
441,0,0.6802721088435374%
442,0,0.6787330316742082%
443,0,0.6772009029345373%
444,0,0.6756756756756757%
445,0,0.6741573033707865%
446,0,0.672645739910314%
447,0,0.6711409395973155%
448,0,0.6696428571428571%
449,0,0.6681514476614699%
450,0,0.6666666666666667%
451,0,0.6651884700665188%
452,0,0.6637168141592921%
453,0,0.6622516556291391%
454,0,0.6607929515418502%
455,0,0.6593406593406593%
456,0,0.6578947368421052%
457,0,0.6564551422319475%
458,1,0.8733624454148471%
459,1,1.0893246187363834%
460,1,1.3043478260869565%
461,1,1.5184381778741864%
462,1,1.7316017316017316%
463,1,1.9438444924406046%
464,0,1.9396551724137931%
465,1,2.1505376344086025%
466,1,2.3605150214592276%
467,1,2.569593147751606%
468,1,2.7777777777777777%
469,0,2.771855010660981%
470,1,2.9787234042553195%
471,1,3.1847133757961785%
472,1,3.389830508474576%
473,0,3.382663847780127%
474,0,3.375527426160337%
475,0,3.3684210526315788%
476,0,3.361344537815126%
477,0,3.3542976939203357%
478,0,3.3472803347280333%
479,0,3.3402922755741122%
480,0,3.3333333333333335%
481,0,3.3264033264033266%
482,0,3.319502074688797%
483,0,3.3126293995859215%
484,0,3.3057851239669422%
485,0,3.2989690721649487%
486,0,3.292181069958848%
487,0,3.285420944558522%
488,0,3.278688524590164%
489,0,3.2719836400818%
490,0,3.2653061224489797%
491,0,3.2586558044806515%
492,0,3.2520325203252036%
493,0,3.2454361054766734%
494,0,3.2388663967611335%
495,0,3.2323232323232323%
496,0,3.225806451612903%
497,0,3.2193158953722336%
498,0,3.2128514056224895%
499,0,3.2064128256513023%
500,0,3.2%
501,0,3.1936127744510974%
502,0,3.187250996015936%
503,0,3.180914512922465%
504,0,3.1746031746031744%
505,0,3.1683168316831685%
506,0,3.1620553359683794%
507,0,3.155818540433925%
508,0,3.149606299212598%
509,0,3.143418467583497%
510,0,3.1372549019607843%
511,0,3.131115459882583%
512,0,3.125%
513,0,3.1189083820662766%
514,0,3.11284046692607%
515,0,3.1067961165048543%
516,0,3.10077519379845%
517,0,3.0947775628626695%
518,0,3.088803088803089%
519,0,3.0828516377649327%
520,0,3.076923076923077%
521,0,3.071017274472169%
522,0,3.065134099616858%
523,0,3.0592734225621414%
524,0,3.0534351145038165%
525,0,3.0476190476190474%
526,0,3.041825095057034%
527,0,3.0360531309297913%
528,0,3.0303030303030303%
529,0,3.0245746691871456%
530,0,3.018867924528302%
531,0,3.0131826741996233%
532,0,3.007518796992481%
533,0,3.0018761726078798%
534,0,2.9962546816479403%
535,0,2.990654205607477%
536,0,2.9850746268656714%
537,0,2.97951582867784%
538,0,2.973977695167286%
539,0,2.9684601113172544%
540,0,2.9629629629629632%
541,0,2.957486136783734%
542,0,2.952029520295203%
543,0,2.9465930018416207%
544,0,2.941176470588235%
545,0,2.9357798165137616%
546,0,2.93040293040293%
547,0,2.9250457038391224%
548,0,2.9197080291970803%
549,0,2.914389799635701%
550,0,2.909090909090909%
551,0,2.9038112522686026%
552,0,2.898550724637681%
553,0,2.8933092224231465%
554,0,2.888086642599278%
555,0,2.8828828828828827%
556,0,2.877697841726619%
557,0,2.872531418312388%
558,0,2.867383512544803%
559,0,2.862254025044723%
560,0,2.857142857142857%
561,0,2.8520499108734403%
562,0,2.8469750889679712%
563,0,2.841918294849023%
564,0,2.8368794326241136%
565,0,2.831858407079646%
566,0,2.8268551236749118%
567,0,2.821869488536155%
568,0,2.8169014084507045%
569,0,2.8119507908611596%
570,0,2.807017543859649%
571,0,2.8021015761821366%
572,0,2.797202797202797%
573,0,2.7923211169284468%
574,0,2.7874564459930316%
575,0,2.782608695652174%
576,0,2.7777777777777777%
577,0,2.772963604852686%
578,0,2.768166089965398%
579,0,2.763385146804836%
580,0,2.7586206896551726%
581,0,2.753872633390706%
582,0,2.7491408934707904%
583,0,2.7444253859348198%
584,0,2.73972602739726%
585,0,2.735042735042735%
586,0,2.7303754266211606%
587,0,2.72572402044293%
588,0,2.7210884353741496%
589,0,2.7164685908319184%
590,0,2.711864406779661%
591,0,2.707275803722504%
592,0,2.7027027027027026%
593,0,2.6981450252951094%
594,0,2.6936026936026933%
595,0,2.689075630252101%
596,0,2.684563758389262%
597,0,2.680067001675042%
598,0,2.6755852842809364%
599,0,2.671118530884808%
600,0,2.666666666666667%
601,0,2.6622296173044924%
602,0,2.6578073089700998%
603,0,2.6533996683250414%
604,0,2.6490066225165565%
605,0,2.644628099173554%
606,0,2.6402640264026402%
607,0,2.6359143327841847%
608,0,2.631578947368421%
609,0,2.6272577996715927%
610,0,2.622950819672131%
611,0,2.618657937806874%
612,0,2.6143790849673203%
613,0,2.6101141924959217%
614,0,2.6058631921824107%
615,0,2.6016260162601625%
616,0,2.5974025974025974%
617,0,2.593192868719611%
618,0,2.5889967637540456%
619,0,2.5848142164781907%
620,0,2.5806451612903225%
621,0,2.576489533011272%
622,0,2.572347266881029%
623,0,2.568218298555377%
624,0,2.564102564102564%
625,0,2.56%
626,0,2.5559105431309903%
627,0,2.5518341307814993%
628,0,2.547770700636943%
629,0,2.5437201907790143%
630,0,2.5396825396825395%
631,0,2.535657686212361%
632,0,2.5316455696202533%
633,0,2.527646129541864%
634,0,2.5236593059936907%
635,0,2.5196850393700787%
636,0,2.515723270440252%
637,0,2.511773940345369%
638,0,2.507836990595611%
639,0,2.503912363067293%
640,0,2.5%
641,0,2.49609984399376%
642,0,2.4922118380062304%
643,0,2.488335925349922%
644,0,2.484472049689441%
645,0,2.4806201550387597%
646,0,2.476780185758514%
647,0,2.472952086553323%
648,0,2.4691358024691357%
649,0,2.465331278890601%
650,0,2.4615384615384617%
651,0,2.457757296466974%
652,0,2.4539877300613497%
653,0,2.4502297090352223%
654,0,2.4464831804281344%
655,0,2.4427480916030535%
656,0,2.4390243902439024%
657,0,2.43531202435312%
658,0,2.43161094224924%
659,0,2.4279210925644916%
660,0,2.4242424242424243%
661,0,2.4205748865355523%
662,0,2.416918429003021%
663,0,2.413273001508296%
664,0,2.4096385542168677%
665,0,2.4060150375939853%
666,0,2.4024024024024024%
667,0,2.39880059970015%
668,0,2.3952095808383236%
669,0,2.391629297458894%
670,0,2.3880597014925375%
671,0,2.384500745156483%
672,0,2.380952380952381%
673,0,2.37741456166419%
674,0,2.3738872403560833%
675,0,2.3703703703703702%
676,0,2.366863905325444%
677,0,2.363367799113737%
678,0,2.359882005899705%
679,0,2.3564064801178204%
680,0,2.3529411764705883%
681,0,2.3494860499265786%
682,0,2.346041055718475%
683,0,2.342606149341142%
684,0,2.3391812865497075%
685,0,2.335766423357664%
686,0,2.3323615160349855%
687,0,2.3289665211062593%
688,0,2.3255813953488373%
689,0,2.3222060957910013%
690,0,2.318840579710145%
691,0,2.3154848046309695%
692,0,2.312138728323699%
693,0,2.3088023088023086%
694,0,2.3054755043227666%
695,0,2.302158273381295%
696,0,2.2988505747126435%
697,0,2.295552367288379%
698,0,2.292263610315186%
699,0,2.28898426323319%
700,0,2.2857142857142856%
701,0,2.282453637660485%
702,0,2.2792022792022792%
703,0,2.275960170697013%
704,0,2.272727272727273%
705,0,2.269503546099291%
706,0,2.26628895184136%
707,0,2.263083451202263%
708,0,2.2598870056497176%
709,0,2.2566995768688294%
710,0,2.2535211267605635%
711,1,2.390998593530239%
712,1,2.528089887640449%
713,1,2.664796633941094%
714,0,2.661064425770308%
715,1,2.797202797202797%
716,1,2.9329608938547485%
717,1,3.0683403068340307%
718,1,3.203342618384401%
719,0,3.1988873435326846%
720,0,3.194444444444444%
721,0,3.19001386962552%
722,0,3.1855955678670362%
723,0,3.18118948824343%
724,0,3.1767955801104977%
725,0,3.1724137931034484%
726,0,3.1680440771349865%
727,0,3.1636863823933976%
728,0,3.159340659340659%
729,0,3.155006858710562%
730,0,3.1506849315068495%
731,0,3.146374829001368%
732,0,3.1420765027322406%
733,0,3.1377899045020468%
734,0,3.1335149863760217%
735,0,3.1292517006802725%
736,0,3.125%
737,0,3.1207598371777476%
738,0,3.116531165311653%
739,0,3.1123139377537212%
740,0,3.1081081081081083%
741,0,3.1039136302294197%
742,0,3.0997304582210243%
743,0,3.095558546433378%
744,0,3.0913978494623655%
745,0,3.087248322147651%
746,0,3.0831099195710454%
747,0,3.0789825970548863%
748,1,3.2085561497326207%
749,1,3.337783711615487%
750,1,3.4666666666666663%
751,1,3.5952063914780292%
752,1,3.723404255319149%
753,1,3.851261620185923%
754,1,3.978779840848806%
755,1,4.105960264900662%
756,1,4.232804232804233%
757,1,4.359313077939234%
758,0,4.353562005277045%
759,1,4.479578392621871%
760,1,4.605263157894736%
761,1,4.730617608409987%
762,1,4.8556430446194225%
763,0,4.849279161205767%
764,0,4.842931937172775%
765,0,4.836601307189543%
766,0,4.830287206266318%
767,0,4.823989569752282%
768,0,4.817708333333334%
769,0,4.811443433029909%
770,0,4.805194805194805%
771,0,4.798962386511025%
772,0,4.792746113989637%
773,0,4.786545924967658%
774,0,4.7803617571059425%
775,0,4.774193548387097%
776,0,4.768041237113402%
777,0,4.761904761904762%
778,0,4.755784061696658%
779,0,4.7496790757381255%
780,0,4.743589743589744%
781,0,4.737516005121639%
782,0,4.731457800511509%
783,0,4.725415070242656%
784,0,4.719387755102041%
785,0,4.713375796178345%
786,0,4.707379134860051%
787,0,4.701397712833545%
788,0,4.695431472081219%
789,0,4.689480354879595%
790,0,4.6835443037974684%
791,0,4.677623261694058%
792,0,4.671717171717172%
793,0,4.665825977301387%
794,0,4.659949622166247%
795,0,4.654088050314465%
796,0,4.648241206030151%
797,0,4.642409033877039%
798,0,4.636591478696742%
799,0,4.630788485607009%
800,0,4.625%
801,0,4.619225967540574%
802,0,4.613466334164588%
803,0,4.60772104607721%
804,0,4.601990049751244%
805,0,4.596273291925466%
806,0,4.590570719602978%
807,0,4.584882280049566%
808,0,4.579207920792079%
809,0,4.573547589616811%
810,0,4.567901234567901%
811,1,4.68557336621455%
812,1,4.80295566502463%
813,0,4.797047970479705%
814,0,4.791154791154791%
815,0,4.785276073619632%
816,0,4.779411764705882%
817,0,4.773561811505508%
818,0,4.767726161369193%
819,0,4.761904761904762%
820,0,4.7560975609756095%
821,0,4.750304506699147%
822,0,4.744525547445255%
823,0,4.738760631834751%
824,0,4.733009708737864%
825,0,4.7272727272727275%
826,0,4.721549636803874%
827,0,4.71584038694075%
828,0,4.710144927536232%
829,0,4.704463208685163%
830,0,4.698795180722891%
831,0,4.693140794223827%
832,0,4.6875%
833,0,4.68187274909964%
834,0,4.676258992805756%
835,0,4.6706586826347305%
836,0,4.6650717703349285%
837,1,4.778972520908005%
838,0,4.77326968973747%
839,0,4.767580452920143%
840,0,4.761904761904762%
841,0,4.756242568370987%
842,0,4.750593824228028%
843,0,4.744958481613286%
844,0,4.739336492890995%
845,0,4.733727810650888%
846,0,4.7281323877068555%
847,0,4.7225501770956315%
848,0,4.716981132075472%
849,0,4.7114252061248525%
850,0,4.705882352941177%
851,0,4.700352526439483%
852,0,4.694835680751173%
853,0,4.6893317702227435%
854,0,4.683840749414521%
855,0,4.678362573099415%
856,0,4.672897196261682%
857,0,4.667444574095683%
858,0,4.662004662004662%
859,0,4.656577415599535%
860,0,4.651162790697675%
861,0,4.645760743321719%
862,0,4.640371229698376%
863,0,4.634994206257242%
864,0,4.62962962962963%
865,0,4.624277456647398%
866,0,4.618937644341801%
867,0,4.61361014994233%
868,0,4.6082949308755765%
869,0,4.602991944764097%
870,0,4.597701149425287%
871,0,4.5924225028702645%
872,0,4.587155963302752%
873,0,4.581901489117984%
874,0,4.576659038901601%
875,0,4.571428571428571%
876,0,4.5662100456621%
877,1,4.67502850627138%
878,0,4.669703872437358%
879,0,4.6643913538111486%
880,0,4.659090909090909%
881,0,4.6538024971623155%
882,0,4.648526077097506%
883,0,4.64326160815402%
884,0,4.638009049773756%
885,0,4.632768361581921%
886,0,4.6275395033860045%
887,0,4.6223224351747465%
888,0,4.617117117117117%
889,0,4.611923509561304%
890,0,4.606741573033708%
891,0,4.601571268237935%
892,0,4.596412556053812%
893,0,4.591265397536394%
894,0,4.586129753914989%
895,0,4.581005586592179%
896,0,4.575892857142857%
897,0,4.570791527313267%
898,0,4.565701559020044%
899,0,4.560622914349278%
900,0,4.555555555555555%
901,0,4.550499445061043%
902,0,4.545454545454546%
903,0,4.540420819490587%
904,0,4.535398230088496%
905,0,4.530386740331491%
906,0,4.525386313465784%
907,0,4.5203969128996695%
908,0,4.5154185022026425%
909,0,4.51045104510451%
910,0,4.5054945054945055%
911,0,4.500548847420418%
912,0,4.495614035087719%
913,0,4.490690032858708%
914,0,4.485776805251642%
915,0,4.480874316939891%
916,0,4.475982532751091%
917,0,4.471101417666303%
918,0,4.466230936819173%
919,0,4.461371055495103%
920,1,4.565217391304348%
921,1,4.668838219326819%
922,0,4.663774403470716%
923,0,4.658721560130011%
924,0,4.653679653679654%
925,0,4.648648648648648%
926,0,4.643628509719223%
927,0,4.638619201725998%
928,0,4.633620689655173%
929,0,4.628632938643703%
930,0,4.623655913978494%
931,0,4.618689581095596%
932,0,4.6137339055794%
933,0,4.608788853161844%
934,0,4.6038543897216275%
935,0,4.598930481283422%
936,0,4.594017094017095%
937,0,4.5891141942369265%
938,0,4.584221748400854%
939,0,4.579339723109691%
940,0,4.574468085106383%
941,0,4.569606801275238%
942,0,4.564755838641188%
943,0,4.559915164369035%
944,1,4.661016949152542%
945,1,4.761904761904762%
946,1,4.862579281183932%
947,1,4.963041182682154%
948,0,4.957805907172996%
949,0,4.952581664910432%
950,0,4.947368421052632%
951,0,4.942166140904311%
952,0,4.936974789915967%
953,0,4.931794333683106%
954,0,4.926624737945493%
955,0,4.9214659685863875%
956,0,4.916317991631799%
957,0,4.911180773249739%
958,0,4.906054279749479%
959,0,4.900938477580814%
960,0,4.895833333333333%
961,0,4.890738813735692%
962,0,4.885654885654886%
963,0,4.880581516095535%
964,0,4.875518672199171%
965,0,4.870466321243523%
966,0,4.865424430641822%
967,0,4.860392967942089%
968,0,4.855371900826446%
969,0,4.8503611971104235%
970,0,4.845360824742269%
971,0,4.840370751802266%
972,0,4.8353909465020575%
973,0,4.830421377183967%
974,0,4.825462012320329%
975,0,4.82051282051282%
976,0,4.815573770491803%
977,0,4.810644831115661%
978,0,4.805725971370143%
979,0,4.800817160367722%
980,0,4.795918367346939%
981,0,4.791029561671763%
982,0,4.786150712830957%
983,0,4.781281790437437%
984,0,4.776422764227642%
985,0,4.771573604060913%
986,0,4.766734279918864%
987,0,4.761904761904762%
988,0,4.757085020242915%
989,0,4.752275025278059%
990,0,4.747474747474747%
991,0,4.742684157416751%
992,0,4.737903225806452%
993,0,4.733131923464249%
994,0,4.7283702213279675%
995,0,4.723618090452261%
996,0,4.718875502008032%
997,0,4.714142427281845%
998,0,4.709418837675351%
999,0,4.704704704704705%
1000,0,4.7%
1001,0,4.695304695304695%
1002,0,4.69061876247505%
1003,0,4.685942173479561%
1004,0,4.681274900398407%
1005,0,4.676616915422885%
1006,0,4.671968190854871%
1007,0,4.667328699106256%
1008,0,4.662698412698413%
1009,0,4.658077304261645%
1010,0,4.653465346534653%
1011,0,4.648862512363996%
1012,0,4.644268774703558%
1013,0,4.639684106614018%
1014,0,4.6351084812623276%
1015,0,4.630541871921182%
1016,0,4.625984251968504%
1017,0,4.621435594886923%
1018,0,4.616895874263261%
1019,0,4.612365063788027%
1020,0,4.6078431372549025%
1021,0,4.603330068560235%
1022,0,4.598825831702544%
1023,0,4.594330400782014%
1024,0,4.58984375%
1025,0,4.585365853658536%
1026,0,4.580896686159844%
1027,0,4.576436222005842%
1028,0,4.571984435797665%
1029,0,4.56754130223518%
1030,0,4.563106796116505%
1031,0,4.558680892337536%
1032,0,4.554263565891473%
1033,0,4.549854791868345%
1034,0,4.545454545454546%
1035,0,4.541062801932367%
1036,0,4.536679536679537%
1037,0,4.532304725168756%
1038,0,4.527938342967245%
1039,0,4.523580365736285%
1040,0,4.519230769230769%
1041,0,4.514889529298751%
1042,0,4.5105566218809985%
1043,0,4.506232023010546%
1044,0,4.501915708812261%
1045,0,4.497607655502392%
1046,0,4.493307839388145%
1047,0,4.48901623686724%
1048,0,4.484732824427481%
1049,0,4.480457578646329%
1050,0,4.476190476190476%
1051,0,4.471931493815414%
1052,0,4.467680608365019%
1053,0,4.46343779677113%
1054,0,4.459203036053131%
1055,0,4.454976303317536%
1056,0,4.450757575757576%
1057,0,4.446546830652791%
1058,0,4.44234404536862%
1059,0,4.4381491973559966%
1060,0,4.433962264150943%
1061,0,4.429783223374175%
1062,0,4.425612052730696%
1063,0,4.421448730009407%
1064,0,4.417293233082707%
1065,0,4.413145539906103%
1066,0,4.409005628517824%
1067,0,4.404873477038426%
1068,0,4.400749063670412%
1069,0,4.396632366697848%
1070,0,4.392523364485982%
1071,0,4.3884220354808585%
1072,0,4.384328358208956%
1073,0,4.380242311276794%
1074,0,4.376163873370578%
1075,0,4.372093023255814%
1076,0,4.368029739776952%
1077,0,4.36397400185701%
1078,0,4.3599257884972165%
1079,0,4.355885078776645%
1080,0,4.351851851851852%
1081,0,4.3478260869565215%
1082,0,4.343807763401109%
1083,0,4.339796860572484%
1084,0,4.3357933579335795%
1085,0,4.331797235023042%
1086,0,4.327808471454881%
1087,0,4.323827046918123%
1088,0,4.31985294117647%
1089,0,4.315886134067952%
1090,0,4.3119266055045875%
1091,0,4.307974335472044%
1092,0,4.304029304029304%
1093,0,4.300091491308326%
1094,0,4.296160877513711%
1095,0,4.292237442922374%
1096,0,4.288321167883212%
1097,0,4.284412032816773%
1098,0,4.280510018214937%
1099,0,4.276615104640583%
1100,0,4.2727272727272725%
1101,0,4.268846503178928%
1102,0,4.26497277676951%
1103,0,4.2611060743427025%
1104,0,4.257246376811595%
1105,0,4.253393665158371%
1106,0,4.249547920433996%
1107,0,4.245709123757904%
1108,0,4.241877256317689%
1109,0,4.2380522993688015%
1110,0,4.234234234234234%
1111,0,4.23042304230423%
1112,0,4.226618705035971%
1113,0,4.22282120395328%
1114,0,4.21903052064632%
1115,0,4.2152466367713%
1116,0,4.211469534050179%
1117,0,4.207699194270368%
1118,0,4.203935599284437%
1119,0,4.20017873100983%
1120,0,4.196428571428571%
1121,0,4.192685102586976%
1122,0,4.188948306595366%
1123,0,4.1852181656277825%
1124,0,4.1814946619217075%
1125,0,4.177777777777777%
1126,0,4.174067495559503%
1127,0,4.17036379769299%
1128,0,4.166666666666666%
1129,0,4.162976085031001%
1130,0,4.15929203539823%
1131,0,4.155614500442087%
1132,0,4.151943462897526%
1133,0,4.148278905560459%
1134,0,4.144620811287478%
1135,0,4.140969162995595%
1136,0,4.137323943661972%
1137,0,4.133685136323659%
1138,0,4.130052724077329%
1139,0,4.1264266900790165%
1140,0,4.12280701754386%
1141,0,4.1191936897458366%
1142,0,4.115586690017513%
1143,0,4.111986001749781%
1144,0,4.108391608391608%
1145,0,4.104803493449782%
1146,0,4.101221640488656%
1147,0,4.097646033129904%
1148,0,4.094076655052264%
1149,0,4.090513489991297%
1150,0,4.08695652173913%
1151,0,4.083405734144222%
1152,0,4.079861111111112%
1153,0,4.076322636600174%
1154,0,4.072790294627383%
1155,0,4.069264069264069%
1156,0,4.065743944636678%
1157,0,4.062229904926534%
1158,0,4.058721934369603%
1159,0,4.055220017256255%
1160,0,4.051724137931034%
1161,0,4.04823428079242%
1162,0,4.044750430292599%
1163,0,4.041272570937231%
1164,0,4.037800687285223%
1165,0,4.034334763948498%
1166,1,4.1166380789022305%
1167,0,4.113110539845758%
1168,0,4.10958904109589%
1169,0,4.1060735671514115%
1170,0,4.102564102564102%
1171,0,4.0990606319385146%
1172,0,4.09556313993174%
1173,0,4.092071611253197%
1174,0,4.088586030664395%
1175,0,4.085106382978723%
1176,0,4.081632653061225%
1177,0,4.078164825828377%
1178,0,4.074702886247878%
1179,0,4.071246819338422%
1180,0,4.067796610169491%
1181,0,4.064352243861134%
1182,0,4.060913705583756%
1183,0,4.057480980557903%
1184,0,4.054054054054054%
1185,0,4.050632911392405%
1186,0,4.0472175379426645%
1187,0,4.043807919123841%
1188,0,4.040404040404041%
1189,0,4.037005887300253%
1190,0,4.033613445378151%
1191,0,4.030226700251889%
1192,0,4.026845637583892%
1193,0,4.0234702430846605%
1194,0,4.0201005025125625%
1195,0,4.01673640167364%
1196,0,4.013377926421405%
1197,0,4.010025062656641%
1198,0,4.006677796327212%
1199,0,4.0033361134278564%
1200,0,4.0%
1201,0,3.996669442131557%
1202,0,3.9933444259567388%
1203,0,3.99002493765586%
1204,0,3.9867109634551494%
1205,0,3.9834024896265556%
1206,0,3.9800995024875623%
1207,0,3.9768019884009944%
1208,0,3.9735099337748347%
1209,0,3.970223325062035%
1210,0,3.9669421487603307%
1211,0,3.963666391412056%
1212,0,3.9603960396039604%
1213,0,3.9571310799670236%
1214,0,3.9538714991762767%
1215,1,4.032921810699588%
1216,1,4.111842105263158%
1217,0,4.108463434675431%
1218,1,4.1871921182266005%
1219,0,4.1837571780147655%
1220,0,4.180327868852459%
1221,0,4.176904176904177%
1222,0,4.173486088379706%
1223,0,4.170073589533932%
1224,0,4.166666666666666%
1225,0,4.163265306122449%
1226,0,4.159869494290375%
1227,0,4.156479217603912%
1228,0,4.153094462540716%
1229,0,4.149715215622457%
1230,0,4.146341463414634%
1231,0,4.1429731925264015%
1232,0,4.1396103896103895%
1233,0,4.13625304136253%
1234,0,4.13290113452188%
1235,0,4.129554655870446%
1236,0,4.12621359223301%
1237,0,4.12287793047696%
1238,0,4.119547657512116%
1239,0,4.116222760290557%
1240,0,4.112903225806452%
1241,0,4.10958904109589%
1242,0,4.1062801932367154%
1243,0,4.102976669348351%
1244,0,4.09967845659164%
1245,0,4.096385542168675%
1246,0,4.093097913322633%
1247,0,4.0898155573376105%
1248,0,4.086538461538462%
1249,0,4.083266613290633%
1250,0,4.08%
1251,0,4.07673860911271%
1252,0,4.073482428115016%
1253,0,4.07023144453312%
1254,0,4.0669856459330145%
1255,0,4.063745019920319%
1256,0,4.060509554140127%
1257,0,4.05727923627685%
1258,0,4.054054054054054%
1259,0,4.0508339952343135%
1260,0,4.0476190476190474%
1261,0,4.044409199048374%
1262,0,4.0412044374009515%
1263,0,4.038004750593824%
1264,0,4.034810126582278%
1265,0,4.0316205533596845%
1266,0,4.028436018957346%
1267,0,4.025256511444357%
1268,0,4.022082018927445%
1269,0,4.0189125295508275%
1270,0,4.015748031496063%
1271,0,4.012588512981904%
1272,0,4.009433962264151%
1273,0,4.006284367635507%
1274,0,4.003139717425432%
1275,0,4.0%
1276,0,3.9968652037617556%
1277,0,3.9937353171495693%
1278,0,3.9906103286384975%
1279,0,3.98749022673964%
1280,0,3.9843749999999996%
1281,0,3.9812646370023423%
1282,0,3.978159126365054%
1283,0,3.975058456742011%
1284,0,3.9719626168224296%
1285,0,3.968871595330739%
1286,0,3.9657853810264383%
1287,0,3.9627039627039626%
1288,0,3.9596273291925463%
1289,0,3.95655546935609%
1290,0,3.953488372093023%
1291,0,3.9504260263361735%
1292,0,3.9473684210526314%
1293,0,3.944315545243619%
1294,0,3.9412673879443583%
1295,0,3.9382239382239383%
1296,0,3.935185185185185%
1297,0,3.932151117964534%
1298,0,3.9291217257318953%
1299,0,3.9260969976905313%
1300,0,3.923076923076923%
1301,0,3.920061491160646%
1302,0,3.9170506912442393%
1303,0,3.9140445126630854%
1304,0,3.9110429447852764%
1305,0,3.9080459770114944%
1306,0,3.9050535987748853%
1307,0,3.9020657995409334%
1308,0,3.89908256880734%
1309,0,3.896103896103896%
1310,0,3.8931297709923665%
1311,0,3.8901601830663615%
1312,0,3.8871951219512195%
1313,0,3.884234577303884%
1314,0,3.881278538812785%
1315,0,3.878326996197719%
1316,0,3.875379939209726%
1317,0,3.8724373576309796%
1318,0,3.8694992412746583%
1319,0,3.8665655799848366%
1320,0,3.8636363636363633%
1321,0,3.860711582134747%
1322,0,3.8577912254160367%
1323,0,3.8548752834467117%
1324,0,3.8519637462235647%
1325,0,3.8490566037735845%
1326,0,3.8461538461538463%
1327,0,3.8432554634513942%
1328,0,3.8403614457831323%
1329,0,3.837471783295711%
1330,0,3.8345864661654137%
1331,0,3.831705484598046%
1332,0,3.8288288288288284%
1333,0,3.8259564891222806%
1334,0,3.823088455772114%
1335,0,3.8202247191011236%
1336,0,3.817365269461078%
1337,0,3.8145100972326103%
1338,0,3.811659192825112%
1339,0,3.8088125466766245%
1340,0,3.805970149253731%
1341,0,3.803131991051454%
1342,0,3.8002980625931446%
1343,0,3.79746835443038%
1344,0,3.7946428571428568%
1345,0,3.7918215613382897%
1346,0,3.789004457652303%
1347,0,3.78619153674833%
1348,0,3.783382789317508%
1349,0,3.7805782060785766%
1350,0,3.7777777777777777%
1351,0,3.774981495188749%
1352,0,3.772189349112426%
1353,0,3.7694013303769403%
1354,0,3.766617429837518%
1355,0,3.7638376383763834%
1356,0,3.761061946902655%
1357,0,3.758290346352248%
1358,0,3.755522827687776%
1359,0,3.7527593818984544%
1360,0,3.75%
1361,0,3.7472446730345332%
1362,0,3.7444933920704844%
1363,0,3.7417461482024947%
1364,0,3.73900293255132%
1365,0,3.7362637362637363%
1366,0,3.733528550512445%
1367,0,3.730797366495977%
1368,0,3.7280701754385963%
1369,0,3.7253469685902116%
1370,0,3.722627737226277%
1371,0,3.7199124726477026%
1372,0,3.717201166180758%
1373,0,3.7144938091769846%
1374,0,3.711790393013101%
1375,0,3.709090909090909%
1376,0,3.7063953488372094%
1377,0,3.7037037037037033%
1378,0,3.7010159651669086%
1379,0,3.698332124728064%
1380,0,3.6956521739130435%
1381,0,3.692976104272266%
1382,0,3.6903039073806077%
1383,0,3.68763557483731%
1384,0,3.6849710982658963%
1385,0,3.68231046931408%
1386,0,3.67965367965368%
1387,0,3.6770007209805335%
1388,0,3.674351585014409%
1389,0,3.6717062634989204%
1390,0,3.6690647482014387%
1391,0,3.6664270309130123%
1392,0,3.6637931034482754%
1393,0,3.6611629576453697%
1394,0,3.6585365853658534%
1395,0,3.655913978494624%
1396,0,3.6532951289398286%
1397,0,3.650680028632784%
1398,0,3.648068669527897%
1399,0,3.6454610436025736%
1400,0,3.642857142857143%
1401,0,3.640256959314775%
1402,0,3.637660485021398%
1403,0,3.6350677120456165%
1404,0,3.632478632478633%
1405,0,3.6298932384341636%
1406,0,3.627311522048364%
1407,0,3.624733475479744%
1408,0,3.6221590909090913%
1409,0,3.61958836053939%
1410,0,3.6170212765957444%
1411,0,3.614457831325301%
1412,0,3.6118980169971673%
1413,0,3.6093418259023355%
1414,0,3.606789250353607%
1415,0,3.604240282685512%
1416,0,3.6016949152542375%
1417,0,3.5991531404375445%
1418,0,3.596614950634697%
1419,0,3.5940803382663846%
1420,0,3.591549295774648%
1421,0,3.589021815622801%
1422,0,3.5864978902953584%
1423,0,3.5839775122979622%
1424,0,3.581460674157303%
1425,0,3.578947368421052%
1426,0,3.576437587657784%
1427,0,3.5739313244569026%
1428,0,3.571428571428571%
1429,0,3.568929321203639%
1430,0,3.5664335664335662%
1431,0,3.563941299790356%
1432,0,3.56145251396648%
1433,0,3.558967201674808%
1434,0,3.556485355648536%
1435,0,3.554006968641115%
1436,0,3.5515320334261835%
1437,0,3.549060542797495%
1438,1,3.616133518776078%
1439,0,3.6136205698401667%
1440,0,3.6111111111111107%
1441,0,3.608605135322693%
1442,0,3.6061026352288486%
1443,0,3.6036036036036037%
1444,0,3.6011080332409975%
1445,0,3.598615916955018%
1446,0,3.5961272475795294%
1447,0,3.59364201796821%
1448,0,3.591160220994475%
1449,0,3.5886818495514143%
1450,0,3.5862068965517238%
1451,0,3.5837353549276365%
1452,0,3.581267217630854%
1453,0,3.5788024776324847%
1454,0,3.576341127922971%
1455,0,3.5738831615120272%
1456,0,3.571428571428571%
1457,0,3.568977350720659%
1458,0,3.5665294924554183%
1459,0,3.564084989718986%
1460,0,3.5616438356164384%
1461,0,3.5592060232717317%
1462,0,3.556771545827633%
1463,0,3.55434039644566%
1464,0,3.551912568306011%
1465,0,3.549488054607509%
1466,0,3.547066848567531%
1467,0,3.54464894342195%
1468,0,3.5422343324250685%
1469,0,3.5398230088495577%
1470,0,3.537414965986395%
1471,0,3.5350101971447994%
1472,0,3.532608695652174%
1473,0,3.5302104548540396%
1474,0,3.5278154681139755%
1475,0,3.5254237288135593%
1476,0,3.523035230352303%
1477,0,3.5206499661475967%
1478,0,3.5182679296346415%
1479,0,3.515889114266396%
1480,0,3.5135135135135136%
1481,0,3.5111411208642807%
1482,0,3.508771929824561%
1483,0,3.5064059339177343%
1484,0,3.5040431266846364%
1485,0,3.5016835016835017%
1486,0,3.4993270524899054%
1487,0,3.496973772696705%
1488,0,3.494623655913978%
1489,0,3.4922766957689726%
1490,0,3.48993288590604%
1491,0,3.4875922199865865%
1492,0,3.485254691689008%
1493,0,3.4829202947086406%
1494,0,3.4805890227576977%
1495,0,3.4782608695652173%
1496,0,3.4759358288770055%
1497,0,3.473613894455578%
1498,0,3.4712950600801067%
1499,0,3.468979319546364%
1500,0,3.4666666666666663%
1501,0,3.46435709526982%
1502,0,3.462050599201065%
1503,0,3.4597471723220226%
1504,0,3.4574468085106385%
1505,0,3.4551495016611296%
1506,0,3.4528552456839305%
1507,0,3.4505640345056405%
1508,0,3.4482758620689653%
1509,0,3.445990722332671%
1510,0,3.443708609271523%
1511,0,3.441429516876241%
1512,0,3.439153439153439%
1513,0,3.4368803701255786%
1514,0,3.4346103038309117%
1515,0,3.4323432343234326%
1516,0,3.430079155672823%
1517,0,3.4278180619644036%
1518,0,3.4255599472990776%
1519,0,3.423304805793285%
1520,0,3.421052631578948%
1521,0,3.418803418803419%
1522,0,3.416557161629435%
1523,0,3.4143138542350626%
1524,0,3.4120734908136483%
1525,0,3.4098360655737707%
1526,0,3.4076015727391877%
1527,0,3.4053700065487886%
1528,0,3.4031413612565444%
1529,0,3.4009156311314586%
1530,0,3.3986928104575163%
1531,0,3.3964728935336383%
1532,0,3.3942558746736298%
1533,0,3.3920417482061316%
1534,0,3.389830508474576%
1535,0,3.3876221498371337%
1536,0,3.3854166666666665%
1537,0,3.383214053350683%
1538,0,3.3810143042912877%
1539,0,3.378817413905133%
1540,0,3.3766233766233764%
1541,0,3.3744321868916285%
1542,0,3.372243839169909%
1543,0,3.3700583279325986%
1544,0,3.3678756476683938%
1545,0,3.3656957928802593%
1546,0,3.363518758085381%
1547,0,3.361344537815126%
1548,0,3.359173126614987%
1549,0,3.357004519044545%
1550,0,3.354838709677419%
1551,0,3.352675693101225%
1552,0,3.350515463917526%
1553,0,3.34835801674179%
1554,0,3.346203346203346%
1555,0,3.3440514469453375%
1556,0,3.3419023136246784%
1557,0,3.339755940912011%
1558,0,3.3376123234916557%
1559,0,3.3354714560615775%
1560,0,3.3333333333333335%
1561,0,3.3311979500320303%
1562,0,3.329065300896287%
1563,0,3.326935380678183%
1564,0,3.324808184143223%
1565,0,3.3226837060702876%
1566,0,3.3205619412515963%
1567,0,3.318442884492661%
1568,0,3.316326530612245%
1569,0,3.31421287444232%
1570,0,3.3121019108280256%
1571,0,3.3099936346276255%
1572,0,3.307888040712468%
1573,0,3.3057851239669422%
1574,0,3.303684879288437%
1575,0,3.301587301587302%
1576,0,3.2994923857868024%
1577,0,3.2974001268230815%
1578,0,3.2953105196451205%
1579,0,3.2932235592146926%
1580,0,3.2911392405063293%
1581,0,3.289057558507274%
1582,0,3.286978508217446%
1583,0,3.2849020846494%
1584,0,3.2828282828282833%
1585,0,3.2807570977917986%
1586,0,3.278688524590164%
1587,0,3.276622558286074%
1588,0,3.27455919395466%
1589,0,3.2724984266834483%
1590,0,3.270440251572327%
1591,0,3.268384663733501%
1592,0,3.2663316582914574%
1593,0,3.264281230382925%
1594,0,3.262233375156838%
1595,0,3.260188087774295%
1596,0,3.258145363408521%
1597,0,3.2561051972448336%
1598,0,3.254067584480601%
1599,0,3.2520325203252036%
1600,0,3.25%
1601,0,3.2479700187382887%
1602,0,3.245942571785269%
1603,0,3.2439176543980035%
1604,0,3.2418952618453867%
1605,0,3.2398753894081%
1606,0,3.23785803237858%
1607,0,3.2358431860609835%
1608,0,3.233830845771144%
1609,0,3.2318210068365447%
1610,0,3.229813664596273%
1611,0,3.2278088144009933%
1612,0,3.225806451612903%
1613,0,3.223806571605704%
1614,0,3.2218091697645597%
1615,0,3.219814241486068%
1616,1,3.2797029702970297%
1617,0,3.277674706246135%
1618,1,3.3374536464771323%
1619,1,3.3971587399629404%
1620,0,3.3950617283950617%
1621,0,3.3929673041332507%
1622,0,3.390875462392109%
1623,0,3.3887861983980283%
1624,0,3.386699507389163%
1625,0,3.3846153846153846%
1626,0,3.3825338253382533%
1627,0,3.380454824830977%
1628,0,3.3783783783783785%
1629,0,3.376304481276857%
1630,0,3.374233128834356%
1631,0,3.3721643163703248%
1632,0,3.3700980392156863%
1633,0,3.3680342927127986%
1634,0,3.3659730722154224%
1635,0,3.3639143730886847%
1636,0,3.3618581907090466%
1637,0,3.3598045204642637%
1638,0,3.357753357753358%
1639,0,3.3557046979865772%
1640,0,3.353658536585366%
1641,0,3.3516148689823275%
1642,0,3.3495736906211935%
1643,0,3.3475349969567865%
1644,0,3.345498783454988%
1645,0,3.343465045592705%
1646,0,3.341433778857837%
1647,0,3.3394049787492412%
1648,0,3.337378640776699%
1649,0,3.3353547604608855%
1650,0,3.3333333333333335%
1651,0,3.3313143549364024%
1652,0,3.3292978208232444%
1653,0,3.327283726557774%
1654,0,3.3252720677146312%
1655,0,3.3232628398791544%
1656,0,3.321256038647343%
1657,0,3.31925165962583%
1658,0,3.3172496984318456%
1659,0,3.3152501506931884%
1660,0,3.313253012048193%
1661,0,3.3112582781456954%
1662,0,3.309265944645006%
1663,0,3.307276007215875%
1664,0,3.3052884615384617%
1665,0,3.303303303303303%
1666,0,3.3013205282112845%
1667,0,3.2993401319736058%
1668,0,3.297362110311751%
1669,0,3.2953864589574597%
1670,0,3.293413173652695%
1671,0,3.291442250149611%
1672,0,3.289473684210526%
1673,0,3.2875074716078903%
1674,0,3.2855436081242537%
1675,0,3.2835820895522385%
1676,0,3.281622911694511%
1677,0,3.2796660703637444%
1678,0,3.2777115613825987%
1679,0,3.275759380583681%
1680,0,3.273809523809524%
1681,0,3.271861986912552%
1682,0,3.2699167657550534%
1683,0,3.2679738562091507%
1684,0,3.2660332541567696%
1685,0,3.2640949554896146%
1686,0,3.262158956109134%
1687,0,3.260225251926497%
1688,0,3.2582938388625595%
1689,0,3.256364712847839%
1690,0,3.2544378698224854%
1691,0,3.252513305736251%
1692,0,3.250591016548463%
1693,0,3.2486709982279973%
1694,0,3.2467532467532463%
1695,0,3.2448377581120944%
1696,0,3.2429245283018866%
1697,0,3.2410135533294047%
1698,0,3.239104829210836%
1699,0,3.2371983519717484%
1700,0,3.2352941176470593%
1701,0,3.2333921222810114%
1702,0,3.231492361927144%
1703,0,3.2295948326482677%
1704,0,3.227699530516432%
1705,0,3.225806451612903%
1706,0,3.2239155920281357%
1707,0,3.222026947861746%
1708,0,3.2201405152224827%
1709,0,3.218256290228204%
1710,0,3.216374269005848%
1711,0,3.2144944476914086%
1712,0,3.212616822429906%
1713,0,3.210741389375365%
1714,0,3.208868144690782%
1715,0,3.206997084548105%
1716,0,3.205128205128205%
1717,0,3.20326150262085%
1718,0,3.2013969732246803%
1719,0,3.1995346131471787%
1720,0,3.1976744186046515%
1721,0,3.195816385822196%
1722,0,3.1939605110336817%
1723,0,3.1921067904817177%
1724,0,3.1902552204176335%
1725,0,3.1884057971014492%
1726,0,3.186558516801854%
1727,0,3.1847133757961785%
1728,0,3.1828703703703707%
1729,0,3.1810294968189705%
1730,0,3.1791907514450863%
1731,0,3.17735413056037%
1732,0,3.1755196304849886%
1733,0,3.1736872475476052%
1734,0,3.1718569780853514%
1735,0,3.170028818443804%
1736,0,3.1682027649769586%
1737,0,3.166378814047208%
1738,0,3.1645569620253164%
1739,0,3.1627372052903966%
1740,0,3.1609195402298855%
1741,0,3.159103963239517%
1742,0,3.1572904707233063%
1743,0,3.155479059093517%
1744,0,3.153669724770642%
1745,0,3.151862464183381%
1746,0,3.150057273768614%
1747,0,3.1482541499713794%
1748,0,3.1464530892448517%
1749,0,3.1446540880503147%
1750,0,3.1428571428571432%
1751,0,3.141062250142775%
1752,0,3.139269406392694%
1753,0,3.137478608100399%
1754,0,3.1356898517673892%
1755,0,3.133903133903134%
1756,0,3.1321184510250575%
1757,0,3.130335799658509%
1758,0,3.128555176336746%
1759,0,3.1267765776009093%
1760,0,3.125%
1761,0,3.1232254400908577%
1762,0,3.1214528944381383%
1763,0,3.119682359614294%
1764,0,3.1179138321995463%
1765,0,3.1161473087818696%
1766,0,3.1143827859569653%
1767,0,3.11262026032824%
1768,0,3.1108597285067874%
1769,0,3.1091011871113623%
1770,0,3.1073446327683616%
1771,0,3.1055900621118013%
1772,0,3.1038374717832955%
1773,0,3.102086858432036%
1774,0,3.100338218714769%
1775,0,3.0985915492957745%
1776,0,3.0968468468468466%
1777,0,3.0951041080472708%
1778,0,3.093363329583802%
1779,0,3.0916245081506464%
1780,0,3.089887640449438%
1781,0,3.0881527231892196%
1782,0,3.0864197530864197%
1783,0,3.084688726864835%
1784,0,3.0829596412556053%
1785,0,3.081232492997199%
1786,0,3.0795072788353863%
1787,0,3.077783995523223%
1788,0,3.076062639821029%
1789,0,3.0743432084963667%
1790,0,3.072625698324022%
1791,0,3.0709101060859854%
1792,0,3.0691964285714284%
1793,0,3.067484662576687%
1794,0,3.0657748049052396%
1795,0,3.064066852367688%
1796,0,3.0623608017817374%
1797,0,3.060656649972176%
1798,0,3.0589543937708563%
1799,0,3.0572540300166757%
1800,0,3.0555555555555554%
1801,0,3.053858967240422%
1802,0,3.0521642619311873%
1803,0,3.050471436494731%
1804,0,3.048780487804878%
1805,0,3.0470914127423825%
1806,0,3.0454042081949058%
1807,0,3.0437188710570005%
1808,0,3.0420353982300883%
1809,0,3.0403537866224433%
1810,0,3.0386740331491713%
1811,0,3.0369961347321923%
1812,0,3.0353200883002205%
1813,0,3.033645890788748%
1814,0,3.031973539140022%
1815,0,3.0303030303030303%
1816,0,3.0286343612334803%
1817,0,3.026967528893781%
1818,0,3.0253025302530254%
1819,0,3.023639362286971%
1820,0,3.021978021978022%
1821,0,3.0203185063152116%
1822,0,3.0186608122941823%
1823,0,3.017004936917169%
1824,0,3.0153508771929824%
1825,0,3.0136986301369864%
1826,0,3.0120481927710845%
1827,0,3.0103995621237%
1828,0,3.008752735229759%
1829,0,3.0071077091306724%
1830,0,3.0054644808743167%
1831,0,3.003823047515019%
1832,0,3.002183406113537%
1833,0,3.000545553737043%
1834,0,2.998909487459106%
1835,0,2.997275204359673%
1836,0,2.9956427015250546%
1837,0,2.9940119760479043%
1838,0,2.992383025027203%
1839,0,2.990755845568244%
1840,0,2.989130434782609%
1841,0,2.9875067897881586%
1842,0,2.985884907709012%
1843,0,2.984264785675529%
1844,0,2.9826464208242953%
1845,0,2.9810298102981028%
1846,0,2.9794149512459374%
1847,0,2.977801840822956%
1848,0,2.976190476190476%
1849,1,3.028664142779881%
1850,1,3.081081081081081%
1851,1,3.1334413830361965%
1852,1,3.185745140388769%
1853,0,3.184025903939557%
1854,1,3.2362459546925564%
1855,1,3.288409703504043%
1856,1,3.34051724137931%
1857,1,3.392568659127625%
1858,1,3.4445640473627552%
1859,1,3.4965034965034967%
1860,0,3.494623655913978%
1861,1,3.5464803868887693%
1862,1,3.5982814178302904%
1863,1,3.6500268384326358%
1864,1,3.7017167381974247%
1865,1,3.753351206434316%
1866,0,3.751339764201501%
1867,0,3.7493304767005893%
1868,0,3.747323340471092%
1869,0,3.7453183520599254%
1870,0,3.7433155080213902%
1871,0,3.741314804917156%
1872,0,3.7393162393162394%
1873,0,3.737319807794982%
1874,0,3.7353255069370332%
1875,0,3.733333333333334%
1876,0,3.731343283582089%
1877,0,3.7293553542887588%
1878,0,3.727369542066028%
1879,0,3.7253858435337945%
1880,0,3.723404255319149%
1881,0,3.721424774056353%
1882,0,3.7194473963868226%
1883,0,3.717472118959108%
1884,0,3.715498938428875%
1885,0,3.7135278514588856%
1886,0,3.711558854718982%
1887,0,3.709591944886063%
1888,0,3.7076271186440675%
1889,0,3.7056643726839598%
1890,0,3.7037037037037033%
1891,0,3.7017451084082498%
1892,0,3.699788583509514%
1893,0,3.6978341257263603%
1894,0,3.695881731784583%
1895,0,3.6939313984168867%
1896,0,3.691983122362869%
1897,0,3.6900369003690034%
1898,0,3.68809272918862%
1899,0,3.686150605581885%
1900,0,3.684210526315789%
1901,0,3.682272488164124%
1902,0,3.680336487907466%
1903,0,3.6784025223331582%
1904,0,3.6764705882352944%
1905,0,3.674540682414698%
1906,0,3.6726128016789086%
1907,0,3.6706869428421607%
1908,0,3.668763102725367%
1909,0,3.666841278156103%
1910,0,3.664921465968586%
1911,0,3.6630036630036633%
1912,0,3.6610878661087867%
1913,0,3.659174072138003%
1914,0,3.657262277951933%
1915,0,3.6553524804177546%
1916,0,3.653444676409186%
1917,0,3.6515388628064684%
1918,0,3.64963503649635%
1919,0,3.6477331943720688%
1920,0,3.6458333333333335%
1921,0,3.643935450286309%
1922,0,3.6420395421436007%
1923,0,3.6401456058242325%
1924,0,3.6382536382536386%
1925,0,3.6363636363636362%
1926,0,3.6344755970924196%
1927,0,3.632589517384536%
1928,0,3.630705394190872%
1929,0,3.6288232244686367%
1930,0,3.6269430051813467%
1931,0,3.6250647332988093%
1932,0,3.6231884057971016%
1933,0,3.6213140196585623%
1934,0,3.6194415718717683%
1935,0,3.6175710594315245%
1936,0,3.6157024793388426%
1937,0,3.6138358286009296%
1938,0,3.611971104231166%
1939,0,3.6101083032490973%
1940,0,3.608247422680412%
1941,0,3.6063884595569293%
1942,0,3.604531410916581%
1943,0,3.602676273803397%
1944,0,3.60082304526749%
1945,0,3.5989717223650386%
1946,0,3.597122302158273%
1947,0,3.5952747817154593%
1948,0,3.5934291581108826%
1949,1,3.642893791688045%
1950,1,3.6923076923076925%
1951,0,3.690415171706817%
1952,0,3.6885245901639343%
1953,1,3.7378392217101895%
1954,1,3.7871033776867966%
1955,1,3.8363171355498724%
1956,0,3.834355828220859%
1957,1,3.8834951456310676%
1958,1,3.932584269662921%
1959,1,3.9816232771822357%
1960,1,4.030612244897959%
1961,1,4.07955124936257%
1962,1,4.128440366972478%
1963,1,4.177279673968416%
1964,1,4.226069246435845%
1965,0,4.223918575063614%
1966,0,4.22177009155646%
1967,0,4.219623792577529%
1968,0,4.217479674796748%
1969,0,4.215337734890808%
1970,0,4.213197969543147%
1971,0,4.211060375443937%
1972,0,4.208924949290061%
1973,0,4.206791687785099%
1974,0,4.204660587639311%
1975,0,4.2025316455696204%
1976,0,4.200404858299596%
1977,0,4.198280222559434%
1978,0,4.196157735085945%
1979,0,4.194037392622536%
1980,0,4.191919191919192%
1981,0,4.189803129732458%
1982,0,4.187689202825428%
1983,0,4.185577407967726%
1984,0,4.183467741935484%
1985,0,4.181360201511335%
1986,0,4.1792547834843905%
1987,0,4.177151484650227%
1988,0,4.175050301810866%
1989,0,4.172951231774761%
1990,0,4.1708542713567835%
1991,0,4.168759417378202%
1992,0,4.166666666666666%
1993,0,4.164576016056197%
1994,0,4.162487462387161%
1995,0,4.160401002506266%
1996,0,4.158316633266533%
1997,0,4.156234351527291%
1998,0,4.1541541541541545%
1999,0,4.15207603801901%
2000,0,4.15%
2001,0,4.147926036981509%
2002,0,4.145854145854146%
2003,0,4.143784323514728%
2004,0,4.141716566866267%
2005,0,4.139650872817955%
2006,0,4.137587238285144%
2007,0,4.135525660189337%
2008,0,4.133466135458167%
2009,0,4.131408661025385%
2010,0,4.129353233830846%
2011,0,4.127299850820487%
2012,0,4.1252485089463224%
2013,0,4.123199205166419%
2014,0,4.121151936444885%
2015,0,4.11910669975186%
2016,0,4.117063492063492%
2017,0,4.1150223103619235%
2018,0,4.112983151635283%
2019,0,4.110946012877662%
2020,0,4.108910891089109%
2021,0,4.106877783275606%
2022,0,4.1048466864490605%
2023,0,4.102817597627286%
2024,0,4.100790513833992%
2025,0,4.098765432098765%
2026,0,4.096742349457058%
2027,0,4.094721262950173%
2028,0,4.092702169625246%
2029,0,4.090685066535239%
2030,0,4.088669950738916%
2031,0,4.0866568193008375%
2032,0,4.084645669291338%
2033,0,4.082636497786522%
2034,0,4.08062930186824%
2035,0,4.078624078624079%
2036,1,4.12573673870334%
2037,0,4.123711340206185%
2038,0,4.121687929342492%
2039,0,4.119666503187837%
2040,0,4.117647058823529%
2041,0,4.1156295933366%
2042,0,4.113614103819784%
2043,0,4.1116005873715125%
2044,0,4.10958904109589%
2045,0,4.10757946210269%
2046,0,4.105571847507331%
2047,0,4.103566194430874%
2048,0,4.1015625%
2049,0,4.099560761346998%
2050,0,4.097560975609756%
2051,0,4.09556313993174%
2052,0,4.093567251461988%
2053,0,4.09157330735509%
2054,0,4.089581304771178%
2055,0,4.087591240875913%
2056,0,4.085603112840467%
2057,0,4.083616917841517%
2058,0,4.081632653061225%
2059,0,4.079650315687227%
2060,0,4.077669902912621%
2061,1,4.124211547792333%
2062,1,4.1707080504364695%
2063,1,4.217159476490548%
2064,1,4.263565891472868%
2065,0,4.261501210653753%
2066,0,4.259438528557599%
2067,0,4.2573778422835025%
2068,0,4.25531914893617%
2069,0,4.253262445625906%
2070,0,4.251207729468599%
2071,1,4.297440849830999%
2072,1,4.343629343629344%
2073,1,4.389773275446213%
2074,1,4.435872709739633%
2075,1,4.481927710843373%
2076,1,4.527938342967245%
2077,1,4.5739046701973995%
2078,1,4.619826756496631%
2079,1,4.6657046657046655%
2080,1,4.711538461538462%
2081,0,4.709274387313791%
2082,1,4.755043227665706%
2083,0,4.752760441670667%
2084,1,4.798464491362764%
2085,1,4.844124700239808%
2086,1,4.88974113135187%
2087,1,4.935313847628174%
2088,1,4.980842911877394%
2089,1,5.026328386787937%
2090,1,5.071770334928229%
2091,1,5.117168818747011%
2092,1,5.162523900573614%
2093,1,5.207835642618251%
2094,1,5.253104106972302%
2095,0,5.250596658711217%
2096,1,5.295801526717557%
2097,1,5.340963280877444%
2098,1,5.386081982840801%
2099,1,5.431157694140067%
2100,1,5.476190476190476%
2101,1,5.521180390290338%
2102,1,5.566127497621313%
2103,1,5.611031859248692%
2104,1,5.655893536121673%
2105,0,5.653206650831353%
2106,0,5.650522317188984%
2107,0,5.647840531561462%
2108,0,5.64516129032258%
2109,0,5.6424845898530105%
2110,0,5.639810426540285%
2111,0,5.637138796778777%
2112,0,5.634469696969697%
2113,0,5.63180312352106%
2114,0,5.629139072847682%
2115,0,5.626477541371158%
2116,0,5.623818525519849%
2117,0,5.621162021728861%
2118,0,5.618508026440037%
2119,0,5.615856536101934%
2120,0,5.613207547169812%
2121,0,5.6105610561056105%
2122,0,5.607917059377946%
2123,0,5.605275553462082%
2124,0,5.602636534839925%
2125,0,5.6000000000000005%
2126,0,5.597365945437441%
2127,0,5.594734367653973%
2128,0,5.592105263157895%
2129,0,5.589478628464067%
2130,0,5.586854460093896%
2131,0,5.584232754575317%
2132,0,5.581613508442777%
2133,0,5.578996718237224%
2134,0,5.576382380506092%
2135,0,5.573770491803279%
2136,0,5.571161048689138%
2137,0,5.568554047730463%
2138,0,5.565949485500467%
2139,0,5.563347358578776%
2140,0,5.5607476635514015%
2141,0,5.558150397010743%
2142,0,5.555555555555555%
2143,0,5.5529631357909475%
2144,0,5.550373134328359%
2145,0,5.547785547785548%
2146,0,5.54520037278658%
2147,0,5.542617605961808%
2148,0,5.540037243947858%
2149,0,5.537459283387622%
2150,0,5.534883720930233%
2151,0,5.5323105532310555%
2152,0,5.529739776951673%
2153,0,5.52717138875987%
2154,0,5.524605385329619%
2155,0,5.522041763341067%
2156,0,5.51948051948052%
2157,0,5.516921650440427%
2158,0,5.514365152919369%
2159,0,5.511811023622047%
2160,0,5.5092592592592595%
2161,0,5.506709856547895%
2162,0,5.504162812210915%
2163,0,5.501618122977346%
2164,0,5.499075785582256%
2165,0,5.496535796766744%
2166,0,5.493998153277932%
2167,0,5.491462851868943%
2168,0,5.488929889298893%
2169,0,5.486399262332872%
2170,0,5.483870967741936%
2171,0,5.481345002303086%
2172,0,5.4788213627992635%
2173,0,5.476300046019328%
2174,0,5.47378104875805%
2175,0,5.471264367816092%
2176,0,5.46875%
2177,0,5.466237942122187%
2178,0,5.463728191000918%
2179,0,5.461220743460303%
2180,0,5.458715596330276%
2181,0,5.456212746446584%
2182,0,5.453712190650779%
2183,0,5.4512139257901975%
2184,0,5.448717948717949%
2185,0,5.446224256292906%
2186,0,5.443732845379689%
2187,0,5.441243712848651%
2188,0,5.4387568555758685%
2189,0,5.4362722704431246%
2190,0,5.433789954337899%
2191,0,5.431309904153355%
2192,0,5.428832116788321%
2193,0,5.426356589147287%
2194,0,5.423883318140383%
2195,0,5.421412300683371%
2196,0,5.418943533697632%
2197,0,5.41647701411015%
2198,0,5.414012738853503%
2199,0,5.411550704865848%
2200,0,5.409090909090909%
2201,0,5.406633348477965%
2202,0,5.404178019981835%
2203,0,5.401724920562869%
2204,0,5.399274047186933%
2205,0,5.396825396825397%
2206,0,5.394378966455123%
2207,0,5.39193475305845%
2208,0,5.3894927536231885%
2209,0,5.3870529651425985%
2210,0,5.384615384615385%
2211,0,5.382180009045681%
2212,0,5.379746835443038%
2213,0,5.377315860822414%
2214,0,5.374887082204156%
2215,0,5.3724604966139955%
2216,0,5.370036101083032%
2217,0,5.367613892647722%
2218,0,5.365193868349865%
2219,0,5.3627760252365935%
2220,0,5.36036036036036%
2221,0,5.357946870778928%
2222,0,5.355535553555356%
2223,0,5.353126405757984%
2224,0,5.350719424460432%
2225,0,5.348314606741573%
2226,0,5.345911949685535%
2227,0,5.343511450381679%
2228,0,5.341113105924596%
2229,0,5.338716913414087%
2230,0,5.336322869955157%
2231,0,5.333930972658001%
2232,0,5.331541218637993%
2233,0,5.329153605015674%
2234,0,5.326768128916741%
2235,0,5.324384787472035%
2236,0,5.322003577817531%
2237,0,5.319624497094322%
2238,0,5.317247542448615%
2239,0,5.31487271103171%
2240,0,5.3125%
2241,0,5.310129406514949%
2242,0,5.307760927743087%
2243,0,5.305394560855996%
2244,0,5.303030303030303%
2245,0,5.3006681514476615%
2246,1,5.342831700801424%
2247,1,5.38495772140632%
2248,1,5.427046263345195%
2249,1,5.469097376611828%
2250,1,5.511111111111111%
2251,0,5.508662816525989%
2252,1,5.550621669626999%
2253,1,5.59254327563249%
2254,1,5.634427684117125%
2255,0,5.631929046563193%
2256,0,5.629432624113475%
2257,0,5.62693841382366%
2258,0,5.62444641275465%
2259,0,5.621956617972555%
2260,0,5.619469026548673%
2261,0,5.616983635559487%
2262,0,5.61450044208665%
2263,0,5.612019443216969%
2264,0,5.609540636042403%
2265,0,5.607064017660044%
2266,0,5.60458958517211%
2267,0,5.602117335685929%
2268,0,5.599647266313933%
2269,0,5.597179374173645%
2270,0,5.594713656387666%
2271,0,5.592250110083664%
2272,0,5.589788732394366%
2273,0,5.587329520457545%
2274,0,5.584872471416007%
2275,0,5.582417582417582%
2276,0,5.579964850615114%
2277,0,5.5775142731664475%
2278,0,5.5750658472344155%
2279,0,5.572619569986836%
2280,0,5.5701754385964914%
2281,0,5.567733450241122%
2282,0,5.565293602103418%
2283,0,5.562855891371004%
2284,0,5.560420315236427%
2285,0,5.557986870897155%
2286,0,5.555555555555555%
2287,0,5.55312636641889%
2288,0,5.550699300699301%
2289,0,5.548274355613805%
2290,0,5.545851528384279%
2291,0,5.543430816237451%
2292,0,5.541012216404886%
2293,0,5.538595726122983%
2294,0,5.536181342632956%
2295,0,5.533769063180828%
2296,0,5.531358885017421%
2297,0,5.528950805398345%
2298,0,5.526544821583986%
2299,0,5.524140930839495%
2300,0,5.521739130434783%
2301,0,5.5193394176445025%
2302,0,5.516941789748045%
2303,0,5.5145462440295265%
2304,0,5.512152777777778%
2305,0,5.509761388286334%
2306,0,5.507372072853426%
2307,0,5.504984828781968%
2308,0,5.50259965337955%
2309,0,5.500216543958423%
2310,0,5.497835497835498%
2311,0,5.495456512332324%
2312,0,5.493079584775087%
2313,0,5.490704712494596%
2314,0,5.488331892826275%
2315,0,5.485961123110151%
2316,0,5.4835924006908465%
2317,0,5.481225722917566%
2318,0,5.47886108714409%
2319,0,5.476498490728762%
2320,0,5.474137931034482%
2321,0,5.471779405428694%
2322,0,5.4694229112833765%
2323,0,5.467068445975032%
2324,0,5.464716006884681%
2325,0,5.46236559139785%
2326,0,5.460017196904557%
2327,0,5.457670820799312%
2328,0,5.4553264604811%
2329,0,5.452984113353371%
2330,0,5.450643776824035%
2331,0,5.448305448305448%
2332,0,5.4459691252144085%
2333,0,5.443634804972139%
2334,0,5.441302485004284%
2335,0,5.4389721627409%
2336,0,5.436643835616438%
2337,0,5.4343175010697475%
2338,0,5.431993156544055%
2339,0,5.42967079948696%
2340,1,5.47008547008547%
2341,1,5.510465612985904%
2342,1,5.5508112724167376%
2343,0,5.548442168160478%
2344,0,5.546075085324232%
2345,0,5.543710021321962%
2346,0,5.541346973572037%
2347,0,5.5389859394972305%
2348,0,5.536626916524702%
2349,0,5.5342699020859945%
2350,0,5.531914893617021%
2351,0,5.529561888558061%
2352,0,5.5272108843537415%
2353,0,5.524861878453039%
2354,0,5.52251486830926%
2355,0,5.520169851380043%
2356,0,5.517826825127335%
2357,0,5.515485787017395%
2358,0,5.51314673452078%
2359,0,5.510809665112336%
2360,0,5.508474576271186%
2361,0,5.506141465480729%
2362,0,5.50381033022862%
2363,0,5.50148116800677%
2364,0,5.499153976311337%
2365,0,5.496828752642706%
2366,0,5.4945054945054945%
2367,0,5.492184199408534%
2368,0,5.489864864864865%
2369,0,5.487547488391726%
2370,0,5.485232067510549%
2371,0,5.4829185997469425%
2372,0,5.480607082630692%
2373,0,5.478297513695743%
2374,0,5.475989890480202%
2375,0,5.473684210526316%
2376,0,5.4713804713804715%
2377,0,5.469078670593184%
2378,0,5.466778805719091%
2379,0,5.46448087431694%
2380,0,5.46218487394958%
2381,0,5.459890802183956%
2382,0,5.4575986565911%
2383,0,5.455308434746119%
2384,0,5.453020134228188%
2385,0,5.450733752620545%
2386,0,5.448449287510478%
2387,0,5.446166736489317%
2388,0,5.443886097152429%
2389,0,5.441607367099205%
2390,0,5.439330543933055%
2391,0,5.437055625261397%
2392,0,5.434782608695652%
2393,0,5.432511491851233%
2394,0,5.430242272347535%
2395,0,5.427974947807933%
2396,0,5.425709515859766%
2397,0,5.423445974134335%
2398,0,5.421184320266889%
2399,0,5.418924551896623%
2400,0,5.416666666666667%
2401,0,5.414410662224074%
2402,0,5.412156536219817%
2403,0,5.409904286308781%
2404,0,5.40765391014975%
2405,0,5.405405405405405%
2406,0,5.403158769742311%
2407,0,5.40091400083091%
2408,0,5.398671096345515%
2409,0,5.3964300539643%
2410,0,5.394190871369295%
2411,0,5.391953546246371%
2412,0,5.389718076285241%
2413,0,5.387484459179444%
2414,0,5.385252692626347%
2415,0,5.383022774327122%
2416,0,5.380794701986755%
2417,0,5.378568473314026%
2418,0,5.376344086021505%
2419,0,5.374121537825547%
2420,0,5.371900826446281%
2421,0,5.3696819496076%
2422,0,5.367464905037159%
2423,0,5.3652496904663645%
2424,0,5.363036303630363%
2425,0,5.360824742268041%
2426,0,5.3586150041220115%
2427,0,5.356407086938607%
2428,0,5.354200988467875%
2429,0,5.351996706463566%
2430,0,5.349794238683128%
2431,0,5.347593582887701%
2432,0,5.345394736842105%
2433,0,5.343197698314837%
2434,0,5.341002465078061%
2435,0,5.338809034907597%
2436,0,5.336617405582922%
2437,0,5.334427574887156%
2438,0,5.332239540607055%
2439,0,5.330053300533005%
2440,0,5.327868852459016%
2441,0,5.325686194182712%
2442,0,5.323505323505324%
2443,0,5.321326238231682%
2444,0,5.319148936170213%
2445,0,5.316973415132924%
2446,0,5.314799672935404%
2447,0,5.312627707396812%
2448,0,5.310457516339869%
2449,0,5.308289097590854%
2450,0,5.3061224489795915%
2451,0,5.303957568339453%
2452,0,5.30179445350734%
2453,0,5.299633102323685%
2454,0,5.297473512632437%
2455,1,5.336048879837067%
2456,1,5.374592833876222%
2457,1,5.413105413105413%
2458,1,5.451586655817739%
2459,1,5.490036600244002%
2460,1,5.528455284552845%
2461,1,5.566842746850874%
2462,1,5.605199025182778%
2463,1,5.643524157531465%
2464,0,5.641233766233766%
2465,0,5.63894523326572%
2466,0,5.636658556366585%
2467,0,5.634373733279287%
2468,0,5.632090761750405%
2469,0,5.629809639530174%
2470,0,5.62753036437247%
2471,0,5.625252934034804%
2472,0,5.622977346278317%
2473,0,5.620703598867772%
2474,0,5.618431689571544%
2475,0,5.616161616161616%
2476,0,5.61389337641357%
2477,0,5.61162696810658%
2478,0,5.609362389023406%
2479,0,5.607099636950384%
2480,0,5.604838709677419%
2481,0,5.602579604997985%
2482,0,5.600322320709106%
2483,0,5.598066854611358%
2484,0,5.595813204508857%
2485,0,5.593561368209256%
2486,0,5.591311343523732%
2487,0,5.5890631282669885%
2488,0,5.586816720257234%
2489,0,5.584572117316191%
2490,0,5.582329317269076%
2491,0,5.5800883179446%
2492,0,5.57784911717496%
2493,0,5.575611712795828%
2494,0,5.5733761026463515%
2495,0,5.571142284569138%
2496,0,5.568910256410256%
2497,0,5.566680016019223%
2498,0,5.564451561248999%
2499,0,5.562224889955982%
2500,0,5.56%
2501,0,5.557776889244302%
2502,0,5.555555555555555%
2503,0,5.553335996803836%
2504,0,5.55111821086262%
2505,0,5.5489021956087825%
2506,0,5.546687948922586%
2507,0,5.544475468687674%
2508,0,5.542264752791069%
2509,0,5.540055799123157%
2510,0,5.53784860557769%
2511,0,5.535643170051772%
2512,0,5.53343949044586%
2513,0,5.531237564663749%
2514,0,5.52903739061257%
2515,0,5.526838966202783%
2516,0,5.524642289348171%
2517,0,5.522447357965833%
2518,0,5.520254169976171%
2519,0,5.518062723302898%
2520,0,5.515873015873016%
2521,0,5.5136850456168185%
2522,0,5.511498810467883%
2523,0,5.50931430836306%
2524,0,5.507131537242473%
2525,0,5.504950495049505%
2526,0,5.5027711797308%
2527,0,5.5005935892362485%
2528,0,5.4984177215189876%
2529,0,5.49624357453539%
2530,0,5.4940711462450595%
2531,0,5.491900434610826%
2532,0,5.489731437598736%
2533,0,5.48756415317805%
2534,0,5.485398579321231%
2535,0,5.483234714003945%
2536,0,5.481072555205047%
2537,0,5.478912100906583%
2538,0,5.476753349093775%
2539,0,5.4745962977550215%
2540,0,5.47244094488189%
2541,0,5.470287288469106%
2542,0,5.468135326514555%
2543,0,5.465985057019269%
2544,0,5.463836477987422%
2545,0,5.461689587426326%
2546,0,5.459544383346426%
2547,0,5.457400863761288%
2548,0,5.455259026687599%
2549,0,5.453118870145155%
2550,0,5.450980392156863%
2551,0,5.4488435907487265%
2552,0,5.446708463949843%
2553,0,5.444575009792401%
2554,0,5.442443226311668%
2555,0,5.440313111545988%
2556,0,5.438184663536776%
2557,0,5.43605788032851%
2558,0,5.433932759968726%
2559,0,5.431809300508011%
2560,0,5.4296875%
2561,0,5.427567356501366%
2562,0,5.425448868071818%
2563,0,5.423332032774093%
2564,0,5.4212168486739465%
2565,0,5.419103313840156%
2566,0,5.416991426344505%
2567,0,5.414881184261784%
2568,0,5.4127725856697815%
2569,0,5.41066562864928%
2570,0,5.408560311284047%
2571,0,5.4064566316608325%
2572,0,5.404354587869363%
2573,0,5.402254178002332%
2574,0,5.4001554001554%
2575,0,5.398058252427185%
2576,0,5.395962732919254%
2577,0,5.393868839736127%
2578,0,5.39177657098526%
2579,0,5.389685924777045%
2580,0,5.387596899224807%
2581,0,5.385509492444789%
2582,0,5.383423702556158%
2583,0,5.381339527680991%
2584,0,5.379256965944272%
2585,0,5.3771760154738875%
2586,0,5.375096674400619%
2587,0,5.373018940858136%
2588,0,5.370942812982999%
2589,0,5.368868288914639%
2590,0,5.366795366795367%
2591,0,5.364724044770359%
2592,0,5.362654320987654%
2593,0,5.360586193598149%
2594,0,5.35851966075559%
2595,0,5.35645472061657%
2596,0,5.354391371340523%
2597,1,5.3908355795148255%
2598,1,5.427251732101617%
2599,1,5.463639861485187%
2600,1,5.5%
2601,1,5.536332179930796%
2602,1,5.572636433512682%
2603,1,5.608912792931233%
2604,0,5.6067588325652835%
2605,0,5.604606525911708%
2606,0,5.602455871066769%
2607,0,5.6003068661296505%
2608,0,5.598159509202454%
2609,0,5.596013798390188%
2610,0,5.593869731800766%
2611,0,5.591727307545002%
2612,0,5.5895865237366005%
2613,0,5.587447378492154%
2614,0,5.58530986993114%
2615,0,5.583173996175908%
2616,0,5.581039755351682%
2617,0,5.578907145586549%
2618,0,5.576776165011459%
2619,0,5.574646811760213%
2620,0,5.572519083969466%
2621,0,5.570392979778711%
2622,0,5.5682684973302825%
2623,0,5.566145634769349%
2624,0,5.564024390243903%
2625,0,5.561904761904762%
2626,0,5.55978674790556%
2627,0,5.55767034640274%
2628,0,5.555555555555555%
2629,0,5.553442373526055%
2630,0,5.551330798479087%
2631,0,5.549220828582288%
2632,0,5.547112462006079%
2633,1,5.582985187998481%
2634,1,5.618830675778284%
2635,1,5.654648956356737%
2636,1,5.690440060698028%
2637,1,5.726204019719378%
2638,1,5.761940864291129%
2639,1,5.797650625236832%
2640,1,5.833333333333333%
2641,1,5.868989019310867%
2642,1,5.904617713853141%
2643,1,5.9402194475974275%
2644,1,5.975794251134644%
2645,0,5.973534971644613%
2646,1,6.00907029478458%
2647,1,6.044578768417076%
2648,1,6.080060422960725%
2649,1,6.115515288788222%
2650,0,6.113207547169811%
2651,0,6.110901546586194%
2652,0,6.108597285067873%
2653,0,6.106294760648322%
2654,0,6.103993971363979%
2655,0,6.101694915254238%
2656,0,6.099397590361446%
2657,0,6.0971019947309%
2658,0,6.094808126410835%
2659,0,6.092515983452426%
2660,0,6.090225563909774%
2661,0,6.087936865839909%
2662,0,6.08564988730278%
2663,0,6.083364626361247%
2664,0,6.081081081081082%
2665,0,6.078799249530957%
2666,0,6.0765191297824455%
2667,0,6.074240719910011%
2668,0,6.071964017991005%
2669,0,6.069689022105657%
2670,0,6.067415730337078%
2671,0,6.065144140771247%
2672,0,6.062874251497006%
2673,0,6.0606060606060606%
2674,0,6.05833956619297%
2675,0,6.05607476635514%
2676,1,6.091180866965621%
2677,0,6.088905491221517%
2678,0,6.086631814787155%
2679,0,6.084359835759612%
2680,0,6.082089552238806%
2681,0,6.0798209623274895%
2682,0,6.077554064131245%
2683,0,6.07528885575848%
2684,0,6.073025335320417%
2685,0,6.070763500931099%
2686,0,6.068503350707371%
2687,0,6.066244882768887%
2688,0,6.063988095238095%
2689,0,6.061732986240238%
2690,0,6.059479553903346%
2691,0,6.057227796358231%
2692,0,6.054977711738484%
2693,0,6.052729298180467%
2694,0,6.050482553823311%
2695,0,6.0482374768089056%
2696,0,6.045994065281899%
2697,0,6.043752317389693%
2698,0,6.041512231282431%
2699,0,6.039273805113004%
2700,0,6.037037037037037%
2701,0,6.034801925212884%
2702,0,6.032568467801629%
2703,0,6.030336662967073%
2704,0,6.02810650887574%
2705,0,6.0258780036968576%
2706,0,6.023651145602365%
2707,0,6.021425932766901%
2708,0,6.019202363367799%
2709,0,6.016980435585087%
2710,0,6.014760147601476%
2711,0,6.012541497602361%
2712,0,6.010324483775811%
2713,0,6.008109104312569%
2714,0,6.005895357406043%
2715,0,6.003683241252302%
2716,0,6.001472754050074%
2717,0,5.999263894000737%
2718,0,5.997056659308315%
2719,0,5.994851048179477%
2720,0,5.99264705882353%
2721,0,5.990444689452407%
2722,0,5.988243938280676%
2723,0,5.986044803525523%
2724,0,5.983847283406755%
2725,0,5.981651376146789%
2726,0,5.979457079970653%
2727,0,5.977264393105977%
2728,0,5.975073313782992%
2729,0,5.972883840234519%
2730,1,6.007326007326007%
2731,1,6.041742951299891%
2732,0,6.039531478770132%
2733,0,6.0373216245883645%
2734,0,6.035113386978786%
2735,0,6.032906764168191%
2736,0,6.030701754385965%
2737,0,6.028498355864085%
2738,0,6.026296566837107%
2739,0,6.024096385542169%
2740,0,6.021897810218978%
2741,0,6.019700839109814%
2742,0,6.017505470459518%
2743,0,6.015311702515494%
2744,0,6.013119533527697%
2745,0,6.0109289617486334%
2746,0,6.008739985433357%
2747,0,6.006552602839461%
2748,0,6.004366812227074%
2749,0,6.002182611858857%
2750,0,6.0%
2751,0,5.997818974918212%
2752,0,5.995639534883721%
2753,0,5.99346167816927%
2754,0,5.991285403050109%
2755,0,5.9891107078039925%
2756,0,5.986937590711175%
2757,0,5.984766050054406%
2758,0,5.982596084118927%
2759,0,5.980427691192461%
2760,0,5.978260869565218%
2761,0,5.9760956175298805%
2762,0,5.973931933381608%
2763,0,5.971769815418024%
2764,0,5.969609261939218%
2765,0,5.967450271247739%
2766,0,5.965292841648591%
2767,0,5.963136971449224%
2768,0,5.960982658959538%
2769,0,5.958829902491875%
2770,0,5.956678700361011%
2771,0,5.954529050884157%
2772,0,5.952380952380952%
2773,0,5.950234403173458%
2774,0,5.948089401586157%
2775,0,5.9459459459459465%
2776,0,5.943804034582133%
2777,0,5.9416636658264315%
2778,0,5.939524838012959%
2779,0,5.93738754947823%
2780,1,5.971223021582734%
2781,1,6.005034160373966%
2782,1,6.03882099209202%
2783,1,6.072583542939274%
2784,1,6.10632183908046%
2785,0,6.104129263913824%
2786,1,6.137832017229003%
2787,1,6.171510584858271%
2788,0,6.169296987087518%
2789,1,6.202940121907494%
2790,1,6.236559139784946%
2791,0,6.234324614833393%
2792,1,6.267908309455588%
2793,1,6.301467955603295%
2794,1,6.335003579098067%
2795,1,6.368515205724508%
2796,1,6.402002861230328%
2797,1,6.435466571326422%
2798,0,6.433166547533952%
2799,1,6.466595212575919%
2800,1,6.5%
2801,0,6.49767940021421%
2802,1,6.5310492505353315%
2803,0,6.528719229397074%
2804,0,6.526390870185448%
2805,0,6.524064171122995%
2806,0,6.521739130434782%
2807,0,6.519415746348415%
2808,0,6.517094017094018%
2809,0,6.514773940904236%
2810,0,6.512455516014234%
2811,0,6.510138740661686%
2812,0,6.50782361308677%
2813,0,6.505510131532172%
2814,0,6.50319829424307%
2815,0,6.500888099467141%
2816,0,6.498579545454546%
2817,0,6.496272630457935%
2818,0,6.493967352732434%
2819,0,6.491663710535652%
2820,0,6.489361702127659%
2821,0,6.487061325771003%
2822,0,6.484762579730688%
2823,0,6.482465462274177%
2824,0,6.480169971671389%
2825,0,6.47787610619469%
2826,0,6.475583864118896%
2827,0,6.473293243721259%
2828,0,6.471004243281471%
2829,0,6.468716861081654%
2830,0,6.466431095406361%
2831,0,6.4641469445425646%
2832,0,6.461864406779661%
2833,0,6.45958348040946%
2834,0,6.4573041637261825%
2835,0,6.455026455026455%
2836,0,6.452750352609309%
2837,0,6.4504758547761725%
2838,0,6.4482029598308666%
2839,0,6.4459316660796055%
2840,0,6.443661971830986%
2841,0,6.441393875395987%
2842,0,6.439127375087966%
2843,0,6.436862469222652%
2844,0,6.434599156118144%
2845,0,6.4323374340949035%
2846,0,6.430077301475754%
2847,0,6.42781875658588%
2848,0,6.425561797752809%
2849,0,6.423306423306423%
2850,0,6.421052631578947%
2851,0,6.418800420904945%
2852,0,6.416549789621319%
2853,0,6.414300736067298%
2854,0,6.412053258584442%
2855,0,6.409807355516637%
2856,0,6.4075630252100835%
2857,0,6.405320266013301%
2858,0,6.403079076277117%
2859,0,6.400839454354669%
2860,0,6.398601398601398%
2861,1,6.431317721076546%
2862,0,6.429070580013977%
2863,0,6.4268250087320995%
2864,0,6.424581005586592%
2865,0,6.4223385689354275%
2866,0,6.4200976971388695%
2867,0,6.417858388559469%
2868,0,6.4156206415620645%
2869,0,6.413384454513768%
2870,1,6.445993031358885%
2871,1,6.478578892371996%
2872,1,6.511142061281337%
2873,1,6.543682561782109%
2874,1,6.576200417536534%
2875,1,6.608695652173912%
2876,0,6.606397774687066%
2877,0,6.6041014946124434%
2878,0,6.60180681028492%
2879,0,6.599513720041681%
2880,0,6.597222222222222%
2881,0,6.594932315168345%
2882,0,6.59264399722415%
2883,0,6.590357266736039%
2884,0,6.588072122052704%
2885,0,6.5857885615251295%
2886,0,6.583506583506583%
2887,0,6.581226186352615%
2888,0,6.578947368421052%
2889,0,6.5766701280719975%
2890,0,6.5743944636678195%
2891,0,6.572120373573158%
2892,0,6.569847856154911%
2893,0,6.5675769097822325%
2894,0,6.565307532826538%
2895,0,6.563039723661486%
2896,0,6.560773480662983%
2897,0,6.5585088022091815%
2898,0,6.556245686680469%
2899,0,6.553984132459469%
2900,0,6.551724137931035%
2901,0,6.549465701482247%
2902,0,6.547208821502412%
2903,0,6.544953496383052%
2904,0,6.542699724517906%
2905,0,6.540447504302927%
2906,0,6.53819683413627%
2907,0,6.535947712418301%
2908,0,6.533700137551582%
2909,0,6.531454107940873%
2910,0,6.529209621993128%
2911,0,6.5269666781174855%
2912,0,6.5247252747252755%
2913,0,6.5224854102300025%
2914,0,6.520247083047358%
2915,1,6.5523156089193835%
2916,1,6.584362139917696%
2917,1,6.6163866986630095%
2918,1,6.648389307745031%
2919,1,6.680369989722508%
2920,1,6.712328767123288%
2921,1,6.744265662444368%
2922,0,6.741957563312799%
2923,0,6.739651043448512%
2924,0,6.737346101231189%
2925,0,6.735042735042734%
2926,0,6.73274094326726%
2927,0,6.730440724291083%
2928,0,6.728142076502733%
2929,0,6.725844998292933%
2930,0,6.723549488054608%
2931,0,6.721255544182873%
2932,0,6.718963165075034%
2933,0,6.716672349130583%
2934,0,6.714383094751193%
2935,0,6.712095400340716%
2936,0,6.709809264305178%
2937,0,6.707524685052775%
2938,0,6.705241660993873%
2939,0,6.702960190541001%
2940,0,6.700680272108843%
2941,0,6.698401904114247%
2942,0,6.696125084976207%
2943,0,6.693849813115868%
2944,0,6.6915760869565215%
2945,0,6.689303904923599%
2946,0,6.687033265444671%
2947,0,6.68476416694944%
2948,0,6.6824966078697425%
2949,0,6.6802305866395395%
2950,0,6.677966101694915%
2951,0,6.675703151474077%
2952,0,6.673441734417344%
2953,0,6.6711818489671515%
2954,0,6.668923493568044%
2955,0,6.666666666666667%
2956,0,6.664411366711772%
2957,0,6.662157592154211%
2958,0,6.659905341446924%
2959,0,6.657654613044947%
2960,0,6.655405405405405%
2961,1,6.68693009118541%
2962,0,6.684672518568535%
2963,0,6.682416469794128%
2964,1,6.713900134952766%
2965,1,6.745362563237774%
2966,0,6.743088334457181%
2967,0,6.740815638692283%
2968,0,6.738544474393531%
2969,0,6.736274840013473%
2970,0,6.7340067340067336%
2971,0,6.731740154830024%
2972,0,6.7294751009421265%
2973,0,6.727211570803902%
2974,0,6.724949562878278%
2975,0,6.722689075630252%
2976,0,6.720430107526881%
2977,0,6.718172657037286%
2978,0,6.715916722632639%
2979,0,6.713662302786171%
2980,0,6.7114093959731544%
2981,0,6.709158000670916%
2982,0,6.70690811535882%
2983,0,6.70465973851827%
2984,0,6.702412868632708%
2985,0,6.700167504187604%
2986,0,6.697923643670463%
2987,0,6.6956812855708066%
2988,0,6.693440428380187%
2989,0,6.691201070592172%
2990,0,6.688963210702341%
2991,1,6.720160481444333%
2992,1,6.7513368983957225%
2993,0,6.749081189442031%
2994,1,6.780227120908483%
2995,1,6.81135225375626%
2996,0,6.809078771695594%
2997,1,6.8401735068401734%
2998,1,6.871247498332221%
2999,0,6.868956318772924%
3000,0,6.866666666666667%
3001,0,6.864378540486504%
3002,0,6.862091938707528%
3003,0,6.859806859806859%
3004,0,6.857523302263649%
3005,0,6.855241264559068%
3006,0,6.852960745176315%
3007,0,6.8506817426005995%
3008,0,6.848404255319148%
3009,0,6.846128281821202%
3010,0,6.843853820598006%
3011,0,6.841580870142809%
3012,0,6.8393094289508625%
3013,0,6.8370394955194165%
3014,0,6.83477106834771%
3015,0,6.832504145936983%
3016,0,6.830238726790451%
3017,0,6.827974809413324%
3018,0,6.82571239231279%
3019,0,6.823451473998013%
3020,0,6.821192052980132%
3021,0,6.818934127772261%
3022,0,6.816677696889477%
3023,0,6.814422758848826%
3024,0,6.8121693121693125%
3025,0,6.809917355371901%
3026,0,6.8076668869795105%
3027,0,6.805417905517014%
3028,0,6.803170409511229%
3029,0,6.80092439749092%
3030,0,6.798679867986798%
3031,0,6.796436819531508%
3032,0,6.794195250659631%
3033,0,6.791955159907682%
3034,0,6.789716545814106%
3035,0,6.787479406919275%
3036,0,6.785243741765481%
3037,0,6.7830095488969375%
3038,0,6.780776826859776%
3039,0,6.77854557420204%
3040,0,6.776315789473684%
3041,0,6.7740874712265695%
3042,0,6.771860618014464%
3043,0,6.7696352283930326%
3044,0,6.767411300919843%
3045,0,6.765188834154351%
3046,0,6.762967826657912%
3047,0,6.7607482769937635%
3048,0,6.758530183727034%
3049,0,6.756313545424729%
3050,0,6.754098360655737%
3051,0,6.7518846279908225%
3052,0,6.749672346002621%
3053,0,6.74746151326564%
3054,0,6.745252128356253%
3055,0,6.743044189852701%
3056,0,6.740837696335078%
3057,0,6.738632646385345%
3058,0,6.736429038587312%
3059,0,6.7342268715266425%
3060,0,6.73202614379085%
3061,0,6.729826853969291%
3062,0,6.7276290006531685%
3063,0,6.725432582435522%
3064,0,6.723237597911227%
3065,0,6.721044045676998%
3066,0,6.718851924331376%
3067,0,6.716661232474731%
3068,0,6.7144719687092564%
3069,0,6.712284131638971%
3070,0,6.710097719869706%
3071,0,6.707912732009118%
3072,0,6.705729166666667%
3073,0,6.703547022453628%
3074,0,6.701366297983085%
3075,1,6.731707317073171%
3076,0,6.729518855656696%
3077,0,6.727331816704582%
3078,0,6.725146198830409%
3079,0,6.722962000649561%
3080,0,6.72077922077922%
3081,0,6.718597857838364%
3082,0,6.7164179104477615%
3083,0,6.714239377229971%
3084,0,6.712062256809339%
3085,0,6.709886547811994%
3086,0,6.707712248865846%
3087,0,6.705539358600583%
3088,0,6.703367875647668%
3089,0,6.701197798640337%
3090,0,6.699029126213592%
3091,0,6.696861857004206%
3092,0,6.694695989650712%
3093,0,6.692531522793405%
3094,0,6.690368455074338%
3095,0,6.688206785137318%
3096,0,6.686046511627906%
3097,0,6.683887633193413%
3098,0,6.681730148482893%
3099,0,6.679574056147144%
3100,0,6.67741935483871%
3101,0,6.675266043211867%
3102,0,6.673114119922631%
3103,0,6.670963583628746%
3104,0,6.668814432989691%
3105,0,6.666666666666667%
3106,0,6.664520283322601%
3107,0,6.662375281622143%
3108,0,6.660231660231661%
3109,0,6.658089417819236%
3110,0,6.655948553054662%
3111,0,6.653809064609451%
3112,0,6.651670951156813%
3113,0,6.649534211371668%
3114,0,6.6473988439306355%
3115,0,6.645264847512039%
3116,0,6.643132220795891%
3117,0,6.641000962463909%
3118,0,6.638871071199487%
3119,0,6.636742545687721%
3120,1,6.666666666666667%
3121,1,6.696571611662929%
3122,0,6.6944266495836%
3123,1,6.724303554274735%
3124,0,6.722151088348271%
3125,0,6.72%
3126,0,6.71785028790787%
3127,0,6.715701950751519%
3128,0,6.713554987212277%
3129,0,6.7114093959731544%
3130,0,6.7092651757188495%
3131,0,6.707122325135739%
3132,0,6.704980842911877%
3133,0,6.7028407277369935%
3134,0,6.700701978302488%
3135,0,6.698564593301436%
3136,0,6.696428571428571%
3137,0,6.6942939113803%
3138,0,6.692160611854685%
3139,0,6.69002867155145%
3140,0,6.687898089171974%
3141,0,6.685768863419293%
3142,0,6.68364099299809%
3143,0,6.6815144766147%
3144,0,6.679389312977099%
3145,0,6.677265500794912%
3146,0,6.675143038779402%
3147,0,6.67302192564347%
3148,0,6.670902160101652%
3149,0,6.668783740870117%
3150,0,6.666666666666667%
3151,0,6.664550936210727%
3152,0,6.662436548223351%
3153,0,6.660323501427213%
3154,0,6.658211794546608%
3155,0,6.656101426307448%
3156,0,6.653992395437262%
3157,0,6.651884700665188%
3158,0,6.649778340721976%
3159,0,6.647673314339982%
3160,0,6.645569620253164%
3161,0,6.6434672571970905%
3162,0,6.641366223908918%
3163,0,6.639266519127411%
3164,0,6.637168141592921%
3165,0,6.6350710900473935%
3166,0,6.632975363234365%
3167,0,6.630880959898958%
3168,0,6.628787878787879%
3169,0,6.626696118649416%
3170,0,6.624605678233439%
3171,0,6.622516556291391%
3172,0,6.620428751576292%
3173,0,6.618342262842736%
3174,0,6.61625708884688%
3175,0,6.6141732283464565%
3176,0,6.6120906801007555%
3177,0,6.610009442870633%
3178,0,6.607929515418502%
3179,0,6.605850896508336%
3180,0,6.60377358490566%
3181,0,6.601697579377554%
3182,0,6.599622878692646%
3183,0,6.597549481621112%
3184,0,6.595477386934673%
3185,0,6.593406593406594%
3186,0,6.591337099811676%
3187,0,6.5892689049262625%
3188,0,6.587202007528231%
3189,0,6.585136406396989%
3190,0,6.583072100313479%
3191,0,6.581009088060169%
3192,0,6.578947368421052%
3193,0,6.576886940181648%
3194,0,6.5748278021289925%
3195,0,6.572769953051644%
3196,0,6.570713391739674%
3197,0,6.568658116984673%
3198,0,6.566604127579738%
3199,0,6.564551422319474%
3200,0,6.5625%
3201,0,6.560449859418932%
3202,0,6.558400999375389%
3203,0,6.556353418669997%
3204,0,6.5543071161048685%
3205,0,6.5522620904836195%
3206,0,6.550218340611353%
3207,1,6.579357655129405%
3208,1,6.608478802992519%
3209,1,6.63758180118417%
3210,0,6.635514018691589%
3211,0,6.633447524135782%
3212,0,6.6313823163138235%
3213,0,6.629318394024277%
3214,0,6.627255756067206%
3215,0,6.625194401244168%
3216,0,6.6231343283582085%
3217,0,6.621075536213864%
3218,0,6.619018023617154%
3219,0,6.616961789375582%
3220,0,6.614906832298137%
3221,0,6.612853151195281%
3222,0,6.610800744878957%
3223,0,6.6087496121625815%
3224,0,6.606699751861042%
3225,0,6.604651162790698%
3226,0,6.602603843769374%
3227,0,6.600557793616361%
3228,0,6.598513011152416%
3229,0,6.596469495199752%
3230,0,6.594427244582043%
3231,0,6.592386258124419%
3232,0,6.590346534653466%
3233,0,6.588308072997216%
3234,0,6.586270871985158%
3235,0,6.584234930448223%
3236,0,6.582200247218789%
3237,0,6.580166821130677%
3238,0,6.578134651019147%
3239,0,6.576103735720902%
3240,0,6.5740740740740735%
3241,0,6.572045664918235%
3242,0,6.570018507094385%
3243,0,6.567992599444958%
3244,0,6.5659679408138105%
3245,0,6.563944530046224%
3246,0,6.561922365988909%
3247,0,6.559901447489991%
3248,0,6.557881773399014%
3249,0,6.555863342566943%
3250,0,6.553846153846153%
3251,0,6.551830206090433%
3252,0,6.549815498154982%
3253,0,6.547802028896403%
3254,0,6.54578979717271%
3255,0,6.5437788018433185%
3256,0,6.541769041769043%
3257,0,6.539760515812097%
3258,0,6.537753222836096%
3259,0,6.535747161706045%
3260,0,6.533742331288344%
3261,0,6.531738730450782%
3262,0,6.529736358062538%
3263,0,6.527735212994178%
3264,0,6.525735294117648%
3265,0,6.523736600306279%
3266,0,6.521739130434782%
3267,0,6.519742883379247%
3268,0,6.5177478580171355%
3269,0,6.515754053227287%
3270,0,6.513761467889909%
3271,0,6.511770100886579%
3272,0,6.509779951100245%
3273,0,6.507791017415215%
3274,0,6.505803298717165%
3275,0,6.50381679389313%
3276,0,6.501831501831503%
3277,0,6.499847421422032%
3278,0,6.497864551555827%
3279,1,6.52637999390058%
3280,1,6.554878048780488%
3281,1,6.583358732093873%
3282,1,6.611822059719683%
3283,1,6.640268047517514%
3284,0,6.638246041412911%
3285,0,6.636225266362253%
3286,1,6.664637857577602%
3287,1,6.693033160937024%
3288,1,6.721411192214112%
3289,0,6.719367588932807%
3290,1,6.7477203647416415%
3291,1,6.7760559100577336%
3292,0,6.773997569866343%
3293,0,6.7719404798056475%
3294,0,6.769884638737097%
3295,0,6.767830045523521%
3296,0,6.765776699029126%
3297,0,6.763724598119502%
3298,0,6.761673741661613%
3299,0,6.759624128523795%
3300,0,6.757575757575758%
3301,0,6.75552862768858%
3302,0,6.753482737734706%
3303,0,6.75143808658795%
3304,0,6.749394673123486%
3305,0,6.747352496217851%
3306,0,6.745311554748941%
3307,0,6.743271847596008%
3308,0,6.741233373639662%
3309,0,6.739196131761862%
3310,0,6.737160120845921%
3311,0,6.735125339776503%
3312,0,6.733091787439613%
3313,0,6.731059462722608%
3314,0,6.729028364514182%
3315,0,6.726998491704374%
3316,0,6.72496984318456%
3317,0,6.722942417847452%
3318,0,6.720916214587101%
3319,0,6.718891232298885%
3320,0,6.716867469879519%
3321,0,6.71484492622704%
3322,0,6.712823600240819%
3323,0,6.710803490821547%
3324,0,6.708784596871239%
3325,0,6.706766917293233%
3326,0,6.704750450992184%
3327,0,6.70273519687406%
3328,0,6.700721153846153%
3329,0,6.698708320817063%
3330,0,6.696696696696697%
3331,0,6.694686280396277%
3332,0,6.692677070828331%
3333,0,6.690669066906691%
3334,0,6.6886622675464915%
3335,0,6.686656671664168%
3336,0,6.684652278177458%
3337,0,6.682649086005394%
3338,0,6.680647094068304%
3339,0,6.67864630128781%
3340,0,6.676646706586826%
3341,0,6.674648308889554%
3342,0,6.672651107121484%
3343,0,6.670655100209393%
3344,0,6.668660287081339%
3345,0,6.666666666666667%
3346,0,6.664674237895996%
3347,0,6.662682999701225%
3348,0,6.660692951015531%
3349,0,6.658704090773365%
3350,0,6.656716417910448%
3351,0,6.6547299313637716%
3352,0,6.652744630071599%
3353,0,6.650760512973457%
3354,0,6.6487775790101376%
3355,0,6.646795827123696%
3356,0,6.644815256257449%
3357,0,6.6428358653559725%
3358,0,6.6408576533650985%
3359,0,6.638880619231914%
3360,0,6.636904761904762%
3361,0,6.634930080333234%
3362,0,6.632956573468174%
3363,0,6.630984240261671%
3364,0,6.629013079667064%
3365,0,6.627043090638931%
3366,0,6.625074272133095%
3367,0,6.623106623106622%
3368,0,6.621140142517815%
3369,0,6.619174829326209%
3370,0,6.617210682492582%
3371,0,6.615247700978938%
3372,0,6.6132858837485164%
3373,0,6.611325229765787%
3374,0,6.609365737996444%
3375,0,6.607407407407408%
3376,0,6.605450236966824%
3377,0,6.603494225644063%
3378,0,6.601539372409709%
3379,0,6.599585676235573%
3380,0,6.597633136094674%
3381,0,6.595681750961255%
3382,0,6.593731519810762%
3383,0,6.5917824416198645%
3384,0,6.58983451536643%
3385,0,6.587887740029543%
3386,0,6.5859421145894865%
3387,0,6.5839976380277525%
3388,0,6.582054309327037%
3389,0,6.58011212747123%
3390,0,6.578171091445428%
3391,0,6.5762312002359185%
3392,0,6.574292452830188%
3393,0,6.572354848216917%
3394,0,6.570418385385975%
3395,0,6.568483063328425%
3396,0,6.566548881036513%
3397,0,6.5646158375036805%
3398,0,6.5626839317245445%
3399,0,6.56075316269491%
3400,0,6.5588235294117645%
3401,0,6.556895030873272%
3402,0,6.5549676660787775%
3403,0,6.553041434028799%
3404,1,6.580493537015276%
3405,0,6.57856093979442%
3406,1,6.605989430416911%
3407,1,6.6334018197828%
3408,0,6.631455399061033%
3409,0,6.629510120269874%
3410,0,6.6275659824046915%
3411,0,6.6256229844620345%
3412,0,6.623681125439624%
3413,0,6.621740404336361%
3414,0,6.619800820152314%
3415,0,6.617862371888726%
3416,0,6.61592505854801%
3417,0,6.613988879133744%
3418,0,6.612053832650673%
3419,0,6.61011991810471%
3420,0,6.608187134502924%
3421,0,6.606255480853552%
3422,0,6.604324956165984%
3423,0,6.602395559450774%
3424,0,6.600467289719626%
3425,0,6.598540145985401%
3426,0,6.596614127262113%
3427,1,6.623869273416982%
3428,1,6.651108518086348%
3429,1,6.67833187518227%
3430,0,6.6763848396501455%
3431,1,6.703584960652871%
3432,1,6.730769230769231%
3433,0,6.728808622196329%
3434,1,6.75596971461852%
3435,1,6.78311499272198%
3436,1,6.81024447031432%
3437,0,6.808263020075647%
3438,0,6.806282722513089%
3439,0,6.804303576621111%
3440,0,6.802325581395349%
3441,0,6.800348735832607%
3442,0,6.798373038930854%
3443,0,6.796398489689224%
3444,0,6.794425087108014%
3445,0,6.7924528301886795%
3446,0,6.790481717933837%
3447,0,6.7885117493472595%
3448,0,6.786542923433875%
3449,0,6.784575239199768%
3450,0,6.782608695652175%
3451,0,6.7806432917994774%
3452,0,6.778679026651218%
3453,0,6.776715899218071%
3454,0,6.77475390851187%
3455,0,6.772793053545587%
3456,0,6.770833333333333%
3457,0,6.768874746890368%
3458,0,6.7669172932330826%
3459,0,6.764960971379011%
3460,0,6.76300578034682%
3461,0,6.761051719156313%
3462,0,6.759098786828423%
3463,0,6.757146982385215%
3464,0,6.755196304849885%
3465,0,6.753246753246753%
3466,0,6.75129832660127%
3467,0,6.749351023940006%
3468,0,6.747404844290658%
3469,0,6.745459786682042%
3470,0,6.743515850144092%
3471,0,6.741573033707865%
3472,0,6.73963133640553%
3473,0,6.7376907572703715%
3474,0,6.7357512953367875%
3475,0,6.733812949640288%
3476,0,6.7318757192174905%
3477,0,6.729939603106126%
3478,0,6.7280046003450265%
3479,0,6.72607070997413%
3480,0,6.724137931034482%
3481,0,6.722206262568227%
3482,0,6.72027570361861%
3483,0,6.718346253229974%
3484,0,6.7164179104477615%
3485,0,6.714490674318507%
3486,0,6.712564543889846%
3487,0,6.710639518210495%
3488,0,6.708715596330276%
3489,0,6.706792777300086%
3490,0,6.70487106017192%
3491,0,6.702950443998853%
3492,0,6.701030927835052%
3493,0,6.699112510735756%
3494,0,6.697195191757298%
3495,0,6.695278969957082%
3496,0,6.693363844393593%
3497,0,6.691449814126393%
3498,0,6.689536878216123%
3499,0,6.687625035724492%
3500,0,6.685714285714285%
3501,0,6.683804627249357%
3502,0,6.6818960593946315%
3503,0,6.679988581216101%
3504,0,6.678082191780822%
3505,0,6.67617689015692%
3506,0,6.674272675413577%
3507,0,6.672369546621043%
3508,0,6.670467502850627%
3509,0,6.668566543174694%
3510,0,6.666666666666667%
3511,0,6.6647678724010255%
3512,0,6.662870159453303%
3513,0,6.660973526900086%
3514,0,6.659077973819009%
3515,0,6.657183499288763%
3516,0,6.655290102389079%
3517,0,6.653397782200739%
3518,0,6.651506537805571%
3519,0,6.649616368286446%
3520,0,6.647727272727273%
3521,0,6.645839250213008%
3522,0,6.643952299829642%
3523,0,6.642066420664207%
3524,0,6.640181611804767%
3525,0,6.6382978723404245%
3526,0,6.6364152013613165%
3527,0,6.6345335979586055%
3528,0,6.63265306122449%
3529,0,6.630773590252197%
3530,0,6.628895184135978%
3531,0,6.627017841971113%
3532,0,6.625141562853908%
3533,0,6.623266345881687%
3534,0,6.621392190152801%
3535,0,6.61951909476662%
3536,0,6.61764705882353%
3537,0,6.615776081424936%
3538,0,6.613906161673262%
3539,0,6.612037298671941%
3540,0,6.610169491525424%
3541,0,6.60830273933917%
3542,0,6.60643704121965%
3543,0,6.604572396274344%
3544,0,6.602708803611739%
3545,0,6.600846262341325%
3546,0,6.598984771573605%
3547,0,6.5971243304200735%
3548,0,6.595264937993235%
3549,0,6.593406593406594%
3550,0,6.591549295774649%
3551,0,6.589693044212898%
3552,0,6.587837837837837%
3553,0,6.585983675766957%
3554,0,6.584130557118739%
3555,0,6.582278481012659%
3556,0,6.580427446569178%
3557,0,6.578577452909755%
3558,0,6.57672849915683%
3559,0,6.5748805844338305%
3560,0,6.573033707865168%
3561,0,6.571187868576242%
3562,0,6.569343065693431%
3563,0,6.567499298344092%
3564,0,6.565656565656567%
3565,0,6.563814866760169%
3566,0,6.561974200785194%
3567,0,6.56013456686291%
3568,0,6.55829596412556%
3569,0,6.55645839170636%
3570,0,6.5546218487394965%
3571,0,6.552786334360124%
3572,0,6.550951847704367%
3573,0,6.54911838790932%
3574,0,6.547285954113039%
3575,0,6.545454545454546%
3576,0,6.543624161073826%
3577,0,6.541794800111826%
3578,0,6.539966461710453%
3579,0,6.538139145012574%
3580,0,6.5363128491620115%
3581,0,6.534487573303546%
3582,0,6.532663316582915%
3583,0,6.530840078146804%
3584,0,6.529017857142858%
3585,0,6.527196652719665%
3586,0,6.52537646402677%
3587,0,6.523557290214664%
3588,0,6.521739130434782%
3589,0,6.5199219838395095%
3590,0,6.518105849582173%
3591,1,6.544138123085491%
3592,1,6.570155902004454%
3593,1,6.596159198441414%
3594,1,6.622148024485252%
3595,1,6.6481223922114046%
3596,0,6.646273637374861%
3597,1,6.672226855713094%
3598,1,6.69816564758199%
3599,0,6.696304529035843%
3600,1,6.722222222222222%
3601,1,6.748125520688697%
3602,1,6.774014436424208%
3603,1,6.7998889814043855%
3604,0,6.798002219755826%
3605,1,6.8238557558945905%
3606,1,6.84969495285635%
3607,1,6.87551982256723%
3608,1,6.901330376940133%
3609,1,6.927126627874758%
3610,0,6.9252077562326875%
3611,0,6.9232899473829965%
3612,0,6.921373200442968%
3613,0,6.919457514530861%
3614,0,6.917542888765911%
3615,0,6.915629322268327%
3616,0,6.913716814159292%
3617,0,6.911805363560962%
3618,0,6.909894969596462%
3619,0,6.907985631389886%
3620,0,6.906077348066299%
3621,0,6.904170118751726%
3622,0,6.902263942573164%
3623,0,6.900358818658569%
3624,0,6.898454746136866%
3625,0,6.896551724137931%
3626,0,6.894649751792609%
3627,0,6.892748828232699%
3628,0,6.89084895259096%
3629,0,6.888950124001101%
3630,0,6.887052341597796%
3631,0,6.885155604516662%
3632,0,6.883259911894273%
3633,0,6.881365262868153%
3634,0,6.879471656576774%
3635,0,6.87757909215956%
3636,0,6.875687568756876%
3637,0,6.873797085510036%
3638,0,6.871907641561298%
3639,0,6.870019236053861%
3640,0,6.868131868131869%
3641,0,6.866245536940401%
3642,0,6.864360241625481%
3643,0,6.8624759813340654%
3644,0,6.860592755214051%
3645,0,6.858710562414267%
3646,0,6.856829402084476%
3647,0,6.854949273375377%
3648,0,6.853070175438597%
3649,0,6.851192107426693%
3650,0,6.8493150684931505%
3651,0,6.847439057792386%
3652,0,6.8455640744797375%
3653,0,6.84369011771147%
3654,0,6.841817186644773%
3655,0,6.839945280437757%
3656,0,6.838074398249453%
3657,0,6.836204539239814%
3658,0,6.83433570256971%
3659,0,6.83246788740093%
3660,0,6.830601092896176%
3661,0,6.828735318219066%
3662,0,6.826870562534134%
3663,0,6.825006825006826%
3664,0,6.823144104803494%
3665,0,6.8212824010914055%
3666,0,6.819421713038734%
3667,0,6.817562039814562%
3668,0,6.815703380588876%
3669,0,6.81384573453257%
3670,0,6.811989100817439%
3671,0,6.810133478616182%
3672,0,6.808278867102397%
3673,0,6.806425265450586%
3674,0,6.804572672836145%
3675,0,6.802721088435375%
3676,0,6.800870511425463%
3677,0,6.799020940984499%
3678,0,6.7971723762914635%
3679,0,6.79532481652623%
3680,0,6.7934782608695645%
3681,0,6.7916327085031245%
3682,0,6.7897881586094515%
3683,0,6.787944610371979%
3684,0,6.7861020629750275%
3685,0,6.7842605156037985%
3686,0,6.782419967444383%
3687,0,6.780580417683754%
3688,0,6.778741865509762%
3689,0,6.776904310111141%
3690,0,6.775067750677506%
3691,0,6.77323218639935%
3692,0,6.771397616468039%
3693,0,6.769564040075819%
3694,0,6.7677314564158095%
3695,0,6.7658998646820026%
3696,0,6.764069264069264%
3697,0,6.762239653773331%
3698,0,6.760411032990805%
3699,0,6.758583400919167%
3700,0,6.756756756756757%
3701,0,6.754931099702784%
3702,0,6.75310642895732%
3703,0,6.7512827437213065%
3704,0,6.749460043196544%
3705,0,6.747638326585695%
3706,0,6.7458175930922835%
3707,0,6.74399784192069%
3708,0,6.742179072276159%
3709,0,6.740361283364789%
3710,0,6.738544474393531%
3711,0,6.7367286445701975%
3712,0,6.734913793103449%
3713,0,6.7330999192028%
3714,0,6.731287022078622%
3715,0,6.7294751009421265%
3716,0,6.727664155005382%
3717,0,6.725854183481301%
3718,0,6.724045185583647%
3719,0,6.722237160527024%
3720,0,6.720430107526881%
3721,0,6.7186240257995165%
3722,0,6.716818914562063%
3723,0,6.7150147730325%
3724,0,6.713211600429646%
3725,0,6.7114093959731544%
3726,0,6.709608158883522%
3727,0,6.707807888382076%
3728,0,6.706008583690987%
3729,0,6.704210244033253%
3730,0,6.702412868632708%
3731,0,6.700616456714018%
3732,0,6.69882100750268%
3733,0,6.6970265202250205%
3734,0,6.695232994108196%
3735,0,6.693440428380187%
3736,0,6.691648822269808%
3737,0,6.689858175006689%
3738,0,6.6880684858212955%
3739,0,6.6862797539449055%
3740,0,6.684491978609626%
3741,0,6.682705159048383%
3742,0,6.680919294494922%
3743,0,6.6791343841838104%
3744,0,6.677350427350428%
3745,0,6.675567423230974%
3746,0,6.673785371062467%
3747,0,6.672004270082733%
3748,0,6.670224119530416%
3749,0,6.668444918644973%
3750,0,6.666666666666667%
3751,0,6.664889362836576%
3752,0,6.663113006396588%
3753,0,6.661337596589395%
3754,0,6.659563132658497%
3755,0,6.657789613848203%
3756,0,6.656017039403621%
3757,0,6.6542454085706675%
3758,0,6.652474720596062%
3759,0,6.650704974727321%
3760,0,6.648936170212766%
3761,0,6.6471683063015155%
3762,0,6.645401382243488%
3763,0,6.643635397289397%
3764,0,6.641870350690754%
3765,0,6.640106241699867%
3766,0,6.638343069569835%
3767,0,6.636580833554552%
3768,0,6.634819532908705%
3769,0,6.633059166887769%
3770,0,6.631299734748011%
3771,0,6.629541235746486%
3772,0,6.6277836691410394%
3773,0,6.626027034190299%
3774,0,6.624271330153683%
3775,0,6.622516556291391%
3776,0,6.6207627118644075%
3777,0,6.619009796134498%
3778,0,6.617257808364214%
3779,0,6.615506747816882%
3780,0,6.613756613756613%
3781,0,6.612007405448295%
3782,0,6.610259122157588%
3783,0,6.608511763150939%
3784,0,6.60676532769556%
3785,0,6.605019815059446%
3786,0,6.603275224511358%
3787,0,6.601531555320834%
3788,0,6.599788806758183%
3789,0,6.598046978094484%
3790,0,6.596306068601583%
3791,0,6.594566077552097%
3792,0,6.5928270042194095%
3793,0,6.59108884787767%
3794,0,6.589351607801793%
3795,0,6.587615283267458%
3796,0,6.585879873551106%
3797,0,6.5841453779299455%
3798,0,6.582411795681938%
3799,0,6.580679126085812%
3800,0,6.578947368421052%
3801,0,6.5772165219679035%
3802,0,6.575486586007365%
3803,0,6.573757559821194%
3804,0,6.572029442691902%
3805,0,6.57030223390276%
3806,0,6.568575932737783%
3807,0,6.566850538481744%
3808,0,6.565126050420169%
3809,0,6.563402467839328%
3810,0,6.561679790026247%
3811,0,6.559958016268697%
3812,0,6.558237145855195%
3813,0,6.556517178075007%
3814,0,6.554798112218144%
3815,0,6.553079947575361%
3816,0,6.551362683438155%
3817,0,6.549646319098769%
3818,0,6.547930853850184%
3819,0,6.546216286986121%
3820,0,6.544502617801047%
3821,0,6.54278984559016%
3822,0,6.541077969649398%
3823,0,6.539366989275439%
3824,0,6.53765690376569%
3825,0,6.535947712418301%
3826,0,6.5342394145321485%
3827,0,6.532532009406847%
3828,0,6.530825496342738%
3829,0,6.529119874640898%
3830,0,6.527415143603134%
3831,0,6.525711302531977%
3832,0,6.524008350730689%
3833,0,6.522306287503262%
3834,0,6.520605112154408%
3835,0,6.51890482398957%
3836,0,6.517205422314912%
3837,0,6.515506906437321%
3838,0,6.513809275664409%
3839,0,6.512112529304506%
3840,0,6.510416666666667%
3841,0,6.508721687060662%
3842,0,6.507027589796981%
3843,0,6.505334374186833%
3844,0,6.503642039542143%
3845,0,6.501950585175553%
3846,0,6.500260010400416%
3847,0,6.498570314530803%
3848,0,6.496881496881497%
3849,0,6.495193556767992%
3850,0,6.493506493506493%
3851,0,6.491820306413919%
3852,0,6.4901349948078915%
3853,0,6.488450558006748%
3854,0,6.4867669953295275%
3855,0,6.48508430609598%
3856,0,6.483402489626557%
3857,0,6.481721545242417%
3858,0,6.480041472265423%
3859,0,6.47836227001814%
3860,0,6.476683937823833%
3861,0,6.4750064750064755%
3862,0,6.47332988089073%
3863,0,6.471654154801968%
3864,0,6.469979296066253%
3865,0,6.468305304010349%
3866,0,6.466632177961717%
3867,0,6.464959917248512%
3868,0,6.463288521199587%
3869,0,6.461617989144481%
3870,0,6.459948320413436%
3871,0,6.458279514337381%
3872,0,6.456611570247933%
3873,0,6.454944487477407%
3874,0,6.453278265358803%
3875,0,6.451612903225806%
3876,0,6.449948400412797%
3877,0,6.448284756254837%
3878,0,6.446621970087674%
3879,0,6.444960041247744%
3880,0,6.443298969072164%
3881,0,6.441638752898737%
3882,0,6.439979392065945%
3883,0,6.438320885912955%
3884,0,6.436663233779609%
3885,0,6.435006435006435%
3886,0,6.433350488934638%
3887,0,6.4316953949060975%
3888,0,6.4300411522633745%
3889,0,6.428387760349705%
3890,0,6.426735218508997%
3891,0,6.42508352608584%
3892,0,6.423432682425488%
3893,0,6.421782686873876%
3894,0,6.4201335387776055%
3895,0,6.418485237483954%
3896,0,6.4168377823408616%
3897,0,6.415191172696947%
3898,0,6.413545407901487%
3899,0,6.411900487304437%
3900,0,6.41025641025641%
3901,0,6.408613176108691%
3902,0,6.406970784213224%
3903,0,6.405329233922624%
3904,0,6.403688524590163%
3905,0,6.402048655569782%
3906,0,6.400409626216078%
3907,0,6.39877143588431%
3908,0,6.397134083930399%
3909,0,6.395497569710923%
3910,0,6.3938618925831205%
3911,0,6.392227051904883%
3912,0,6.3905930470347645%
3913,0,6.3889598773319705%
3914,0,6.3873275421563624%
3915,0,6.385696040868455%
3916,0,6.384065372829417%
3917,0,6.382435537401072%
3918,0,6.38080653394589%
3919,0,6.379178361826996%
3920,0,6.377551020408164%
3921,0,6.375924509053813%
3922,0,6.3742988271290155%
3923,0,6.372673973999491%
3924,0,6.3710499490316%
3925,0,6.369426751592357%
3926,0,6.367804381049415%
3927,0,6.366182836771072%
3928,0,6.364562118126273%
3929,0,6.362942224484602%
3930,0,6.361323155216285%
3931,0,6.359704909692191%
3932,0,6.358087487283825%
3933,0,6.3564708873633355%
3934,0,6.354855109303507%
3935,0,6.353240152477764%
3936,0,6.351626016260163%
3937,0,6.3500127000254%
3938,0,6.348400203148806%
3939,0,6.346788525006347%
3940,0,6.345177664974619%
3941,0,6.3435676224308555%
3942,0,6.341958396752917%
3943,0,6.340349987319301%
3944,0,6.338742393509128%
3945,0,6.337135614702155%
3946,0,6.3355296502787635%
3947,0,6.333924499619964%
3948,0,6.332320162107397%
3949,0,6.330716637123322%
3950,0,6.329113924050633%
3951,0,6.327512022272843%
3952,0,6.325910931174089%
3953,0,6.324310650139135%
3954,0,6.322711178553364%
3955,0,6.32111251580278%
3956,0,6.319514661274014%
3957,0,6.317917614354308%
3958,0,6.316321374431531%
3959,1,6.339984844657742%
3960,1,6.363636363636363%
3961,0,6.362029790456955%
3962,0,6.36042402826855%
3963,0,6.358819076457229%
3964,0,6.357214934409687%
3965,0,6.355611601513241%
3966,0,6.354009077155824%
3967,0,6.35240736072599%
3968,0,6.350806451612903%
3969,0,6.349206349206349%
3970,0,6.347607052896725%
3971,0,6.346008562075044%
3972,0,6.3444108761329305%
3973,0,6.342813994462623%
3974,1,6.366381479617514%
3975,0,6.364779874213837%
3976,1,6.388329979879276%
3977,0,6.386723661051044%
3978,1,6.41025641025641%
3979,1,6.4337773309876845%
3980,1,6.457286432160804%
3981,1,6.480783722682743%
3982,0,6.479156202913108%
3983,0,6.477529500376601%
3984,0,6.475903614457831%
3985,1,6.499372647427855%
3986,0,6.497742097340692%
3987,0,6.496112365186857%
3988,0,6.494483450351053%
3989,0,6.492855352218601%
3990,0,6.491228070175438%
3991,0,6.489601603608118%
3992,0,6.487975951903807%
3993,1,6.511394941147007%
3994,0,6.509764646970456%
3995,1,6.533166458072591%
3996,0,6.531531531531531%
3997,0,6.5298974230673%
3998,0,6.528264132066034%
3999,0,6.526631657914479%
4000,0,6.525%
4001,0,6.523369157710572%
4002,0,6.521739130434782%
4003,0,6.520109917561828%
4004,0,6.518481518481519%
4005,0,6.51685393258427%
4006,0,6.515227159261109%
4007,0,6.513601197903669%
4008,0,6.5119760479041915%
4009,0,6.5103517086555245%
4010,0,6.508728179551122%
4011,0,6.507105459985041%
4012,0,6.505483549351944%
4013,0,6.503862447047097%
4014,0,6.502242152466367%
4015,0,6.500622665006227%
4016,0,6.499003984063744%
4017,0,6.4973861090365945%
4018,0,6.495769039323046%
4019,0,6.494152774321971%
4020,0,6.492537313432837%
4021,0,6.490922656055707%
4022,0,6.489308801591248%
4023,0,6.487695749440715%
4024,0,6.4860834990059635%
4025,0,6.484472049689441%
4026,0,6.482861400894188%
4027,0,6.481251552023839%
4028,0,6.479642502482622%
4029,0,6.4780342516753535%
4030,0,6.476426799007444%
4031,0,6.474820143884892%
4032,0,6.4732142857142865%
4033,0,6.471609223902802%
4034,0,6.4700049578582055%
4035,0,6.4684014869888475%
4036,0,6.466798810703667%
4037,0,6.465196928412187%
4038,0,6.463595839524518%
4039,0,6.461995543451349%
4040,0,6.46039603960396%
4041,0,6.45879732739421%
4042,0,6.457199406234537%
4043,0,6.4556022755379665%
4044,0,6.454005934718101%
4045,0,6.452410383189122%
4046,0,6.450815620365794%
4047,0,6.449221645663454%
4048,0,6.447628458498024%
4049,0,6.446036058285996%
4050,0,6.444444444444445%
4051,0,6.442853616391014%
4052,0,6.441263573543929%
4053,0,6.439674315321983%
4054,0,6.438085841144549%
4055,0,6.436498150431566%
4056,0,6.43491124260355%
4057,0,6.433325117081587%
4058,0,6.431739773287333%
4059,0,6.430155210643015%
4060,1,6.45320197044335%
4061,1,6.476237379955677%
4062,0,6.474643032988675%
4063,0,6.4730494708343596%
4064,0,6.471456692913385%
4065,0,6.469864698646986%
4066,0,6.46827348745696%
4067,0,6.466683058765675%
4068,0,6.465093411996067%
4069,0,6.46350454657164%
4070,0,6.461916461916461%
4071,0,6.4603291574551704%
4072,0,6.458742632612966%
4073,0,6.457156886815615%
4074,0,6.455571919489446%
4075,0,6.45398773006135%
4076,0,6.452404317958783%
4077,0,6.450821682609761%
4078,0,6.449239823442864%
4079,0,6.447658739887227%
4080,0,6.44607843137255%
4081,0,6.444498897329086%
4082,0,6.442920137187653%
4083,0,6.441342150379622%
4084,0,6.439764936336926%
4085,0,6.438188494492043%
4086,0,6.436612824278022%
4087,0,6.435037925128456%
4088,0,6.433463796477495%
4089,1,6.456346294937637%
4090,0,6.454767726161369%
4091,0,6.453189929112686%
4092,0,6.451612903225806%
4093,0,6.450036647935499%
4094,0,6.448461162677088%
4095,0,6.446886446886448%
4096,0,6.4453125%
4097,0,6.443739321454722%
4098,0,6.44216691068814%
4099,0,6.4405952671383275%
4100,0,6.439024390243903%
4101,0,6.437454279444038%
4102,0,6.43588493417845%
4103,0,6.434316353887399%
4104,0,6.432748538011696%
4105,0,6.431181485992692%
4106,0,6.429615197272284%
4107,0,6.428049671292914%
4108,0,6.426484907497566%
4109,0,6.424920905329764%
4110,0,6.423357664233577%
4111,0,6.421795183653613%
4112,0,6.420233463035019%
4113,0,6.418672501823488%
4114,0,6.417112299465241%
4115,0,6.415552855407047%
4116,0,6.41399416909621%
4117,0,6.412436239980568%
4118,0,6.410879067508499%
4119,0,6.409322651128916%
4120,0,6.407766990291262%
4121,0,6.406212084445523%
4122,1,6.428918000970403%
4123,1,6.451612903225806%
4124,0,6.450048496605238%
4125,0,6.448484848484847%
4126,0,6.446921958313136%
4127,0,6.445359825539132%
4128,0,6.4437984496124034%
4129,0,6.442237829983047%
4130,0,6.440677966101695%
4131,0,6.439118857419511%
4132,0,6.43756050338819%
4133,0,6.436002903459956%
4134,0,6.434446057087566%
4135,0,6.432889963724304%
4136,0,6.431334622823985%
4137,0,6.429780033840947%
4138,0,6.428226196230062%
4139,0,6.426673109446726%
4140,0,6.42512077294686%
4141,0,6.423569186186912%
4142,0,6.422018348623854%
4143,0,6.420468259715182%
4144,0,6.418918918918918%
4145,0,6.417370325693607%
4146,0,6.415822479498312%
4147,0,6.41427537979262%
4148,0,6.412729026036644%
4149,0,6.41118341769101%
4150,0,6.409638554216867%
4151,0,6.408094435075886%
4152,0,6.40655105973025%
4153,0,6.405008427642668%
4154,0,6.40346653827636%
4155,0,6.401925391095066%
4156,0,6.400384985563042%
4157,0,6.398845321145057%
4158,1,6.421356421356421%
4159,1,6.44385669632123%
4160,1,6.466346153846154%
4161,1,6.4888248017303525%
4162,1,6.511292647765497%
4163,0,6.509728561133797%
4164,0,6.508165225744476%
4165,0,6.506602641056422%
4166,0,6.505040806529045%
4167,0,6.50347972162227%
4168,0,6.501919385796545%
4169,0,6.500359798512832%
4170,0,6.498800959232614%
4171,0,6.497242867417885%
4172,0,6.49568552253116%
4173,0,6.494128924035467%
4174,0,6.492573071394346%
4175,0,6.491017964071856%
4176,0,6.4894636015325675%
4177,0,6.48790998324156%
4178,0,6.486357108664433%
4179,0,6.484804977267289%
4180,0,6.483253588516746%
4181,0,6.481702941879933%
4182,0,6.480153036824486%
4183,0,6.478603872818551%
4184,0,6.477055449330783%
4185,0,6.475507765830346%
4186,0,6.473960821786909%
4187,0,6.4724146166706475%
4188,1,6.4947468958930274%
4189,1,6.517068512771544%
4190,1,6.539379474940334%
4191,1,6.561679790026247%
4192,1,6.583969465648855%
4193,1,6.606248509420462%
4194,1,6.628516928946114%
4195,1,6.6507747318236%
4196,1,6.67302192564347%
4197,1,6.69525851798904%
4198,1,6.717484516436397%
4199,1,6.739699928554417%
4200,0,6.738095238095237%
4201,0,6.736491311592478%
4202,0,6.734888148500715%
4203,0,6.733285748275042%
4204,0,6.731684110371075%
4205,0,6.730083234244947%
4206,0,6.728483119353306%
4207,0,6.726883765153316%
4208,0,6.725285171102661%
4209,0,6.723687336659539%
4210,1,6.7458432304038%
4211,0,6.7442412728568035%
4212,1,6.766381766381767%
4213,1,6.7885117493472595%
4214,1,6.810631229235881%
4215,1,6.832740213523132%
4216,1,6.854838709677419%
4217,1,6.876926725160066%
4218,0,6.87529634898056%
4219,1,6.897369044797346%
4220,0,6.895734597156398%
4221,0,6.89410092395167%
4222,0,6.892468024632875%
4223,0,6.890835898650248%
4224,0,6.889204545454546%
4225,0,6.887573964497042%
4226,0,6.885944155229532%
4227,0,6.88431511710433%
4228,0,6.882686849574267%
4229,0,6.881059352092693%
4230,0,6.879432624113475%
4231,0,6.877806665090995%
4232,0,6.876181474480152%
4233,0,6.874557051736358%
4234,0,6.872933396315541%
4235,0,6.871310507674144%
4236,0,6.869688385269122%
4237,0,6.868067028557942%
4238,0,6.866446436998584%
4239,0,6.8648266100495405%
4240,0,6.863207547169811%
4241,0,6.861589247818911%
4242,0,6.8599717114568595%
4243,0,6.858354937544191%
4244,0,6.856738925541942%
4245,0,6.855123674911661%
4246,0,6.853509185115403%
4247,0,6.851895455615729%
4248,0,6.850282485875706%
4249,0,6.8486702753589075%
4250,0,6.847058823529411%
4251,0,6.8454481298518%
4252,0,6.843838193791157%
4253,0,6.842229014813073%
4254,0,6.840620592383639%
4255,0,6.839012925969448%
4256,0,6.837406015037593%
4257,0,6.8357998590556734%
4258,0,6.83419445749178%
4259,0,6.83258980981451%
4260,0,6.830985915492958%
4261,0,6.829382773996715%
4262,0,6.8277803847958705%
4263,0,6.826178747361013%
4264,0,6.824577861163227%
4265,0,6.822977725674091%
4266,0,6.821378340365682%
4267,0,6.8197797047105695%
4268,0,6.8181818181818175%
4269,0,6.816584680252986%
4270,0,6.814988290398126%
4271,0,6.8133926480917815%
4272,0,6.811797752808989%
4273,0,6.810203604025275%
4274,0,6.808610201216658%
4275,0,6.807017543859649%
4276,0,6.805425631431245%
4277,0,6.803834463408931%
4278,0,6.802244039270687%
4279,0,6.800654358494976%
4280,0,6.799065420560748%
4281,0,6.797477224947442%
4282,0,6.795889771134983%
4283,0,6.794303058603783%
4284,0,6.792717086834734%
4285,0,6.791131855309218%
4286,0,6.789547363509099%
4287,0,6.787963610916725%
4288,0,6.786380597014925%
4289,0,6.784798321287014%
4290,0,6.783216783216783%
4291,0,6.7816359822885115%
4292,0,6.780055917986952%
4293,0,6.778476589797345%
4294,0,6.776897997205403%
4295,0,6.775320139697323%
4296,0,6.773743016759777%
4297,1,6.795438678147544%
4298,1,6.817124243834341%
4299,1,6.838799720865317%
4300,1,6.86046511627907%
4301,1,6.88212043710765%
4302,1,6.903765690376569%
4303,0,6.902161282825936%
4304,0,6.900557620817843%
4305,0,6.898954703832752%
4306,0,6.897352531351602%
4307,0,6.895751102855815%
4308,0,6.894150417827298%
4309,0,6.8925504757484335%
4310,0,6.890951276102088%
4311,0,6.8893528183716075%
4312,0,6.887755102040815%
4313,0,6.886158126594018%
4314,0,6.884561891515995%
4315,0,6.882966396292005%
4316,0,6.881371640407785%
4317,0,6.879777623349548%
4318,0,6.878184344603984%
4319,0,6.876591803658254%
4320,0,6.875000000000001%
4321,0,6.873408933117334%
4322,0,6.871818602498843%
4323,0,6.870229007633588%
4324,0,6.868640148011101%
4325,0,6.867052023121387%
4326,0,6.865464632454923%
4327,0,6.863877975502658%
4328,0,6.862292051756007%
4329,0,6.860706860706861%
4330,0,6.859122401847576%
4331,0,6.857538674670977%
4332,0,6.85595567867036%
4333,0,6.854373413339488%
4334,0,6.852791878172589%
4335,0,6.851211072664359%
4336,0,6.849630996309964%
4337,0,6.8480516486050265%
4338,0,6.846473029045644%
4339,0,6.84489513712837%
4340,0,6.843317972350231%
4341,0,6.841741534208707%
4342,0,6.840165822201751%
4343,0,6.83859083582777%
4344,0,6.837016574585636%
4345,0,6.8354430379746836%
4346,0,6.8338702254947075%
4347,0,6.832298136645963%
4348,0,6.830726770929163%
4349,0,6.829156127845481%
4350,0,6.827586206896552%
4351,0,6.826017007584463%
4352,0,6.8244485294117645%
4353,0,6.822880771881461%
4354,0,6.821313734497014%
4355,0,6.819747416762342%
4356,0,6.8181818181818175%
4357,0,6.816616938260271%
4358,0,6.815052776502983%
4359,0,6.813489332415691%
4360,0,6.811926605504587%
4361,0,6.8103645952763125%
4362,0,6.8088033012379645%
4363,0,6.807242722897088%
4364,0,6.805682859761686%
4365,0,6.804123711340206%
4366,0,6.802565277141548%
4367,0,6.801007556675064%
4368,0,6.799450549450549%
4369,0,6.797894254978256%
4370,0,6.796338672768878%
4371,0,6.794783802333562%
4372,0,6.793229643183897%
4373,0,6.791676194831924%
4374,0,6.790123456790123%
4375,0,6.788571428571428%
4376,0,6.787020109689214%
4377,0,6.7854694996572995%
4378,0,6.78391959798995%
4379,0,6.782370404201872%
4380,0,6.780821917808219%
4381,0,6.779274138324583%
4382,0,6.777727065267001%
4383,0,6.7761806981519515%
4384,0,6.77463503649635%
4385,0,6.7730900798175595%
4386,0,6.771545827633379%
4387,0,6.770002279462046%
4388,0,6.768459434822242%
4389,0,6.7669172932330826%
4390,0,6.765375854214123%
4391,0,6.763835117285357%
4392,0,6.762295081967213%
4393,0,6.76075574778056%
4394,0,6.759217114246701%
4395,0,6.757679180887371%
4396,0,6.756141947224751%
4397,0,6.754605412781442%
4398,0,6.753069577080491%
4399,0,6.751534439645374%
4400,0,6.75%
4401,0,6.748466257668712%
4402,0,6.746933212176283%
4403,0,6.745400863047922%
4404,0,6.743869209809264%
4405,0,6.7423382519863795%
4406,0,6.7408079891057655%
4407,0,6.73927842069435%
4408,0,6.737749546279492%
4409,0,6.736221365388976%
4410,0,6.73469387755102%
4411,0,6.733167082294264%
4412,0,6.731640979147779%
4413,0,6.730115567641061%
4414,0,6.728590847304032%
4415,0,6.727066817667045%
4416,0,6.725543478260869%
4417,0,6.724020828616709%
4418,0,6.722498868266184%
4419,0,6.720977596741344%
4420,0,6.719457013574661%
4421,0,6.7179371182990275%
4422,0,6.7164179104477615%
4423,0,6.714899389554602%
4424,0,6.713381555153706%
4425,0,6.711864406779661%
4426,0,6.710347943967465%
4427,0,6.708832166252542%
4428,0,6.707317073170732%
4429,0,6.705802664258298%
4430,0,6.704288939051918%
4431,0,6.702775897088693%
4432,0,6.7012635379061365%
4433,0,6.699751861042183%
4434,0,6.698240866035182%
4435,0,6.6967305524239%
4436,0,6.69522091974752%
4437,0,6.693711967545639%
4438,0,6.692203695358269%
4439,0,6.690696102725839%
4440,0,6.689189189189189%
4441,0,6.687682954289574%
4442,0,6.686177397568663%
4443,0,6.684672518568535%
4444,0,6.683168316831684%
4445,0,6.681664791901013%
4446,0,6.680161943319838%
4447,0,6.678659770631887%
4448,0,6.677158273381295%
4449,0,6.67565745111261%
4450,0,6.674157303370787%
4451,0,6.672657829701191%
4452,0,6.671159029649595%
4453,0,6.669660902762183%
4454,0,6.668163448585542%
4455,0,6.666666666666667%
4456,0,6.665170556552963%
4457,0,6.663675117792237%
4458,0,6.662180349932706%
4459,0,6.6606862525229875%
4460,0,6.6591928251121075%
4461,0,6.657700067249496%
4462,0,6.656207978484985%
4463,0,6.65471655836881%
4464,0,6.653225806451612%
4465,0,6.6517357222844335%
4466,0,6.65024630541872%
4467,0,6.648757555406314%
4468,0,6.647269471799463%
4469,0,6.645782054150818%
4470,0,6.644295302013423%
4471,0,6.642809214940729%
4472,0,6.641323792486584%
4473,0,6.639839034205232%
4474,0,6.638354939651318%
4475,0,6.636871508379888%
4476,0,6.635388739946381%
4477,0,6.6339066339066335%
4478,0,6.632425189816884%
4479,0,6.630944407233757%
4480,0,6.629464285714286%
4481,0,6.62798482481589%
4482,0,6.626506024096386%
4483,0,6.625027883113986%
4484,0,6.6235504014272975%
4485,0,6.622073578595318%
4486,0,6.620597414177441%
4487,0,6.619121907733453%
4488,0,6.61764705882353%
4489,0,6.616172867008243%
4490,0,6.614699331848552%
4491,0,6.613226452905812%
4492,0,6.611754229741764%
4493,0,6.61028266191854%
4494,0,6.608811748998665%
4495,0,6.607341490545051%
4496,0,6.605871886120997%
4497,0,6.604402935290193%
4498,0,6.602934637616718%
4499,0,6.601466992665037%
4500,0,6.6000000000000005%
4501,0,6.598533659186848%
4502,0,6.597067969791204%
4503,0,6.595602931379081%
4504,0,6.594138543516874%
4505,0,6.592674805771365%
4506,0,6.5912117177097205%
4507,0,6.58974927889949%
4508,0,6.588287488908606%
4509,0,6.58682634730539%
4510,0,6.585365853658537%
4511,0,6.583906007537131%
4512,0,6.582446808510638%
4513,0,6.5809882561489035%
4514,0,6.579530350022153%
4515,0,6.578073089700996%
4516,0,6.576616474756422%
4517,0,6.575160504759796%
4518,0,6.573705179282868%
4519,0,6.572250497897765%
4520,0,6.57079646017699%
4521,0,6.569343065693431%
4522,0,6.567890314020344%
4523,0,6.566438204731373%
4524,0,6.56498673740053%
4525,0,6.56353591160221%
4526,0,6.562085726911179%
4527,0,6.560636182902585%
4528,0,6.559187279151943%
4529,0,6.557739015235151%
4530,0,6.556291390728476%
4531,0,6.554844405208564%
4532,0,6.553398058252427%
4533,0,6.551952349437459%
4534,0,6.550507278341421%
4535,0,6.549062844542447%
4536,0,6.547619047619048%
4537,0,6.546175887150099%
4538,0,6.544733362714853%
4539,0,6.5432914738929275%
4540,0,6.541850220264317%
4541,0,6.540409601409382%
4542,0,6.53896961690885%
4543,0,6.5375302663438255%
4544,0,6.536091549295775%
4545,0,6.534653465346535%
4546,0,6.53321601407831%
4547,0,6.531779195073676%
4548,0,6.530343007915568%
4549,0,6.528907452187294%
4550,0,6.527472527472527%
4551,0,6.526038233355306%
4552,0,6.524604569420036%
4553,0,6.523171535251482%
4554,0,6.521739130434782%
4555,0,6.520307354555434%
4556,0,6.518876207199298%
4557,0,6.5174456879526%
4558,0,6.5160157964019305%
4559,0,6.514586532134239%
4560,0,6.513157894736842%
4561,0,6.511729883797413%
4562,0,6.51030249890399%
4563,0,6.508875739644971%
4564,0,6.507449605609114%
4565,0,6.506024096385541%
4566,0,6.504599211563732%
4567,0,6.503174950733523%
4568,0,6.501751313485114%
4569,0,6.500328299409061%
4570,0,6.4989059080962805%
4571,0,6.497484139138045%
4572,0,6.496062992125983%
4573,0,6.494642466652088%
4574,0,6.493222562308701%
4575,0,6.491803278688526%
4576,0,6.490384615384616%
4577,0,6.488966571990387%
4578,0,6.487549148099607%
4579,0,6.486132343306399%
4580,0,6.4847161572052405%
4581,0,6.4833005893909625%
4582,0,6.481885639458751%
4583,0,6.480471307004146%
4584,0,6.479057591623037%
4585,0,6.4776444929116686%
4586,0,6.476232010466637%
4587,0,6.474820143884892%
4588,0,6.4734088927637305%
4589,0,6.471998256700806%
4590,0,6.470588235294119%
4591,0,6.469178828142017%
4592,0,6.4677700348432055%
4593,0,6.466361854996734%
4594,0,6.464954288202003%
4595,0,6.4635473340587595%
4596,0,6.462140992167102%
4597,0,6.460735262127475%
4598,0,6.4593301435406705%
4599,0,6.457925636007827%
4600,0,6.456521739130435%
4601,0,6.455118452510324%
4602,0,6.453715775749674%
4603,0,6.45231370845101%
4604,0,6.450912250217203%
4605,0,6.449511400651466%
4606,0,6.44811115935736%
4607,0,6.446711525938789%
4608,0,6.4453125%
4609,0,6.443914081145586%
4610,0,6.442516268980477%
4611,0,6.441119063109954%
4612,0,6.439722463139636%
4613,0,6.438326468675483%
4614,0,6.436931079323798%
4615,0,6.435536294691224%
4616,0,6.434142114384748%
4617,0,6.432748538011696%
4618,0,6.431355565179732%
4619,0,6.429963195496861%
4620,0,6.428571428571428%
4621,0,6.427180264012118%
4622,0,6.425789701427953%
4623,0,6.424399740428294%
4624,0,6.423010380622837%
4625,0,6.421621621621622%
4626,0,6.420233463035019%
4627,0,6.418845904473741%
4628,0,6.417458945548833%
4629,0,6.416072585871678%
4630,0,6.414686825053996%
4631,0,6.413301662707839%
4632,0,6.411917098445596%
4633,0,6.410533131879992%
4634,0,6.409149762624083%
4635,0,6.407766990291262%
4636,0,6.406384814495254%
4637,0,6.40500323485012%
4638,0,6.403622250970247%
4639,0,6.402241862470361%
4640,0,6.400862068965517%
4641,0,6.399482870071105%
4642,0,6.398104265402843%
4643,0,6.396726254576782%
4644,0,6.395348837209303%
4645,0,6.393972012917115%
4646,0,6.392595781317262%
4647,0,6.391220142027114%
4648,0,6.389845094664372%
4649,1,6.409980640998064%
4650,0,6.408602150537634%
4651,0,6.407224252848849%
4652,0,6.405846947549441%
4653,0,6.404470234257468%
4654,0,6.403094112591319%
4655,0,6.4017185821697105%
4656,0,6.400343642611683%
4657,0,6.398969293536612%
4658,0,6.39759553456419%
4659,0,6.396222365314445%
4660,0,6.394849785407724%
4661,0,6.393477794464706%
4662,0,6.392106392106392%
4663,0,6.390735577954107%
4664,0,6.389365351629503%
4665,0,6.387995712754556%
4666,0,6.386626660951565%
4667,0,6.385258195843154%
4668,0,6.383890317052271%
4669,0,6.382523024202184%
4670,0,6.3811563169164875%
4671,0,6.379790194819096%
4672,0,6.378424657534247%
4673,0,6.377059704686497%
4674,0,6.375695335900727%
4675,0,6.374331550802139%
4676,0,6.372968349016253%
4677,0,6.371605730168911%
4678,0,6.370243693886277%
4679,0,6.368882239794828%
4680,0,6.367521367521367%
4681,0,6.366161076693014%
4682,0,6.364801366937206%
4683,0,6.3634422378817%
4684,0,6.362083689154568%
4685,0,6.360725720384205%
4686,0,6.359368331199317%
4687,0,6.358011521228931%
4688,0,6.356655290102389%
4689,0,6.355299637449349%
4690,0,6.353944562899787%
4691,0,6.352590066083991%
4692,0,6.351236146632566%
4693,0,6.349882804176434%
4694,0,6.3485300383468255%
4695,0,6.347177848775293%
4696,0,6.345826235093696%
4697,0,6.344475196934213%
4698,0,6.343124733929331%
4699,0,6.3417748457118535%
4700,0,6.340425531914893%
4701,0,6.339076792171879%
4702,0,6.3377286261165455%
4703,0,6.336381033382947%
4704,0,6.335034013605442%
4705,0,6.333687566418704%
4706,0,6.332341691457713%
4707,0,6.330996388357765%
4708,0,6.329651656754461%
4709,0,6.3283074962837125%
4710,0,6.326963906581741%
4711,0,6.325620887285077%
4712,0,6.32427843803056%
4713,0,6.322936558455336%
4714,0,6.321595248196861%
4715,0,6.320254506892894%
4716,0,6.3189143341815095%
4717,0,6.3175747297010805%
4718,0,6.3162356930902925%
4719,0,6.314897223988133%
4720,0,6.313559322033899%
4721,0,6.312221986867189%
4722,0,6.310885218127912%
4723,0,6.3095490154562786%
4724,0,6.308213378492803%
4725,0,6.306878306878307%
4726,0,6.305543800253914%
4727,0,6.3042098582610535%
4728,0,6.302876480541456%
4729,0,6.301543666737154%
4730,0,6.3002114164904865%
4731,0,6.298879729444091%
4732,0,6.297548605240913%
4733,0,6.296218043524192%
4734,0,6.294888043937473%
4735,0,6.293558606124604%
4736,0,6.29222972972973%
4737,0,6.2909014143972986%
4738,0,6.289573659772056%
4739,0,6.288246465499051%
4740,0,6.28691983122363%
4741,0,6.285593756591436%
4742,0,6.2842682412484185%
4743,0,6.282943284840818%
4744,0,6.281618887015177%
4745,0,6.280295047418336%
4746,0,6.278971765697429%
4747,0,6.2776490414998944%
4748,0,6.276326874473462%
4749,0,6.275005264266162%
4750,0,6.273684210526316%
4751,0,6.272363712902547%
4752,0,6.271043771043772%
4753,0,6.2697243845992%
4754,0,6.268405553218343%
4755,0,6.267087276550999%
4756,0,6.2657695542472664%
4757,0,6.2644523859575365%
4758,0,6.263135771332492%
4759,0,6.261819710023114%
4760,0,6.260504201680672%
4761,0,6.2591892459567315%
4762,0,6.25787484250315%
4763,0,6.256560990972076%
4764,0,6.255247691015953%
4765,0,6.253934942287513%
4766,0,6.2526227444397815%
4767,0,6.251311097126075%
4768,0,6.25%
4769,0,6.248689452715453%
4770,0,6.247379454926625%
4771,0,6.246070006287989%
4772,1,6.26571668063705%
4773,1,6.285355122564424%
4774,1,6.3049853372434015%
4775,0,6.303664921465968%
4776,0,6.302345058626465%
4777,0,6.3010257483776435%
4778,0,6.29970699037254%
4779,0,6.29838878426449%
4780,0,6.297071129707113%
4781,0,6.295754026354319%
4782,0,6.2944374738603095%
4783,0,6.293121471879573%
4784,0,6.29180602006689%
4785,0,6.290491118077325%
4786,0,6.289176765566235%
4787,0,6.287862962189263%
4788,0,6.286549707602338%
4789,0,6.285237001461683%
4790,0,6.283924843423799%
4791,0,6.282613233145481%
4792,0,6.281302170283806%
4793,0,6.279991654496141%
4794,0,6.278681685440134%
4795,0,6.2773722627737225%
4796,0,6.27606338615513%
4797,0,6.27475505524286%
4798,0,6.273447269695706%
4799,0,6.2721400291727445%
4800,0,6.270833333333334%
4801,0,6.269527181837117%
4802,0,6.2682215743440235%
4803,0,6.266916510514261%
4804,0,6.265611990008327%
4805,0,6.2643080124869925%
4806,0,6.263004577611319%
4807,0,6.261701685042646%
4808,0,6.260399334442596%
4809,0,6.259097525473072%
4810,0,6.257796257796258%
4811,0,6.256495531074621%
4812,0,6.255195344970906%
4813,0,6.25389569914814%
4814,0,6.2525965932696295%
4815,0,6.251298026998961%
4816,0,6.25%
4817,0,6.248702511936891%
4818,0,6.247405562474055%
4819,0,6.246109151276198%
4820,0,6.244813278008299%
4821,0,6.243517942335615%
4822,0,6.242223143923683%
4823,0,6.2409288824383164%
4824,0,6.239635157545606%
4825,0,6.238341968911917%
4826,0,6.237049316203896%
4827,0,6.235757199088461%
4828,0,6.234465617232809%
4829,0,6.233174570304411%
4830,0,6.231884057971015%
4831,0,6.230594079900642%
4832,0,6.229304635761589%
4833,0,6.228015725222429%
4834,0,6.226727347952007%
4835,0,6.225439503619441%
4836,0,6.224152191894127%
4837,0,6.2228654124457305%
4838,0,6.221579164944192%
4839,0,6.2202934490597235%
4840,0,6.21900826446281%
4841,0,6.21772361082421%
4842,0,6.216439487814952%
4843,0,6.215155895106339%
4844,0,6.213872832369942%
4845,0,6.212590299277606%
4846,0,6.2113082955014445%
4847,0,6.210026820713844%
4848,0,6.208745874587459%
4849,0,6.207465456795216%
4850,0,6.206185567010309%
4851,0,6.204906204906205%
4852,0,6.203627370156636%
4853,0,6.202349062435607%
4854,0,6.201071281417388%
4855,0,6.1997940267765195%
4856,0,6.198517298187809%
4857,0,6.197241095326333%
4858,0,6.195965417867435%
4859,0,6.1946902654867255%
4860,1,6.2139917695473255%
4861,0,6.212713433449908%
4862,0,6.211435623200329%
4863,0,6.2101583384741925%
4864,0,6.208881578947369%
4865,0,6.207605344295992%
4866,0,6.206329634196465%
4867,0,6.205054448325457%
4868,0,6.203779786359902%
4869,0,6.202505647976998%
4870,0,6.201232032854209%
4871,0,6.1999589406692674%
4872,0,6.198686371100164%
4873,0,6.197414323825159%
4874,0,6.196142798522774%
4875,0,6.194871794871795%
4876,0,6.193601312551271%
4877,0,6.192331351240517%
4878,0,6.191061910619107%
4879,0,6.189792990366878%
4880,0,6.188524590163935%
4881,0,6.187256709690637%
4882,0,6.185989348627611%
4883,0,6.184722506655745%
4884,0,6.183456183456183%
4885,0,6.182190378710338%
4886,0,6.180925092099877%
4887,0,6.179660323306732%
4888,0,6.1783960720130935%
4889,0,6.177132337901411%
4890,0,6.175869120654396%
4891,0,6.174606419955019%
4892,0,6.173344235486509%
4893,0,6.172082566932352%
4894,0,6.170821413976298%
4895,0,6.169560776302349%
4896,0,6.1683006535947715%
4897,0,6.167041045538085%
4898,0,6.165781951817069%
4899,0,6.164523372116759%
4900,0,6.163265306122448%
4901,0,6.162007753519689%
4902,0,6.160750713994288%
4903,0,6.159494187232307%
4904,0,6.158238172920065%
4905,0,6.156982670744139%
4906,0,6.155727680391357%
4907,0,6.154473201548808%
4908,0,6.1532192339038305%
4909,0,6.151965777144021%
4910,0,6.15071283095723%
4911,0,6.149460395031562%
4912,0,6.148208469055374%
4913,0,6.146957052717281%
4914,0,6.1457061457061455%
4915,0,6.144455747711088%
4916,0,6.143205858421481%
4917,0,6.141956477526947%
4918,0,6.140707604717364%
4919,0,6.1394592396828624%
4920,0,6.138211382113821%
4921,0,6.136964031700874%
4922,0,6.135717188134905%
4923,0,6.134470851107048%
4924,0,6.133225020308692%
4925,0,6.131979695431472%
4926,0,6.130734876167276%
4927,0,6.1294905622082405%
4928,0,6.128246753246754%
4929,0,6.127003448975452%
4930,0,6.125760649087221%
4931,0,6.124518353275198%
4932,0,6.123276561232766%
4933,0,6.122035272653557%
4934,0,6.120794487231455%
4935,0,6.119554204660588%
4936,0,6.118314424635332%
4937,0,6.117075146850314%
4938,0,6.115836371000405%
4939,0,6.114598096780725%
4940,0,6.113360323886639%
4941,0,6.112123052013763%
4942,0,6.110886280857953%
4943,0,6.109650010115315%
4944,0,6.108414239482201%
4945,0,6.107178968655207%
4946,0,6.105944197331177%
4947,0,6.104709925207196%
4948,0,6.1034761519805985%
4949,0,6.102242877348959%
4950,0,6.1010101010101%
4951,0,6.099777822662088%
4952,0,6.098546042003231%
4953,0,6.0973147587320815%
4954,0,6.0960839725474365%
4955,0,6.094853683148335%
4956,0,6.09362389023406%
4957,0,6.092394593504135%
4958,0,6.091165792658329%
4959,0,6.089937487396653%
4960,0,6.088709677419355%
4961,0,6.08748236242693%
4962,0,6.086255542120113%
4963,0,6.085029216199879%
4964,0,6.083803384367446%
4965,0,6.08257804632427%
4966,0,6.081353201772051%
4967,1,6.100261727400846%
4968,1,6.119162640901772%
4969,1,6.1380559468705975%
4970,0,6.1368209255533195%
4971,1,6.155703077851539%
4972,1,6.174577634754626%
4973,0,6.173336014478182%
4974,0,6.1720948934459186%
4975,0,6.170854271356784%
4976,0,6.169614147909968%
4977,0,6.1683745228049025%
4978,0,6.167135395741261%
4979,0,6.1658967664189595%
4980,0,6.164658634538153%
4981,0,6.1634209997992375%
4982,0,6.16218386190285%
4983,0,6.160947220549869%
4984,0,6.159711075441413%
4985,0,6.158475426278836%
4986,0,6.1572402727637385%
4987,0,6.156005614597955%
4988,0,6.154771451483561%
4989,0,6.153537783122871%
4990,0,6.152304609218437%
4991,0,6.151071929473051%
4992,0,6.149839743589744%
4993,0,6.14860805127178%
4994,0,6.147376852222667%
4995,0,6.146146146146146%
4996,0,6.144915932746197%
4997,0,6.1436862117270366%
4998,0,6.142456982793117%
4999,0,6.14122824564913%
5000,0,6.140000000000001%
5001,1,6.15876824635073%
5002,1,6.177528988404638%
5003,1,6.196282230661603%
5004,1,6.215027977617906%
5005,1,6.233766233766234%
5006,1,6.252497003595685%
5007,0,6.251248252446574%
5008,0,6.25%
5009,1,6.268716310640847%
5010,0,6.26746506986028%
5011,0,6.26621432847735%
5012,0,6.264964086193137%
5013,0,6.2637143427089566%
5014,0,6.262465097726366%
5015,0,6.261216350947159%
5016,0,6.2599681020733655%
5017,0,6.258720350807255%
5018,0,6.257473096851335%
5019,0,6.256226339908348%
5020,0,6.254980079681275%
5021,0,6.253734315873332%
5022,0,6.252489048187973%
5023,0,6.251244276328888%
5024,0,6.25%
5025,0,6.248756218905473%
5026,0,6.247512932749701%
5027,0,6.246270141237319%
5028,0,6.24502784407319%
5029,0,6.2437860409624175%
5030,0,6.242544731610338%
5031,0,6.24130391572252%
5032,0,6.24006359300477%
5033,0,6.238823763163123%
5034,0,6.237584425903854%
5035,0,6.236345580933466%
5036,0,6.235107227958697%
5037,0,6.23386936668652%
5038,0,6.232631996824137%
5039,0,6.231395118078984%
5040,0,6.23015873015873%
5041,0,6.228922832771276%
5042,0,6.227687425624752%
5043,0,6.226452508427523%
5044,0,6.225218080888184%
5045,0,6.22398414271556%
5046,0,6.222750693618708%
5047,0,6.221517733306915%
5048,0,6.220285261489699%
5049,0,6.219053277876807%
5050,0,6.217821782178218%
5051,0,6.216590774104138%
5052,0,6.215360253365003%
5053,0,6.214130219671482%
5054,0,6.2129006727344676%
5055,0,6.211671612265084%
5056,0,6.2104430379746836%
5057,0,6.2092149495748465%
5058,0,6.207987346777382%
5059,0,6.206760229294327%
5060,0,6.205533596837945%
5061,0,6.204307449120727%
5062,0,6.203081785855393%
5063,0,6.201856606754888%
5064,0,6.200631911532385%
5065,0,6.1994076999012835%
5066,0,6.198183971575207%
5067,0,6.196960726268009%
5068,0,6.195737963693765%
5069,0,6.194515683566778%
5070,0,6.193293885601578%
5071,0,6.192072569512916%
5072,0,6.190851735015772%
5073,0,6.18963138182535%
5074,0,6.188411509657075%
5075,0,6.187192118226601%
5076,0,6.185973207249803%
5077,0,6.184754776442781%
5078,0,6.183536825521859%
5079,0,6.1823193542035835%
5080,0,6.181102362204725%
5081,0,6.179885849242275%
5082,0,6.178669815033452%
5083,0,6.177454259295692%
5084,0,6.176239181746656%
5085,0,6.1750245821042276%
5086,0,6.173810460086512%
5087,0,6.1725968154118345%
5088,0,6.171383647798742%
5089,0,6.170170956966005%
5090,0,6.168958742632613%
5091,0,6.167747004517777%
5092,0,6.166535742340927%
5093,0,6.165324955821716%
5094,0,6.164114644680016%
5095,0,6.1629048086359175%
5096,0,6.161695447409733%
5097,0,6.160486560721994%
5098,0,6.159278148293448%
5099,0,6.158070209845068%
5100,0,6.1568627450980395%
5101,0,6.15565575377377%
5102,0,6.1544492355938845%
5103,0,6.153243190280228%
5104,0,6.152037617554859%
5105,0,6.150832517140059%
5106,0,6.149627888758324%
5107,0,6.148423732132367%
5108,0,6.1472200469851215%
5109,0,6.146016833039734%
5110,0,6.14481409001957%
5111,0,6.1436118176482095%
5112,0,6.142410015649452%
5113,0,6.141208683747311%
5114,0,6.140007821666015%
5115,0,6.13880742913001%
5116,0,6.137607505863956%
5117,0,6.13640805159273%
5118,0,6.135209066041422%
5119,0,6.134010548935339%
5120,0,6.1328125%
5121,0,6.13161491896114%
5122,0,6.13041780554471%
5123,0,6.129221159476869%
5124,0,6.128024980483997%
5125,0,6.126829268292683%
5126,0,6.125634022629731%
5127,0,6.124439243222158%
5128,0,6.123244929797192%
5129,0,6.122051082082277%
5130,0,6.120857699805068%
5131,0,6.119664782693432%
5132,0,6.1184723304754485%
5133,0,6.117280342879408%
5134,0,6.116088819633814%
5135,0,6.114897760467381%
5136,0,6.113707165109035%
5137,0,6.1125170332879115%
5138,0,6.111327364733359%
5139,0,6.110138159174936%
5140,0,6.108949416342412%
5141,0,6.107761135965766%
5142,0,6.106573317775185%
5143,0,6.10538596150107%
5144,0,6.1041990668740285%
5145,0,6.1030126336248784%
5146,0,6.101826661484648%
5147,0,6.100641150184574%
5148,0,6.099456099456099%
5149,0,6.098271509030879%
5150,0,6.097087378640777%
5151,0,6.095903708017861%
5152,0,6.09472049689441%
5153,0,6.093537745002911%
5154,0,6.092355452076057%
5155,0,6.09117361784675%
5156,0,6.089992242048099%
5157,0,6.0888113244134185%
5158,0,6.087630864676232%
5159,0,6.086450862570265%
5160,0,6.0852713178294575%
5161,0,6.084092230187948%
5162,0,6.082913599380086%
5163,0,6.0817354251404225%
5164,0,6.0805577072037185%
5165,0,6.0793804453049365%
5166,0,6.078203639179249%
5167,0,6.077027288562029%
5168,0,6.075851393188855%
5169,0,6.074675952795512%
5170,0,6.0735009671179885%
5171,0,6.072326435892477%
5172,0,6.071152358855375%
5173,0,6.069978735743282%
5174,0,6.068805566293004%
5175,0,6.067632850241546%
5176,0,6.06646058732612%
5177,0,6.065288777284141%
5178,0,6.0641174198532255%
5179,0,6.062946514771191%
5180,0,6.061776061776062%
5181,0,6.0606060606060606%
5182,0,6.059436510999614%
5183,0,6.05826741269535%
5184,0,6.057098765432099%
5185,0,6.055930568948891%
5186,0,6.0547628229849595%
5187,0,6.053595527279738%
5188,0,6.05242868157286%
5189,0,6.051262285604163%
5190,0,6.05009633911368%
5191,0,6.048930841841649%
5192,0,6.047765793528505%
5193,0,6.046601193914886%
5194,0,6.045437042741625%
5195,0,6.044273339749759%
5196,0,6.0431100846805235%
5197,0,6.041947277275351%
5198,0,6.040784917275875%
5199,0,6.039623004423928%
5200,0,6.038461538461538%
5201,0,6.037300519130937%
5202,0,6.036139946174549%
5203,0,6.034979819334999%
5204,0,6.033820138355112%
5205,0,6.032660902977906%
5206,0,6.0315021129466%
5207,0,6.0303437680046095%
5208,0,6.029185867895545%
5209,0,6.028028412363218%
5210,1,6.046065259117082%
5211,1,6.064095183266168%
5212,1,6.082118188795088%
5213,1,6.100134279685402%
5214,0,6.098964326812428%
5215,0,6.097794822627037%
5216,0,6.096625766871166%
5217,0,6.095457159286947%
5218,0,6.094288999616712%
5219,0,6.093121287602989%
5220,0,6.091954022988506%
5221,0,6.090787205516185%
5222,0,6.089620834929145%
5223,0,6.0884549109707065%
5224,0,6.087289433384379%
5225,0,6.086124401913875%
5226,0,6.084959816303099%
5227,0,6.0837956762961545%
5228,0,6.082631981637338%
5229,0,6.081468732071142%
5230,0,6.080305927342256%
5231,0,6.0791435671955645%
5232,0,6.077981651376147%
5233,0,6.076820179629276%
5234,0,6.07565915170042%
5235,0,6.074498567335244%
5236,0,6.073338426279603%
5237,0,6.07217872827955%
5238,0,6.0710194730813285%
5239,0,6.06986066043138%
5240,0,6.068702290076336%
5241,0,6.067544361763022%
5242,0,6.066386875238459%
5243,0,6.065229830249857%
5244,0,6.064073226544623%
5245,0,6.062917063870353%
5246,0,6.061761341974838%
5247,0,6.0606060606060606%
5248,0,6.059451219512195%
5249,0,6.058296818441608%
5250,0,6.057142857142858%
5251,0,6.055989335364693%
5252,0,6.054836252856055%
5253,0,6.053683609366076%
5254,0,6.052531404644081%
5255,0,6.051379638439582%
5256,0,6.050228310502283%
5257,0,6.049077420582081%
5258,0,6.047926968429061%
5259,0,6.046776953793497%
5260,0,6.0456273764258555%
5261,0,6.044478236076792%
5262,0,6.043329532497149%
5263,0,6.042181265437963%
5264,0,6.041033434650456%
5265,0,6.03988603988604%
5266,0,6.038739080896316%
5267,0,6.037592557433074%
5268,0,6.0364464692482915%
5269,0,6.035300816094136%
5270,0,6.03415559772296%
5271,0,6.033010813887308%
5272,0,6.03186646433991%
5273,0,6.030722548833681%
5274,0,6.0295790671217295%
5275,0,6.028436018957346%
5276,0,6.027293404094011%
5277,0,6.026151222285389%
5278,0,6.025009473285335%
5279,0,6.023868156847888%
5280,0,6.0227272727272725%
5281,0,6.021586820677902%
5282,0,6.020446800454373%
5283,0,6.019307211811471%
5284,0,6.018168054504164%
5285,0,6.017029328287606%
5286,0,6.015891032917139%
5287,0,6.014753168148288%
5288,0,6.013615733736763%
5289,0,6.012478729438457%
5290,0,6.0113421550094515%
5291,0,6.01020601020601%
5292,0,6.00907029478458%
5293,0,6.007935008501795%
5294,0,6.0068001511144695%
5295,0,6.005665722379604%
5296,0,6.004531722054381%
5297,0,6.003398149896168%
5298,0,6.0022650056625135%
5299,0,6.001132289111153%
5300,1,6.018867924528302%
5301,1,6.036596868515375%
5302,1,6.054319124858544%
5303,1,6.072034697341127%
5304,0,6.070889894419306%
5305,0,6.069745523091423%
5306,0,6.068601583113456%
5307,0,6.067458074241568%
5308,0,6.066314996232103%
5309,0,6.06517234884159%
5310,0,6.064030131826742%
5311,0,6.062888344944455%
5312,0,6.061746987951807%
5313,0,6.0606060606060606%
5314,0,6.059465562664659%
5315,0,6.0583254938852305%
5316,0,6.057185854025583%
5317,0,6.056046642843709%
5318,0,6.054907860097781%
5319,0,6.053769505546155%
5320,0,6.052631578947368%
5321,0,6.05149408006014%
5322,0,6.050357008643367%
5323,0,6.049220364456134%
5324,0,6.048084147257701%
5325,0,6.046948356807512%
5326,0,6.04581299286519%
5327,0,6.044678055190539%
5328,0,6.043543543543543%
5329,0,6.042409457684369%
5330,0,6.041275797373358%
5331,0,6.040142562371038%
5332,0,6.03900975243811%
5333,0,6.037877367335458%
5334,0,6.036745406824147%
5335,0,6.035613870665417%
5336,0,6.0344827586206895%
5337,0,6.033352070451565%
5338,0,6.03222180591982%
5339,0,6.0310919647874135%
5340,0,6.0299625468164795%
5341,0,6.028833551769332%
5342,0,6.027704979408461%
5343,0,6.026576829496538%
5344,0,6.025449101796408%
5345,0,6.024321796071094%
5346,0,6.0231949120838015%
5347,0,6.0220684495979055%
5348,0,6.020942408376963%
5349,0,6.019816788184707%
5350,0,6.018691588785047%
5351,0,6.017566809942067%
5352,0,6.01644245142003%
5353,0,6.015318512983374%
5354,0,6.014194994396712%
5355,0,6.0130718954248366%
5356,0,6.011949215832711%
5357,0,6.010826955385476%
5358,0,6.009705113848451%
5359,0,6.008583690987124%
5360,0,6.007462686567164%
5361,0,6.006342100354411%
5362,0,6.005221932114883%
5363,0,6.004102181614767%
5364,0,6.002982848620433%
5365,0,6.001863932898416%
5366,0,6.000745434215431%
5367,1,6.01825973542016%
5368,1,6.0357675111773474%
5369,1,6.053268765133172%
5370,1,6.070763500931099%
5371,0,6.069633215416124%
5372,1,6.087118391660462%
5373,0,6.085985482970408%
5374,1,6.103461109043543%
5375,1,6.120930232558139%
5376,1,6.138392857142857%
5377,0,6.137251255346848%
5378,0,6.136110078095946%
5379,0,6.134969325153374%
5380,0,6.133828996282528%
5381,0,6.132689091246981%
5382,0,6.131549609810479%
5383,0,6.13041055173695%
5384,0,6.12927191679049%
5385,0,6.128133704735376%
5386,0,6.126995915336057%
5387,0,6.125858548357156%
5388,0,6.124721603563475%
5389,0,6.123585080719985%
5390,0,6.122448979591836%
5391,0,6.121313299944352%
5392,0,6.120178041543026%
5393,0,6.119043204153533%
5394,0,6.117908787541713%
5395,0,6.116774791473587%
5396,0,6.115641215715345%
5397,0,6.1145080600333515%
5398,0,6.113375324194146%
5399,0,6.112243007964438%
5400,0,6.111111111111111%
5401,0,6.109979633401222%
5402,0,6.108848574602%
5403,0,6.107717934480844%
5404,0,6.10658771280533%
5405,0,6.105457909343201%
5406,0,6.104328523862375%
5407,1,6.121694100240429%
5408,1,6.1390532544378695%
5409,1,6.156405990016639%
5410,1,6.173752310536044%
5411,1,6.191092219552763%
5412,1,6.208425720620843%
5413,0,6.20727877332348%
5414,0,6.20613224972294%
5415,0,6.204986149584488%
5416,0,6.20384047267356%
5417,0,6.2026952187557685%
5418,0,6.2015503875969%
5419,0,6.200405978962909%
5420,0,6.199261992619927%
5421,0,6.198118428334256%
5422,0,6.196975285872372%
5423,0,6.195832565000922%
5424,0,6.1946902654867255%
5425,0,6.193548387096774%
5426,0,6.1924069295982305%
5427,0,6.19126589275843%
5428,0,6.190125276344879%
5429,0,6.188985080125253%
5430,0,6.1878453038674035%
5431,0,6.186705947339348%
5432,0,6.185567010309279%
5433,0,6.184428492545555%
5434,0,6.183290393816709%
5435,0,6.182152713891444%
5436,0,6.181015452538632%
5437,0,6.1798786095273135%
5438,0,6.178742184626701%
5439,0,6.177606177606178%
5440,0,6.176470588235294%
5441,0,6.1753354162837715%
5442,0,6.174200661521499%
5443,0,6.173066323718538%
5444,0,6.171932402645114%
5445,0,6.1707988980716255%
5446,0,6.169665809768637%
5447,0,6.168533137506885%
5448,0,6.167400881057269%
5449,0,6.166269040190861%
5450,0,6.165137614678899%
5451,0,6.164006604292791%
5452,0,6.162876008804108%
5453,0,6.161745827984596%
5454,0,6.16061606160616%
5455,0,6.15948670944088%
5456,0,6.158357771260997%
5457,0,6.157229246838923%
5458,0,6.1561011359472335%
5459,0,6.154973438358674%
5460,0,6.153846153846154%
5461,0,6.15271928218275%
5462,0,6.151592823141707%
5463,0,6.1504667764964305%
5464,0,6.149341142020498%
5465,0,6.148215919487648%
5466,0,6.147091108671789%
5467,0,6.1459667093469905%
5468,0,6.144842721287491%
5469,0,6.14371914426769%
5470,0,6.142595978062157%
5471,0,6.141473222445622%
5472,0,6.140350877192982%
5473,0,6.139228942079298%
5474,0,6.138107416879795%
5475,0,6.136986301369863%
5476,0,6.135865595325055%
5477,0,6.134745298521088%
5478,0,6.133625410733845%
5479,0,6.132505931739368%
5480,0,6.131386861313868%
5481,0,6.130268199233716%
5482,0,6.129149945275447%
5483,0,6.1280320992157575%
5484,0,6.12691466083151%
5485,0,6.1257976298997265%
5486,0,6.124681006197593%
5487,0,6.12356478950246%
5488,0,6.122448979591836%
5489,0,6.121333576243396%
5490,0,6.120218579234972%
5491,0,6.1191039883445635%
5492,0,6.117989803350328%
5493,0,6.116876024030585%
5494,0,6.1157626501638145%
5495,0,6.114649681528663%
5496,0,6.11353711790393%
5497,0,6.112424959068583%
5498,0,6.111313204801746%
5499,0,6.110201854882706%
5500,0,6.109090909090909%
5501,0,6.107980367205963%
5502,0,6.106870229007633%
5503,0,6.10576049427585%
5504,0,6.104651162790697%
5505,0,6.103542234332425%
5506,0,6.102433708681438%
5507,0,6.101325585618303%
5508,0,6.1002178649237475%
5509,0,6.099110546378653%
5510,0,6.098003629764066%
5511,0,6.096897114861187%
5512,0,6.095791001451379%
5513,0,6.094685289316161%
5514,0,6.093579978237215%
5515,0,6.092475067996374%
5516,1,6.109499637418419%
5517,1,6.126518035164039%
5518,1,6.143530264588619%
5519,1,6.160536329045117%
5520,1,6.177536231884058%
5521,0,6.176417315703677%
5522,1,6.193408185440058%
5523,1,6.2103929024081115%
5524,0,6.209268645908762%
5525,0,6.208144796380091%
5526,0,6.207021353601158%
5527,0,6.205898317351185%
5528,0,6.204775687409551%
5529,0,6.2036534635557965%
5530,0,6.20253164556962%
5531,0,6.201410233230881%
5532,0,6.200289226319595%
5533,0,6.1991686246159405%
5534,0,6.198048427900253%
5535,0,6.196928635953027%
5536,0,6.195809248554913%
5537,0,6.1946902654867255%
5538,0,6.193571686529433%
5539,0,6.192453511464163%
5540,0,6.191335740072202%
5541,0,6.190218372134994%
5542,0,6.18910140743414%
5543,0,6.187984845751398%
5544,0,6.186868686868687%
5545,0,6.185752930568079%
5546,0,6.184637576631807%
5547,0,6.183522624842257%
5548,0,6.182408074981975%
5549,0,6.181293926833663%
5550,0,6.18018018018018%
5551,0,6.17906683480454%
5552,0,6.177953890489913%
5553,0,6.1768413470196295%
5554,0,6.17572920417717%
5555,0,6.174617461746175%
5556,0,6.1735061195104395%
5557,0,6.1723951772539145%
5558,0,6.171284634760705%
5559,0,6.170174491815074%
5560,0,6.169064748201439%
5561,0,6.16795540370437%
5562,0,6.166846458108594%
5563,0,6.165737911198994%
5564,0,6.164629762760604%
5565,0,6.163522012578617%
5566,0,6.162414660438376%
5567,0,6.161307706125382%
5568,0,6.160201149425287%
5569,0,6.1590949901239%
5570,0,6.157989228007181%
5571,0,6.156883862861245%
5572,0,6.155778894472362%
5573,0,6.154674322626951%
5574,0,6.15357014711159%
5575,0,6.1524663677130045%
5576,0,6.1513629842180775%
5577,0,6.150259996413842%
5578,0,6.149157404087487%
5579,0,6.148055207026349%
5580,0,6.146953405017921%
5581,0,6.145851997849848%
5582,0,6.1447509853099245%
5583,0,6.143650367186101%
5584,0,6.142550143266476%
5585,0,6.141450313339301%
5586,0,6.140350877192982%
5587,0,6.139251834616073%
5588,0,6.13815318539728%
5589,0,6.13705492932546%
5590,0,6.135957066189624%
5591,0,6.134859595778931%
5592,0,6.13376251788269%
5593,0,6.132665832290362%
5594,0,6.131569538791562%
5595,0,6.13047363717605%
5596,0,6.129378127233738%
5597,0,6.12828300875469%
5598,0,6.127188281529118%
5599,0,6.1260939453473835%
5600,0,6.125%
5601,0,6.123906445277629%
5602,0,6.122813280971082%
5603,0,6.121720506871319%
5604,0,6.120628122769451%
5605,0,6.119536128456735%
5606,0,6.118444523724581%
5607,0,6.117353308364544%
5608,0,6.116262482168331%
5609,0,6.115172044927795%
5610,0,6.114081996434938%
5611,0,6.112992336481911%
5612,0,6.111903064861012%
5613,0,6.110814181364689%
5614,0,6.109725685785536%
5615,0,6.108637577916295%
5616,0,6.1075498575498575%
5617,0,6.10646252447926%
5618,0,6.105375578497687%
5619,0,6.104289019398469%
5620,0,6.10320284697509%
5621,0,6.102117061021171%
5622,0,6.101031661330487%
5623,0,6.099946647696959%
5624,0,6.098862019914651%
5625,0,6.097777777777778%
5626,0,6.096693921080696%
5627,0,6.095610449617913%
5628,0,6.0945273631840795%
5629,0,6.093444661573992%
5630,1,6.1101243339254%
5631,0,6.109039247025396%
5632,0,6.107954545454546%
5633,0,6.106870229007633%
5634,0,6.105786297479588%
5635,0,6.104702750665483%
5636,0,6.103619588360539%
5637,0,6.102536810360121%
5638,0,6.101454416459737%
5639,0,6.100372406455045%
5640,0,6.0992907801418434%
5641,0,6.0982095373160785%
5642,0,6.097128677773839%
5643,0,6.096048201311359%
5644,0,6.094968107725018%
5645,0,6.093888396811337%
5646,0,6.092809068366986%
5647,0,6.091730122188773%
5648,0,6.090651558073654%
5649,0,6.089573375818729%
5650,0,6.088495575221239%
5651,0,6.08741815607857%
5652,0,6.086341118188252%
5653,0,6.085264461347957%
5654,0,6.084188185355501%
5655,0,6.083112290008842%
5656,0,6.082036775106082%
5657,0,6.080961640445466%
5658,0,6.07988688582538%
5659,0,6.0788125110443545%
5660,0,6.07773851590106%
5661,0,6.076664900194312%
5662,0,6.075591663723066%
5663,0,6.07451880628642%
5664,0,6.073446327683616%
5665,0,6.072374227714033%
5666,0,6.071302506177197%
5667,0,6.070231162872773%
5668,0,6.069160197600565%
5669,0,6.068089610160523%
5670,0,6.067019400352733%
5671,0,6.065949567977429%
5672,0,6.064880112834979%
5673,0,6.0638110347258944%
5674,0,6.062742333450828%
5675,0,6.061674008810573%
5676,0,6.0606060606060606%
5677,0,6.059538488638365%
5678,0,6.058471292708701%
5679,0,6.057404472618419%
5680,0,6.056338028169014%
5681,0,6.05527195916212%
5682,0,6.0542062653995075%
5683,0,6.05314094668309%
5684,0,6.052076002814919%
5685,0,6.051011433597186%
5686,0,6.049947238832219%
5687,0,6.0488834183224895%
5688,0,6.047819971870605%
5689,0,6.046756899279311%
5690,0,6.045694200351494%
5691,0,6.044631874890177%
5692,0,6.043569922698524%
5693,0,6.042508343579835%
5694,0,6.041447137337548%
5695,0,6.040386303775241%
5696,0,6.03932584269663%
5697,0,6.038265753905565%
5698,0,6.037206037206038%
5699,0,6.036146692402176%
5700,0,6.035087719298246%
5701,0,6.034029117698649%
5702,0,6.032970887407927%
5703,0,6.031913028230756%
5704,0,6.03085553997195%
5705,0,6.02979842243646%
5706,0,6.028741675429373%
5707,0,6.027685298755914%
5708,0,6.026629292221443%
5709,0,6.025573655631459%
5710,0,6.024518388791593%
5711,0,6.023463491507617%
5712,0,6.022408963585434%
5713,0,6.021354804831087%
5714,0,6.0203010150507525%
5715,0,6.019247594050744%
5716,0,6.018194541637508%
5717,0,6.017141857617632%
5718,0,6.016089541797831%
5719,0,6.015037593984962%
5720,0,6.013986013986014%
5721,0,6.012934801608111%
5722,0,6.011883956658512%
5723,0,6.01083347894461%
5724,0,6.009783368273934%
5725,0,6.008733624454148%
5726,0,6.007684247293049%
5727,0,6.0066352365985685%
5728,0,6.005586592178771%
5729,0,6.004538313841857%
5730,0,6.00349040139616%
5731,0,6.002442854650148%
5732,0,6.001395673412421%
5733,0,6.000348857491715%
5734,0,5.999302406696896%
5735,0,5.9982563208369655%
5736,0,5.997210599721059%
5737,0,5.996165243158445%
5738,0,5.995120250958522%
5739,0,5.994075622930825%
5740,0,5.993031358885018%
5741,0,5.9919874586309%
5742,0,5.990943921978404%
5743,0,5.989900748737593%
5744,0,5.988857938718663%
5745,0,5.987815491731941%
5746,0,5.986773407587887%
5747,0,5.985731686097094%
5748,0,5.984690327070286%
5749,0,5.9836493303183165%
5750,0,5.982608695652174%
5751,0,5.981568422882977%
5752,0,5.980528511821975%
5753,0,5.979488962280549%
5754,0,5.978449774070213%
5755,0,5.977410947002607%
5756,0,5.9763724808895065%
5757,0,5.975334375542817%
5758,0,5.974296630774575%
5759,0,5.973259246396944%
5760,0,5.972222222222222%
5761,0,5.971185558062837%
5762,0,5.970149253731343%
5763,0,5.969113309040431%
5764,0,5.968077723802915%
5765,0,5.967042497831743%
5766,0,5.966007630939993%
5767,0,5.9649731229408705%
5768,0,5.9639389736477115%
5769,0,5.962905182873982%
5770,0,5.961871750433276%
5771,0,5.960838676139317%
5772,0,5.959805959805959%
5773,0,5.958773601247185%
5774,0,5.957741600277104%
5775,0,5.956709956709957%
5776,0,5.955678670360111%
5777,0,5.954647741042064%
5778,0,5.95361716857044%
5779,0,5.952586952759993%
5780,0,5.951557093425606%
5781,0,5.950527590382286%
5782,0,5.949498443445175%
5783,0,5.948469652429535%
5784,0,5.94744121715076%
5785,0,5.946413137424374%
5786,0,5.945385413066021%
5787,0,5.944358043891481%
5788,0,5.9433310297166555%
5789,0,5.942304370357575%
5790,0,5.941278065630398%
5791,0,5.940252115351408%
5792,0,5.939226519337017%
5793,0,5.938201277403763%
5794,0,5.937176389368312%
5795,0,5.936151855047455%
5796,0,5.9351276742581085%
5797,0,5.93410384681732%
5798,0,5.933080372542256%
5799,0,5.932057251250216%
5800,0,5.931034482758621%
5801,0,5.93001206688502%
5802,0,5.928990003447087%
5803,0,5.927968292262623%
5804,0,5.926946933149552%
5805,0,5.9259259259259265%
5806,0,5.924905270409921%
5807,0,5.923884966419838%
5808,0,5.922865013774105%
5809,0,5.921845412291272%
5810,0,5.920826161790018%
5811,0,5.919807262089141%
5812,0,5.9187887130075705%
5813,0,5.9177705143643555%
5814,0,5.916752665978672%
5815,0,5.915735167669819%
5816,0,5.914718019257221%
5817,0,5.9137012205604265%
5818,0,5.912684771399106%
5819,0,5.911668671593057%
5820,0,5.910652920962199%
5821,0,5.909637519326576%
5822,0,5.908622466506356%
5823,0,5.9076077623218275%
5824,0,5.906593406593406%
5825,0,5.905579399141631%
5826,0,5.904565739787161%
5827,1,5.920713917968079%
5828,0,5.919698009608785%
5829,1,5.9358380511236915%
5830,0,5.934819897084048%
5831,0,5.933802092265478%
5832,0,5.93278463648834%
5833,0,5.9317675295731185%
5834,0,5.930750771340419%
5835,0,5.929734361610968%
5836,1,5.945853324194654%
5837,1,5.961966763748501%
5838,1,5.978074683110654%
5839,1,5.994177085117315%
5840,0,5.993150684931506%
5841,1,6.00924499229584%
5842,0,6.008216364258816%
5843,0,6.007188088310799%
5844,0,6.006160164271048%
5845,0,6.005132591958939%
5846,0,6.004105371193979%
5847,0,6.003078501795793%
5848,0,6.002051983584131%
5849,0,6.001025816378868%
5850,0,6.0%
5851,0,5.998974534267647%
5852,0,5.997949419002051%
5853,1,6.014009909448146%
5854,1,6.030064912880082%
5855,1,6.0461144321093085%
5856,1,6.062158469945355%
5857,1,6.078197029195834%
5858,1,6.094230112666439%
5859,0,6.093189964157706%
5860,0,6.092150170648464%
5861,0,6.091110731957004%
5862,0,6.09007164790174%
5863,0,6.0890329183012115%
5864,0,6.087994542974079%
5865,0,6.086956521739131%
5866,0,6.085918854415275%
5867,0,6.084881540821544%
5868,0,6.083844580777096%
5869,0,6.08280797410121%
5870,0,6.081771720613288%
5871,0,6.0807358201328565%
5872,0,6.079700272479564%
5873,0,6.0786650774731825%
5874,0,6.077630234933606%
5875,0,6.0765957446808505%
5876,0,6.075561606535058%
5877,0,6.074527820316488%
5878,0,6.0734943858455255%
5879,0,6.072461302942677%
5880,0,6.071428571428571%
5881,0,6.070396191123958%
5882,0,6.069364161849711%
5883,0,6.068332483426823%
5884,0,6.067301155676411%
5885,0,6.066270178419711%
5886,0,6.065239551478084%
5887,0,6.064209274673008%
5888,0,6.063179347826087%
5889,0,6.062149770759042%
5890,0,6.061120543293718%
5891,0,6.060091665252079%
5892,0,6.059063136456212%
5893,0,6.058034956728322%
5894,0,6.0570071258907365%
5895,0,6.0559796437659035%
5896,0,6.054952510176391%
5897,0,6.053925724944887%
5898,0,6.052899287894201%
5899,0,6.051873198847262%
5900,0,6.0508474576271185%
5901,0,6.049822064056939%
5902,0,6.0487970179600135%
5903,0,6.047772319159749%
5904,0,6.046747967479675%
5905,0,6.045723962743438%
5906,0,6.044700304774805%
5907,0,6.043676993397664%
5908,0,6.042654028436019%
5909,0,6.041631409713996%
5910,0,6.040609137055838%
5911,0,6.039587210285908%
5912,0,6.038565629228687%
5913,0,6.037544393708777%
5914,0,6.036523503550896%
5915,0,6.035502958579881%
5916,0,6.0344827586206895%
5917,0,6.033462903498394%
5918,0,6.032443393038188%
5919,0,6.031424227065383%
5920,0,6.030405405405405%
5921,0,6.029386927883803%
5922,0,6.028368794326241%
5923,0,6.027351004558501%
5924,0,6.026333558406482%
5925,0,6.025316455696203%
5926,0,6.024299696253797%
5927,0,6.023283279905517%
5928,0,6.022267206477733%
5929,0,6.02125147579693%
5930,0,6.020236087689714%
5931,0,6.019221041982802%
5932,0,6.018206338503034%
5933,0,6.017191977077363%
5934,0,6.016177957532862%
5935,0,6.015164279696714%
5936,0,6.014150943396227%
5937,0,6.013137948458818%
5938,0,6.012125294712025%
5939,0,6.011112981983499%
5940,0,6.01010101010101%
5941,0,6.009089378892442%
5942,0,6.008078088185796%
5943,0,6.007067137809187%
5944,0,6.006056527590848%
5945,0,6.005046257359125%
5946,0,6.004036326942482%
5947,0,6.003026736169497%
5948,0,6.002017484868864%
5949,0,6.00100857286939%
5950,0,6.0%
5951,0,5.998991766089732%
5952,0,5.997983870967742%
5953,0,5.996976314463296%
5954,0,5.995969096405777%
5955,0,5.994962216624685%
5956,0,5.99395567494963%
5957,0,5.992949471210341%
5958,0,5.991943605236657%
5959,0,5.990938076858534%
5960,0,5.98993288590604%
5961,0,5.988928032209361%
5962,0,5.987923515598792%
5963,0,5.986919335904746%
5964,0,5.985915492957746%
5965,0,5.984911986588433%
5966,0,5.983908816627556%
5967,0,5.982905982905983%
5968,0,5.9819034852546915%
5969,0,5.980901323504774%
5970,0,5.979899497487437%
5971,0,5.978898007033997%
5972,0,5.9778968519758875%
5973,0,5.976896032144651%
5974,0,5.975895547371945%
5975,0,5.974895397489539%
5976,0,5.973895582329317%
5977,0,5.972896101723273%
5978,0,5.971896955503513%
5979,0,5.970898143502258%
5980,0,5.969899665551839%
5981,0,5.968901521484701%
5982,0,5.9679037111334%
5983,0,5.966906234330603%
5984,0,5.965909090909091%
5985,0,5.964912280701754%
5986,0,5.963915803541598%
5987,0,5.962919659261734%
5988,0,5.961923847695391%
5989,0,5.960928368675906%
5990,0,5.959933222036728%
5991,0,5.958938407611417%
5992,0,5.957943925233645%
5993,0,5.956949774737193%
5994,0,5.955955955955956%
5995,0,5.954962468723936%
5996,0,5.95396931287525%
5997,0,5.952976488244122%
5998,0,5.9519839946648885%
5999,0,5.950991831971995%
6000,0,5.949999999999999%
6001,0,5.94900849858357%
6002,0,5.948017327557481%
6003,0,5.947026486756622%
6004,0,5.946035976015989%
6005,0,5.945045795170691%
6006,0,5.944055944055944%
6007,0,5.943066422507075%
6008,0,5.942077230359521%
6009,0,5.941088367448827%
6010,0,5.940099833610649%
6011,0,5.939111628680752%
6012,0,5.93812375249501%
6013,0,5.9371362048894065%
6014,0,5.936148985700034%
6015,0,5.9351620947630925%
6016,0,5.934175531914894%
6017,0,5.9331892969918565%
6018,0,5.932203389830509%
6019,0,5.931217810267486%
6020,0,5.930232558139535%
6021,0,5.929247633283508%
6022,1,5.944868814347393%
6023,0,5.94388178648514%
6024,0,5.942895086321381%
6025,0,5.941908713692946%
6026,0,5.940922668436774%
6027,0,5.939936950389912%
6028,0,5.9389515593895155%
6029,0,5.937966495272848%
6030,0,5.93698175787728%
6031,0,5.935997347040292%
6032,0,5.935013262599469%
6033,0,5.934029504392508%
6034,0,5.933046072257209%
6035,0,5.932062966031483%
6036,0,5.931080185553347%
6037,0,5.930097730660925%
6038,0,5.929115601192448%
6039,0,5.928133796986256%
6040,0,5.927152317880795%
6041,0,5.926171163714617%
6042,0,5.925190334326382%
6043,0,5.924209829554857%
6044,0,5.923229649238914%
6045,0,5.922249793217535%
6046,0,5.921270261329805%
6047,0,5.920291053414917%
6048,0,5.919312169312169%
6049,0,5.918333608860968%
6050,0,5.917355371900826%
6051,0,5.91637745827136%
6052,0,5.915399867812293%
6053,0,5.914422600363456%
6054,0,5.913445655764784%
6055,0,5.9124690338563175%
6056,0,5.911492734478204%
6057,0,5.9105167574706945%
6058,0,5.90954110267415%
6059,0,5.908565769929031%
6060,0,5.907590759075908%
6061,0,5.9066160699554535%
6062,0,5.905641702408446%
6063,0,5.9046676562757705%
6064,0,5.903693931398417%
6065,0,5.902720527617477%
6066,0,5.901747444774151%
6067,0,5.900774682709741%
6068,0,5.899802241265656%
6069,0,5.8988301202834075%
6070,0,5.897858319604613%
6071,0,5.896886839070993%
6072,0,5.895915678524374%
6073,0,5.894944837806685%
6074,0,5.8939743167599605%
6075,0,5.893004115226337%
6076,0,5.892034233048058%
6077,0,5.891064670067467%
6078,0,5.890095426127016%
6079,0,5.889126501069255%
6080,0,5.8881578947368425%
6081,0,5.887189606972537%
6082,0,5.8862216376192045%
6083,0,5.8852539865198095%
6084,0,5.884286653517423%
6085,0,5.883319638455218%
6086,0,5.88235294117647%
6087,0,5.88138656152456%
6088,0,5.88042049934297%
6089,0,5.879454754475284%
6090,0,5.878489326765189%
6091,0,5.877524216056477%
6092,0,5.87655942219304%
6093,0,5.875594945018874%
6094,0,5.874630784378077%
6095,0,5.873666940114848%
6096,0,5.8727034120734904%
6097,0,5.871740200098409%
6098,0,5.870777304034109%
6099,0,5.8698147237252005%
6100,0,5.868852459016393%
6101,0,5.8678905097525%
6102,1,5.883316945263848%
6103,0,5.88235294117647%
6104,1,5.897771952817824%
6105,0,5.896805896805897%
6106,0,5.895840157222404%
6107,0,5.894874733911904%
6108,0,5.893909626719057%
6109,0,5.892944835488623%
6110,0,5.8919803600654665%
6111,0,5.89101620029455%
6112,0,5.890052356020942%
6113,0,5.889088827089808%
6114,0,5.888125613346419%
6115,0,5.8871627146361405%
6116,0,5.886200130804448%
6117,0,5.88523786169691%
6118,0,5.884275907159203%
6119,0,5.883314267037098%
6120,0,5.88235294117647%
6121,0,5.881391929423297%
6122,0,5.880431231623652%
6123,0,5.879470847623714%
6124,0,5.878510777269758%
6125,0,5.877551020408163%
6126,0,5.8765915768854065%
6127,0,5.875632446548066%
6128,0,5.87467362924282%
6129,0,5.873715124816446%
6130,0,5.872756933115824%
6131,0,5.87179905398793%
6132,0,5.870841487279844%
6133,0,5.869884232838742%
6134,0,5.868927290511901%
6135,0,5.8679706601467%
6136,0,5.867014341590613%
6137,0,5.866058334691218%
6138,0,5.865102639296188%
6139,0,5.8641472552532985%
6140,0,5.863192182410423%
6141,0,5.862237420615535%
6142,0,5.861282969716704%
6143,0,5.860328829562103%
6144,0,5.859375%
6145,0,5.858421480878763%
6146,0,5.85746827204686%
6147,0,5.856515373352855%
6148,0,5.855562784645413%
6149,0,5.854610505773296%
6150,0,5.853658536585367%
6151,0,5.85270687693058%
6152,0,5.851755526657997%
6153,0,5.850804485616772%
6154,0,5.849853753656158%
6155,0,5.848903330625508%
6156,0,5.847953216374268%
6157,0,5.84700341075199%
6158,0,5.846053913608315%
6159,0,5.845104724792986%
6160,0,5.844155844155844%
6161,0,5.843207271546827%
6162,0,5.8422590068159685%
6163,0,5.841311049813402%
6164,0,5.840363400389357%
6165,0,5.839416058394161%
6166,0,5.838469023678235%
6167,0,5.837522296092104%
6168,0,5.836575875486381%
6169,0,5.835629761711784%
6170,0,5.834683954619125%
6171,0,5.83373845405931%
6172,0,5.832793259883344%
6173,1,5.84804795075328%
6174,1,5.863297700032394%
6175,1,5.8785425101214575%
6176,1,5.89378238341969%
6177,1,5.909017322324753%
6178,0,5.908060861120103%
6179,1,5.923288558019097%
6180,0,5.922330097087379%
6181,1,5.937550558162109%
6182,0,5.936590100291168%
6183,0,5.935629953097202%
6184,0,5.934670116429495%
6185,0,5.933710590137429%
6186,0,5.932751374070482%
6187,0,5.931792468078228%
6188,0,5.930833872010342%
6189,0,5.9298755857165935%
6190,0,5.92891760904685%
6191,0,5.927959941851074%
6192,0,5.927002583979328%
6193,0,5.926045535281769%
6194,0,5.925088795608654%
6195,0,5.9241323648103315%
6196,0,5.92317624273725%
6197,0,5.922220429239955%
6198,0,5.921264924169087%
6199,0,5.920309727375383%
6200,0,5.919354838709678%
6201,0,5.9184002580229%
6202,0,5.917445985166076%
6203,0,5.9164920199903275%
6204,0,5.915538362346872%
6205,0,5.914585012087026%
6206,0,5.913631969062197%
6207,0,5.912679233123892%
6208,0,5.911726804123711%
6209,0,5.9107746819133515%
6210,0,5.909822866344606%
6211,0,5.908871357269361%
6212,0,5.907920154539601%
6213,0,5.906969258007404%
6214,0,5.906018667524943%
6215,0,5.905068382944489%
6216,0,5.904118404118404%
6217,1,5.919253659321216%
6218,1,5.9343840463171444%
6219,1,5.949509567454574%
6220,1,5.964630225080385%
6221,0,5.963671435460537%
6222,0,5.962712954034073%
6223,0,5.961754780652419%
6224,0,5.960796915167095%
6225,0,5.959839357429718%
6226,0,5.958882107292001%
6227,0,5.957925164605749%
6228,0,5.9569685292228645%
6229,0,5.956012200995344%
6230,0,5.955056179775281%
6231,0,5.954100465414861%
6232,0,5.953145057766367%
6233,0,5.952189956682175%
6234,0,5.951235162014758%
6235,0,5.95028067361668%
6236,0,5.949326491340603%
6237,0,5.948372615039282%
6238,0,5.947419044565566%
6239,0,5.946465779772399%
6240,0,5.94551282051282%
6241,0,5.9445601666399615%
6242,0,5.943607818007049%
6243,0,5.942655774467403%
6244,0,5.941704035874439%
6245,0,5.940752602081665%
6246,0,5.939801472942683%
6247,0,5.938850648311189%
6248,0,5.937900128040973%
6249,0,5.936949911985918%
6250,0,5.936%
6251,0,5.93505039193729%
6252,0,5.9341010876519515%
6253,0,5.933152086998241%
6254,0,5.932203389830509%
6255,0,5.931254996003197%
6256,0,5.930306905370844%
6257,0,5.929359117788077%
6258,0,5.9284116331096195%
6259,0,5.9274644511902865%
6260,0,5.926517571884983%
6261,0,5.925570995048714%
6262,0,5.92462472053657%
6263,0,5.923678748203736%
6264,0,5.922733077905492%
6265,0,5.921787709497207%
6266,0,5.9208426428343435%
6267,0,5.919897877772459%
6268,0,5.9189534141671984%
6269,0,5.918009251874302%
6270,0,5.917065390749602%
6271,0,5.916121830649019%
6272,0,5.915178571428571%
6273,0,5.914235612944365%
6274,0,5.913292955052598%
6275,0,5.912350597609562%
6276,0,5.911408540471638%
6277,0,5.9104667834953%
6278,0,5.909525326537113%
6279,0,5.908584169453734%
6280,0,5.907643312101911%
6281,0,5.906702754338481%
6282,0,5.905762496020376%
6283,0,5.904822537004615%
6284,0,5.9038828771483125%
6285,0,5.902943516308672%
6286,0,5.902004454342984%
6287,0,5.901065691108637%
6288,0,5.900127226463105%
6289,0,5.899189060263953%
6290,0,5.898251192368839%
6291,0,5.897313622635511%
6292,0,5.8963763509218055%
6293,0,5.89543937708565%
6294,0,5.894502700985065%
6295,0,5.893566322478158%
6296,1,5.90851334180432%
6297,1,5.923455613784342%
6298,1,5.9383931406795805%
6299,1,5.953325924749961%
6300,0,5.952380952380952%
6301,0,5.951436279955562%
6302,0,5.950491907331006%
6303,0,5.949547834364588%
6304,0,5.948604060913706%
6305,0,5.947660586835844%
6306,0,5.946717411988582%
6307,0,5.945774536229586%
6308,0,5.944831959416614%
6309,0,5.943889681407513%
6310,0,5.942947702060222%
6311,0,5.942006021232768%
6312,0,5.94106463878327%
6313,0,5.940123554569935%
6314,0,5.939182768451061%
6315,0,5.938242280285035%
6316,0,5.937302089930336%
6317,0,5.936362197245528%
6318,0,5.935422602089268%
6319,0,5.934483304320304%
6320,0,5.9335443037974684%
6321,0,5.932605600379687%
6322,0,5.931667193925973%
6323,0,5.93072908429543%
6324,0,5.9297912713472485%
6325,0,5.928853754940711%
6326,0,5.927916534935188%
6327,0,5.926979611190138%
6328,0,5.926042983565107%
6329,0,5.925106651919735%
6330,0,5.924170616113744%
6331,0,5.9232348760069495%
6332,0,5.922299431459255%
6333,0,5.921364282330649%
6334,0,5.920429428481213%
6335,0,5.919494869771113%
6336,0,5.918560606060606%
6337,0,5.917626637210036%
6338,0,5.916692963079836%
6339,0,5.915759583530526%
6340,0,5.914826498422713%
6341,0,5.913893707617095%
6342,0,5.912961210974456%
6343,0,5.912029008355668%
6344,0,5.91109709962169%
6345,0,5.91016548463357%
6346,0,5.909234163252443%
6347,0,5.908303135339531%
6348,0,5.9073724007561434%
6349,0,5.906441959363679%
6350,0,5.905511811023622%
6351,0,5.904581955597544%
6352,0,5.903652392947103%
6353,0,5.902723122934047%
6354,0,5.901794145420207%
6355,0,5.9008654602675055%
6356,0,5.899937067337949%
6357,0,5.8990089664936285%
6358,0,5.898081157596728%
6359,0,5.897153640509514%
6360,0,5.89622641509434%
6361,0,5.895299481213645%
6362,0,5.894372838729959%
6363,0,5.893446487505893%
6364,0,5.892520427404149%
6365,0,5.89159465828751%
6366,0,5.89066918001885%
6367,0,5.889743992461128%
6368,0,5.888819095477387%
6369,0,5.887894488930758%
6370,0,5.8869701726844585%
6371,0,5.88604614660179%
6372,0,5.885122410546139%
6373,0,5.884198964380982%
6374,0,5.883275807969877%
6375,0,5.88235294117647%
6376,0,5.881430363864492%
6377,0,5.880508075897758%
6378,0,5.879586077140169%
6379,0,5.8786643674557135%
6380,0,5.877742946708464%
6381,0,5.876821814762576%
6382,0,5.875900971482293%
6383,0,5.874980416731945%
6384,0,5.87406015037594%
6385,0,5.873140172278778%
6386,0,5.872220482305042%
6387,0,5.871301080319399%
6388,0,5.870381966186599%
6389,1,5.8851150414775395%
6390,0,5.884194053208137%
6391,0,5.883273353152871%
6392,0,5.88235294117647%
6393,0,5.881432817143751%
6394,0,5.880512980919613%
6395,0,5.879593432369038%
6396,0,5.8786741713570985%
6397,0,5.877755197748945%
6398,0,5.876836511409816%
6399,0,5.875918112205032%
6400,0,5.875%
6401,0,5.874082174660209%
6402,0,5.873164636051234%
6403,0,5.872247384038732%
6404,0,5.871330418488445%
6405,0,5.870413739266199%
6406,0,5.869497346237902%
6407,0,5.868581239269549%
6408,0,5.867665418227216%
6409,0,5.8667498829770635%
6410,0,5.865834633385336%
6411,0,5.8649196693183585%
6412,0,5.864004990642545%
6413,0,5.863090597224388%
6414,0,5.862176488930464%
6415,0,5.861262665627436%
6416,0,5.860349127182045%
6417,0,5.859435873461119%
6418,0,5.858522904331568%
6419,0,5.857610219660383%
6420,0,5.8566978193146415%
6421,0,5.8557857031615015%
6422,0,5.854873871068203%
6423,0,5.8539623229020705%
6424,0,5.85305105853051%
6425,0,5.852140077821011%
6426,0,5.851229380641145%
6427,0,5.850318966858565%
6428,0,5.8494088363410075%
6429,0,5.848498988956292%
6430,0,5.847589424572317%
6431,0,5.846680143057068%
6432,0,5.845771144278607%
6433,0,5.844862428105083%
6434,0,5.843953994404725%
6435,0,5.843045843045843%
6436,0,5.842137973896831%
6437,1,5.856765574025167%
6438,1,5.871388630009319%
6439,0,5.870476782109023%
6440,0,5.869565217391305%
6441,0,5.868653935724266%
6442,0,5.867742936976095%
6443,0,5.866832221015055%
6444,0,5.865921787709497%
6445,0,5.865011636927851%
6446,0,5.864101768538629%
6447,0,5.863192182410423%
6448,0,5.862282878411911%
6449,0,5.861373856411847%
6450,0,5.8604651162790695%
6451,0,5.859556657882499%
6452,0,5.858648481091135%
6453,0,5.857740585774058%
6454,0,5.856832971800434%
6455,0,5.855925639039504%
6456,0,5.855018587360595%
6457,0,5.854111816633111%
6458,0,5.85320532672654%
6459,0,5.852299117510451%
6460,0,5.851393188854489%
6461,0,5.850487540628386%
6462,0,5.8495821727019495%
6463,0,5.848677084945072%
6464,0,5.847772277227723%
6465,0,5.846867749419954%
6466,0,5.845963501391896%
6467,0,5.845059533013762%
6468,0,5.844155844155844%
6469,0,5.843252434688514%
6470,0,5.842349304482226%
6471,0,5.84144645340751%
6472,0,5.840543881334981%
6473,0,5.839641588135332%
6474,0,5.838739573679333%
6475,0,5.837837837837838%
6476,0,5.836936380481779%
6477,0,5.836035201482168%
6478,0,5.835134300710096%
6479,0,5.8342336780367345%
6480,0,5.833333333333333%
6481,0,5.832433266471224%
6482,0,5.831533477321814%
6483,0,5.830633965756594%
6484,0,5.8297347316471315%
6485,0,5.828835774865073%
6486,0,5.827937095282146%
6487,0,5.827038692770156%
6488,0,5.826140567200986%
6489,0,5.825242718446602%
6490,0,5.824345146379044%
6491,1,5.838853797565861%
6492,0,5.837954405422058%
6493,0,5.8370552903126445%
6494,0,5.83615645210964%
6495,0,5.835257890685142%
6496,0,5.83435960591133%
6497,0,5.833461597660459%
6498,0,5.832563865804863%
6499,0,5.831666410216956%
6500,0,5.830769230769231%
6501,0,5.829872327334256%
6502,0,5.8289756997846816%
6503,0,5.828079347993234%
6504,0,5.827183271832719%
6505,0,5.826287471176019%
6506,0,5.825391945896096%
6507,0,5.8244966958659905%
6508,0,5.82360172095882%
6509,0,5.82270702104778%
6510,0,5.821812596006144%
6511,0,5.820918445707265%
6512,0,5.82002457002457%
6513,0,5.819130968831568%
6514,0,5.818237642001843%
6515,0,5.817344589409056%
6516,0,5.8164518109269485%
6517,0,5.815559306429339%
6518,0,5.81466707579012%
6519,0,5.813775118883265%
6520,0,5.812883435582822%
6521,0,5.81199202576292%
6522,0,5.811100889297761%
6523,0,5.810210026061628%
6524,0,5.809319435928878%
6525,0,5.8084291187739465%
6526,0,5.807539074471346%
6527,0,5.806649302895664%
6528,0,5.8057598039215685%
6529,0,5.804870577423801%
6530,0,5.803981623277182%
6531,0,5.803092941356607%
6532,0,5.802204531537048%
6533,0,5.801316393693556%
6534,0,5.800428527701254%
6535,0,5.799540933435348%
6536,0,5.7986536107711135%
6537,0,5.797766559583907%
6538,0,5.796879779749159%
6539,0,5.795993271142376%
6540,0,5.795107033639144%
6541,0,5.79422106711512%
6542,0,5.793335371446041%
6543,1,5.807733455601406%
6544,1,5.822127139364303%
6545,1,5.836516424751719%
6546,0,5.835624809043691%
6547,1,5.850007637085688%
6548,1,5.864386072083079%
6549,1,5.878760116048252%
6550,0,5.877862595419847%
6551,0,5.8769653488017095%
6552,0,5.876068376068376%
6553,0,5.87517167709446%
6554,0,5.8742752517546535%
6555,0,5.8733790999237225%
6556,0,5.87248322147651%
6557,0,5.871587616287936%
6558,0,5.870692284232998%
6559,0,5.869797225186766%
6560,0,5.86890243902439%
6561,0,5.868007925621095%
6562,0,5.867113684852179%
6563,0,5.866219716593021%
6564,0,5.865326020719073%
6565,0,5.864432597105865%
6566,0,5.863539445628998%
6567,0,5.8626465661641545%
6568,0,5.861753958587089%
6569,0,5.860861622773634%
6570,0,5.859969558599695%
6571,0,5.859077765941257%
6572,0,5.858186244674376%
6573,0,5.857294994675186%
6574,0,5.856404015819897%
6575,0,5.855513307984791%
6576,0,5.854622871046229%
6577,0,5.8537327048806445%
6578,0,5.852842809364549%
6579,0,5.8519531843745245%
6580,0,5.851063829787234%
6581,0,5.850174745479411%
6582,0,5.849285931327864%
6583,0,5.848397387209479%
6584,0,5.847509113001215%
6585,0,5.8466211085801065%
6586,0,5.845733373823261%
6587,0,5.844845908607864%
6588,0,5.843958712811172%
6589,0,5.843071786310518%
6590,0,5.842185128983308%
6591,0,5.841298740707025%
6592,0,5.840412621359223%
6593,0,5.839526770817534%
6594,0,5.83864118895966%
6595,0,5.837755875663381%
6596,0,5.836870830806549%
6597,0,5.8359860542670905%
6598,0,5.835101545923007%
6599,0,5.834217305652372%
6600,0,5.833333333333333%
6601,0,5.832449628844114%
6602,0,5.831566192063011%
6603,0,5.830683022868393%
6604,0,5.829800121138703%
6605,0,5.82891748675246%
6606,0,5.828035119588253%
6607,0,5.827153019524746%
6608,0,5.826271186440677%
6609,0,5.8253896202148585%
6610,0,5.8245083207261725%
6611,0,5.823627287853577%
6612,0,5.8227465214761045%
6613,0,5.821866021472856%
6614,0,5.820985787723012%
6615,0,5.82010582010582%
6616,0,5.8192261185006044%
6617,0,5.818346682786761%
6618,0,5.817467512843759%
6619,0,5.8165886085511405%
6620,0,5.81570996978852%
6621,0,5.8148315964355834%
6622,0,5.813953488372093%
6623,0,5.8130756454778805%
6624,1,5.8272946859903385%
6625,1,5.841509433962265%
6626,0,5.840627829761545%
6627,0,5.83974649162517%
6628,0,5.838865419432709%
6629,0,5.83798461306381%
6630,0,5.83710407239819%
6631,0,5.836223797315639%
6632,0,5.8353437876960195%
6633,0,5.834464043419267%
6634,0,5.83358456436539%
6635,0,5.832705350414469%
6636,0,5.831826401446655%
6637,0,5.830947717342172%
6638,0,5.83006929798132%
6639,0,5.829191143244464%
6640,0,5.828313253012048%
6641,0,5.827435627164584%
6642,0,5.826558265582656%
6643,0,5.825681168146922%
6644,0,5.8248043347381095%
6645,0,5.823927765237021%
6646,0,5.823051459524526%
6647,0,5.822175417481571%
6648,0,5.82129963898917%
6649,0,5.820424123928411%
6650,0,5.819548872180451%
6651,0,5.818673883626523%
6652,0,5.817799158147925%
6653,0,5.816924695626033%
6654,0,5.8160504959422905%
6655,0,5.815176558978212%
6656,0,5.814302884615385%
6657,0,5.813429472735467%
6658,0,5.812556323220186%
6659,0,5.811683435951344%
6660,0,5.810810810810811%
6661,0,5.809938447680529%
6662,0,5.80906634644251%
6663,0,5.808194506978839%
6664,0,5.807322929171669%
6665,0,5.806451612903226%
6666,0,5.805580558055805%
6667,0,5.804709764511775%
6668,0,5.803839232153569%
6669,0,5.802968960863698%
6670,0,5.802098950524737%
6671,0,5.801229201019337%
6672,0,5.8003597122302155%
6673,0,5.799490484040161%
6674,0,5.798621516332035%
6675,0,5.797752808988764%
6676,0,5.796884361893349%
6677,0,5.79601617492886%
6678,0,5.795148247978436%
6679,0,5.794280580925288%
6680,0,5.793413173652694%
6681,0,5.792546026044006%
6682,0,5.79167913798264%
6683,0,5.7908125093520875%
6684,0,5.789946140035907%
6685,0,5.789080029917726%
6686,0,5.788214178881244%
6687,0,5.787348586810229%
6688,0,5.786483253588517%
6689,0,5.785618179100014%
6690,0,5.784753363228699%
6691,0,5.783888805858616%
6692,0,5.783024506873879%
6693,0,5.782160466158674%
6694,0,5.781296683597251%
6695,0,5.780433159073936%
6696,0,5.779569892473118%
6697,0,5.778706883679259%
6698,0,5.777844132576888%
6699,0,5.776981639050605%
6700,0,5.776119402985075%
6701,0,5.775257424265035%
6702,0,5.774395702775291%
6703,0,5.773534238400716%
6704,0,5.772673031026253%
6705,0,5.771812080536913%
6706,0,5.770951386817775%
6707,0,5.770090949753989%
6708,0,5.769230769230769%
6709,0,5.768370845133402%
6710,0,5.7675111773472425%
6711,0,5.766651765757711%
6712,0,5.765792610250298%
6713,0,5.764933710710562%
6714,0,5.7640750670241285%
6715,0,5.763216679076693%
6716,0,5.762358546754021%
6717,0,5.761500669941939%
6718,0,5.7606430485263465%
6719,0,5.759785682393213%
6720,0,5.758928571428571%
6721,0,5.758071715518525%
6722,0,5.757215114549242%
6723,0,5.756358768406962%
6724,0,5.755502676977989%
6725,0,5.754646840148698%
6726,0,5.753791257805531%
6727,0,5.752935929834993%
6728,0,5.752080856123663%
6729,0,5.751226036558181%
6730,0,5.75037147102526%
6731,0,5.749517159411678%
6732,0,5.748663101604278%
6733,0,5.747809297489974%
6734,0,5.746955746955747%
6735,0,5.7461024498886415%
6736,0,5.7452494061757715%
6737,0,5.74439661570432%
6738,0,5.7435440783615315%
6739,0,5.742691794034723%
6740,0,5.741839762611276%
6741,1,5.755822578252485%
6742,1,5.769801245921092%
6743,1,5.783775767462554%
6744,0,5.782918149466192%
6745,1,5.796886582653818%
6746,0,5.796027275422473%
6747,0,5.795168222913888%
6748,0,5.794309425014819%
6749,0,5.793450881612091%
6750,0,5.792592592592593%
6751,0,5.791734557843283%
6752,0,5.790876777251184%
6753,0,5.790019250703391%
6754,0,5.789161978087059%
6755,0,5.788304959289415%
6756,0,5.78744819419775%
6757,0,5.786591682699423%
6758,0,5.785735424681858%
6759,0,5.784879420032549%
6760,0,5.784023668639053%
6761,0,5.783168170388995%
6762,0,5.782312925170068%
6763,0,5.781457932870028%
6764,0,5.780603193376701%
6765,0,5.779748706577975%
6766,0,5.778894472361809%
6767,0,5.778040490616226%
6768,0,5.777186761229315%
6769,0,5.77633328408923%
6770,0,5.775480059084194%
6771,0,5.774627086102496%
6772,0,5.773774365032486%
6773,0,5.772921895762587%
6774,0,5.772069678181281%
6775,0,5.771217712177122%
6776,0,5.7703659976387245%
6777,0,5.769514534454774%
6778,0,5.768663322514016%
6779,0,5.767812361705267%
6780,0,5.766961651917405%
6781,0,5.766111193039375%
6782,0,5.765260984960189%
6783,0,5.764411027568922%
6784,0,5.763561320754717%
6785,0,5.762711864406779%
6786,0,5.761862658414382%
6787,0,5.7610137026668635%
6788,0,5.760164997053624%
6789,0,5.759316541464133%
6790,0,5.758468335787923%
6791,0,5.757620379914593%
6792,0,5.7567726737338045%
6793,0,5.755925217135286%
6794,0,5.755078010008831%
6795,0,5.754231052244297%
6796,0,5.753384343731606%
6797,0,5.752537884360747%
6798,0,5.751691674021771%
6799,0,5.750845712604795%
6800,0,5.75%
6801,0,5.749154536097633%
6802,0,5.748309320788004%
6803,0,5.747464353961488%
6804,0,5.746619635508524%
6805,0,5.745775165319618%
6806,0,5.744930943285336%
6807,0,5.744086969296312%
6808,0,5.743243243243244%
6809,0,5.74239976501689%
6810,0,5.741556534508076%
6811,0,5.740713551607693%
6812,0,5.739870816206694%
6813,0,5.739028328196095%
6814,0,5.738186087466979%
6815,0,5.737344093910492%
6816,0,5.736502347417841%
6817,0,5.7356608478802995%
6818,0,5.7348195951892045%
6819,0,5.733978589235958%
6820,0,5.733137829912024%
6821,0,5.732297317108928%
6822,0,5.731457050718265%
6823,0,5.730617030631687%
6824,0,5.729777256740914%
6825,0,5.728937728937729%
6826,0,5.728098447113976%
6827,0,5.7272594111615645%
6828,0,5.726420620972466%
6829,0,5.725582076438717%
6830,0,5.7247437774524155%
6831,0,5.723905723905724%
6832,0,5.723067915690867%
6833,0,5.722230352700132%
6834,0,5.721393034825871%
6835,0,5.720555961960497%
6836,0,5.719719133996489%
6837,0,5.718882550826386%
6838,0,5.71804621234279%
6839,0,5.717210118438368%
6840,0,5.716374269005848%
6841,0,5.7155386639380215%
6842,0,5.714703303127741%
6843,0,5.7138681864679235%
6844,0,5.7130333138515486%
6845,0,5.712198685171658%
6846,0,5.711364300321355%
6847,0,5.710530159193807%
6848,0,5.709696261682243%
6849,0,5.708862607679953%
6850,0,5.708029197080292%
6851,0,5.707196029776675%
6852,0,5.7063631056625805%
6853,1,5.720122574055159%
6854,0,5.71928800700321%
6855,0,5.718453683442743%
6856,0,5.717619603267211%
6857,0,5.7167857663701325%
6858,0,5.715952172645086%
6859,0,5.715118821985713%
6860,0,5.714285714285714%
6861,0,5.713452849438857%
6862,0,5.712620227338968%
6863,0,5.711787847879936%
6864,0,5.710955710955711%
6865,0,5.710123816460306%
6866,0,5.709292164287795%
6867,0,5.708460754332314%
6868,0,5.707629586488061%
6869,0,5.706798660649294%
6870,0,5.705967976710335%
6871,0,5.705137534565565%
6872,0,5.70430733410943%
6873,0,5.7034773752364325%
6874,0,5.7026476578411405%
6875,0,5.701818181818181%
6876,0,5.700988947062245%
6877,0,5.7001599534680825%
6878,0,5.699331200930503%
6879,0,5.698502689344381%
6880,0,5.6976744186046515%
6881,0,5.696846388606307%
6882,0,5.696018599244406%
6883,0,5.6951910504140635%
6884,0,5.6943637420104585%
6885,0,5.693536673928831%
6886,0,5.692709846064479%
6887,0,5.691883258312763%
6888,0,5.691056910569105%
6889,0,5.690230802728989%
6890,0,5.689404934687953%
6891,0,5.688579306341604%
6892,0,5.6877539175856064%
6893,0,5.686928768315683%
6894,0,5.686103858427619%
6895,0,5.685279187817259%
6896,0,5.68445475638051%
6897,0,5.683630564013339%
6898,0,5.682806610611771%
6899,0,5.6819828960718946%
6900,0,5.681159420289855%
6901,0,5.68033618316186%
6902,0,5.679513184584178%
6903,0,5.678690424453137%
6904,0,5.677867902665121%
6905,0,5.677045619116583%
6906,0,5.676223573704026%
6907,0,5.675401766324019%
6908,0,5.67458019687319%
6909,0,5.673758865248227%
6910,0,5.672937771345875%
6911,0,5.672116915062944%
6912,0,5.671296296296297%
6913,0,5.670475914942862%
6914,0,5.669655770899624%
6915,0,5.668835864063629%
6916,0,5.668016194331984%
6917,0,5.667196761601851%
6918,0,5.666377565770453%
6919,0,5.665558606735077%
6920,0,5.664739884393064%
6921,0,5.663921398641815%
6922,0,5.6631031493787924%
6923,0,5.6622851365015165%
6924,0,5.661467359907569%
6925,0,5.660649819494585%
6926,0,5.659832515160266%
6927,0,5.659015446802367%
6928,0,5.658198614318707%
6929,0,5.6573820176071585%
6930,0,5.656565656565657%
6931,0,5.655749531092194%
6932,0,5.654933641084824%
6933,0,5.654117986441656%
6934,0,5.65330256706086%
6935,0,5.652487382840663%
6936,0,5.651672433679354%
6937,0,5.650857719475278%
6938,0,5.650043240126838%
6939,0,5.649228995532497%
6940,0,5.648414985590778%
6941,0,5.647601210200259%
6942,0,5.646787669259579%
6943,0,5.6459743626674355%
6944,0,5.64516129032258%
6945,0,5.64434845212383%
6946,0,5.643535847970055%
6947,0,5.6427234777601845%
6948,0,5.6419113413932065%
6949,0,5.641099438768168%
6950,0,5.640287769784172%
6951,0,5.639476334340383%
6952,0,5.638665132336018%
6953,0,5.637854163670358%
6954,0,5.6370434282427375%
6955,0,5.6362329259525525%
6956,0,5.6354226566992525%
6957,0,5.634612620382349%
6958,0,5.633802816901409%
6959,0,5.632993246156056%
6960,0,5.632183908045977%
6961,0,5.631374802470909%
6962,0,5.630565929330652%
6963,0,5.629757288525061%
6964,0,5.6289488799540495%
6965,0,5.628140703517588%
6966,0,5.627332759115705%
6967,0,5.626525046648486%
6968,0,5.625717566016074%
6969,1,5.6392595781317265%
6970,1,5.652797704447632%
6971,0,5.6519868024673645%
6972,0,5.651176133103844%
6973,0,5.6503656962569915%
6974,0,5.649555491826785%
6975,0,5.648745519713262%
6976,0,5.647935779816514%
6977,0,5.647126272036692%
6978,0,5.646316996274004%
6979,0,5.645507952428715%
6980,0,5.644699140401146%
6981,0,5.643890560091677%
6982,0,5.643082211400745%
6983,0,5.642274094228841%
6984,0,5.641466208476518%
6985,0,5.640658554044381%
6986,0,5.639851130833095%
6987,0,5.639043938743381%
6988,0,5.638236977676016%
6989,0,5.637430247531835%
6990,0,5.636623748211731%
6991,0,5.63581747961665%
6992,0,5.635011441647597%
6993,0,5.634205634205634%
6994,0,5.633400057191879%
6995,0,5.632594710507505%
6996,0,5.631789594053745%
6997,0,5.630984707731885%
6998,0,5.630180051443269%
6999,0,5.629375625089299%
7000,0,5.628571428571429%
7001,0,5.627767461791173%
7002,0,5.6269637246501%
7003,0,5.626160217049836%
7004,0,5.625356938892061%
7005,0,5.6245538900785155%
7006,0,5.62375107051099%
7007,0,5.622948480091337%
7008,0,5.622146118721461%
7009,0,5.621343986303325%
7010,0,5.620542082738944%
7011,0,5.619740407930395%
7012,0,5.618938961779806%
7013,0,5.6181377441893625%
7014,0,5.617336755061306%
7015,0,5.616535994297934%
7016,0,5.615735461801597%
7017,0,5.614935157474704%
7018,0,5.614135081219721%
7019,0,5.613335232939165%
7020,0,5.612535612535612%
7021,0,5.611736219911694%
7022,0,5.610937054970094%
7023,0,5.610138117613555%
7024,0,5.609339407744875%
7025,0,5.6085409252669045%
7026,0,5.607742670082551%
7027,0,5.606944642094777%
7028,0,5.606146841206602%
7029,0,5.605349267321098%
7030,0,5.604551920341394%
7031,0,5.603754800170672%
7032,0,5.602957906712173%
7033,0,5.602161239869188%
7034,0,5.601364799545067%
7035,0,5.600568585643213%
7036,0,5.599772598067084%
7037,0,5.598976836720193%
7038,0,5.598181301506109%
7039,0,5.597385992328456%
7040,0,5.596590909090909%
7041,0,5.595796051697202%
7042,0,5.595001420051122%
7043,0,5.59420701405651%
7044,0,5.593412833617263%
7045,0,5.592618878637332%
7046,0,5.591825149020721%
7047,0,5.591031644671491%
7048,0,5.590238365493757%
7049,0,5.589445311391686%
7050,0,5.588652482269504%
7051,0,5.587859878031485%
7052,0,5.587067498581963%
7053,0,5.5862753438253225%
7054,0,5.585483413666005%
7055,0,5.584691708008505%
7056,0,5.58390022675737%
7057,0,5.583108969817203%
7058,0,5.582317937092661%
7059,0,5.581527128488455%
7060,0,5.580736543909348%
7061,0,5.579946183260161%
7062,0,5.579156046445767%
7063,0,5.578366133371089%
7064,0,5.577576443941109%
7065,0,5.576786978060863%
7066,0,5.575997735635437%
7067,0,5.575208716569973%
7068,0,5.574419920769666%
7069,0,5.573631348139766%
7070,0,5.572842998585573%
7071,0,5.572054872012446%
7072,0,5.5712669683257925%
7073,0,5.570479287431076%
7074,0,5.569691829233814%
7075,0,5.568904593639576%
7076,0,5.568117580553985%
7077,0,5.5673307898827185%
7078,0,5.566544221531506%
7079,0,5.56575787540613%
7080,0,5.564971751412429%
7081,0,5.564185849456291%
7082,0,5.56340016944366%
7083,0,5.56261471128053%
7084,0,5.561829474872953%
7085,0,5.561044460127029%
7086,0,5.560259666948913%
7087,0,5.559475095244815%
7088,0,5.558690744920993%
7089,0,5.557906615883764%
7090,0,5.5571227080394925%
7091,0,5.5563390212945984%
7092,0,5.555555555555555%
7093,0,5.554772310728888%
7094,0,5.553989286721173%
7095,0,5.553206483439042%
7096,0,5.552423900789177%
7097,0,5.5516415386783144%
7098,0,5.550859397013244%
7099,0,5.550077475700803%
7100,0,5.549295774647887%
7101,0,5.548514293761442%
7102,0,5.547733032948465%
7103,0,5.546951992116007%
7104,0,5.546171171171172%
7105,0,5.5453905700211115%
7106,0,5.544610188573037%
7107,0,5.543830026734206%
7108,0,5.54305008441193%
7109,0,5.542270361513575%
7110,0,5.541490857946554%
7111,0,5.540711573618338%
7112,0,5.539932508436445%
7113,0,5.539153662308449%
7114,0,5.538375035141973%
7115,0,5.537596626844694%
7116,0,5.53681843732434%
7117,0,5.536040466488689%
7118,1,5.549311604383254%
7119,1,5.562579013906448%
7120,1,5.575842696629214%
7121,1,5.5891026541216124%
7122,0,5.588317888233642%
7123,0,5.587533342692685%
7124,0,5.5867490174059515%
7125,0,5.585964912280702%
7126,0,5.585181027224249%
7127,0,5.58439736214396%
7128,0,5.58361391694725%
7129,0,5.582830691541591%
7130,0,5.582047685834502%
7131,0,5.581264899733558%
7132,0,5.580482333146382%
7133,0,5.579699985980653%
7134,0,5.578917858144099%
7135,0,5.578135949544499%
7136,0,5.577354260089686%
7137,0,5.576572789687543%
7138,0,5.5757915382460075%
7139,0,5.575010505673063%
7140,0,5.574229691876751%
7141,0,5.573449096765159%
7142,0,5.572668720246429%
7143,0,5.5718885622287555%
7144,0,5.571108622620381%
7145,0,5.570328901329601%
7146,0,5.569549398264764%
7147,0,5.568770113334266%
7148,0,5.567991046446559%
7149,0,5.567212197510141%
7150,0,5.566433566433567%
7151,0,5.565655153125437%
7152,0,5.564876957494407%
7153,0,5.564098979449182%
7154,0,5.563321218898518%
7155,0,5.562543675751223%
7156,0,5.561766349916154%
7157,0,5.560989241302221%
7158,0,5.560212349818385%
7159,0,5.559435675373655%
7160,0,5.558659217877095%
7161,0,5.557882977237815%
7162,0,5.557106953364982%
7163,0,5.556331146167807%
7164,0,5.555555555555555%
7165,0,5.554780181437543%
7166,0,5.554005023723136%
7167,0,5.553230082321752%
7168,0,5.552455357142857%
7169,0,5.551680848095969%
7170,0,5.550906555090656%
7171,0,5.550132478036536%
7172,0,5.549358616843279%
7173,0,5.548584971420605%
7174,0,5.547811541678282%
7175,0,5.547038327526133%
7176,0,5.546265328874025%
7177,0,5.5454925456318795%
7178,0,5.5447199777096685%
7179,0,5.543947625017412%
7180,0,5.543175487465181%
7181,0,5.542403564963097%
7182,0,5.541631857421331%
7183,0,5.540860364750104%
7184,0,5.540089086859688%
7185,0,5.539318023660403%
7186,0,5.538547175062622%
7187,0,5.537776540976764%
7188,0,5.537006121313301%
7189,0,5.536235915982751%
7190,0,5.535465924895688%
7191,0,5.534696147962731%
7192,0,5.533926585094549%
7193,0,5.533157236201863%
7194,0,5.5323881011954406%
7195,0,5.531619179986101%
7196,0,5.530850472484714%
7197,0,5.530081978602196%
7198,0,5.529313698249514%
7199,0,5.5285456313376855%
7200,0,5.527777777777778%
7201,0,5.5270101374809055%
7202,0,5.526242710358234%
7203,0,5.525475496320977%
7204,0,5.524708495280399%
7205,0,5.523941707147814%
7206,0,5.5231751318345825%
7207,0,5.522408769252116%
7208,0,5.5216426193118755%
7209,0,5.520876681925372%
7210,0,5.520110957004161%
7211,0,5.519345444459852%
7212,0,5.518580144204104%
7213,0,5.517815056148621%
7214,0,5.517050180205157%
7215,0,5.516285516285516%
7216,0,5.515521064301552%
7217,0,5.514756824165166%
7218,0,5.513992795788307%
7219,0,5.513228979082975%
7220,0,5.512465373961219%
7221,0,5.5117019803351335%
7222,0,5.5109387981168645%
7223,0,5.510175827218608%
7224,0,5.509413067552602%
7225,0,5.508650519031142%
7226,0,5.507888181566565%
7227,0,5.507126055071261%
7228,0,5.506364139457665%
7229,0,5.505602434638263%
7230,0,5.504840940525588%
7231,0,5.504079657032222%
7232,0,5.503318584070796%
7233,0,5.5025577215539885%
7234,0,5.501797069394526%
7235,0,5.501036627505183%
7236,0,5.5002763957987835%
7237,0,5.499516374188199%
7238,0,5.498756562586349%
7239,0,5.497996960906202%
7240,0,5.497237569060774%
7241,0,5.496478386963126%
7242,0,5.495719414526374%
7243,0,5.494960651663675%
7244,0,5.4942020982882385%
7245,0,5.493443754313319%
7246,0,5.492685619652222%
7247,0,5.4919276942182975%
7248,0,5.491169977924945%
7249,0,5.490412470685612%
7250,0,5.489655172413793%
7251,0,5.488898083023031%
7252,0,5.488141202426917%
7253,0,5.487384530539087%
7254,0,5.486628067273228%
7255,0,5.485871812543073%
7256,0,5.485115766262403%
7257,0,5.484359928345047%
7258,0,5.483604298704877%
7259,0,5.482848877255821%
7260,0,5.482093663911846%
7261,0,5.481338658586972%
7262,0,5.480583861195263%
7263,0,5.479829271650833%
7264,0,5.479074889867841%
7265,0,5.478320715760495%
7266,0,5.47756674924305%
7267,0,5.476812990229806%
7268,0,5.4760594386351125%
7269,0,5.475306094373367%
7270,0,5.474552957359009%
7271,0,5.473800027506533%
7272,0,5.473047304730473%
7273,0,5.4722947889454145%
7274,0,5.471542480065988%
7275,0,5.470790378006873%
7276,0,5.470038482682793%
7277,0,5.469286794008521%
7278,0,5.468535311898873%
7279,0,5.467784036268719%
7280,0,5.467032967032967%
7281,0,5.466282104106579%
7282,0,5.465531447404559%
7283,0,5.46478099684196%
7284,0,5.4640307523338825%
7285,0,5.46328071379547%
7286,0,5.462530881141916%
7287,0,5.461781254288459%
7288,0,5.461031833150384%
7289,0,5.460282617643024%
7290,0,5.459533607681756%
7291,0,5.458784803182006%
7292,0,5.458036204059243%
7293,0,5.457287810228987%
7294,0,5.4565396216068%
7295,0,5.455791638108294%
7296,0,5.455043859649123%
7297,0,5.4542962861449915%
7298,0,5.453548917511647%
7299,0,5.452801753664885%
7300,0,5.4520547945205475%
7301,0,5.4513080399945215%
7302,0,5.450561490002738%
7303,0,5.44981514446118%
7304,0,5.449069003285871%
7305,0,5.448323066392882%
7306,1,5.461264713933753%
7307,1,5.474202819214452%
7308,0,5.473453749315818%
7309,1,5.4863866466000815%
7310,1,5.4993160054719565%
7311,0,5.498563807960608%
7312,1,5.511487964989059%
7313,1,5.524408587447012%
7314,0,5.52365326770577%
7315,0,5.522898154477102%
7316,0,5.522143247676326%
7317,0,5.521388547218805%
7318,0,5.5206340530199505%
7319,1,5.533542833720453%
7320,0,5.532786885245901%
7321,1,5.545690479442699%
7322,0,5.544933078393881%
7323,0,5.544175884200464%
7324,0,5.543418896777717%
7325,0,5.5426621160409555%
7326,0,5.541905541905542%
7327,0,5.541149174286884%
7328,0,5.540393013100436%
7329,0,5.5396370582617%
7330,0,5.538881309686221%
7331,0,5.538125767289593%
7332,0,5.537370430987452%
7333,0,5.536615300695487%
7334,0,5.535860376329425%
7335,0,5.535105657805044%
7336,0,5.534351145038168%
7337,0,5.533596837944664%
7338,0,5.532842736440447%
7339,0,5.532088840441477%
7340,0,5.53133514986376%
7341,0,5.530581664623348%
7342,0,5.529828384636339%
7343,0,5.529075309818875%
7344,0,5.528322440087146%
7345,0,5.527569775357386%
7346,0,5.526817315545875%
7347,0,5.526065060568939%
7348,0,5.52531301034295%
7349,0,5.524561164784324%
7350,0,5.523809523809524%
7351,0,5.523058087335056%
7352,0,5.522306855277476%
7353,0,5.52155582755338%
7354,0,5.5208050040794125%
7355,0,5.520054384772264%
7356,0,5.519303969548668%
7357,0,5.518553758325404%
7358,0,5.517803751019298%
7359,0,5.517053947547221%
7360,0,5.516304347826087%
7361,0,5.515554951772857%
7362,0,5.514805759304537%
7363,0,5.514056770338177%
7364,0,5.513307984790875%
7365,0,5.512559402579769%
7366,0,5.511811023622047%
7367,0,5.51106284783494%
7368,0,5.510314875135721%
7369,0,5.509567105441715%
7370,0,5.508819538670285%
7371,0,5.5080721747388415%
7372,0,5.50732501356484%
7373,0,5.506578055065781%
7374,0,5.505831299159207%
7375,0,5.505084745762712%
7376,0,5.504338394793926%
7377,0,5.5035922461705304%
7378,0,5.502846299810247%
7379,0,5.502100555630844%
7380,0,5.5013550135501355%
7381,0,5.500609673485977%
7382,0,5.499864535356272%
7383,0,5.499119599078965%
7384,0,5.498374864572048%
7385,0,5.497630331753554%
7386,0,5.496886000541565%
7387,0,5.496141870854204%
7388,0,5.495397942609637%
7389,0,5.494654215726079%
7390,0,5.493910690121786%
7391,0,5.493167365715059%
7392,0,5.492424242424242%
7393,0,5.491681320167726%
7394,0,5.490938598863944%
7395,0,5.490196078431373%
7396,0,5.489453758788534%
7397,0,5.488711639853995%
7398,0,5.487969721546364%
7399,0,5.4872280037842955%
7400,0,5.486486486486487%
7401,0,5.48574516957168%
7402,0,5.48500405295866%
7403,0,5.484263136566257%
7404,0,5.483522420313344%
7405,0,5.482781904118839%
7406,0,5.482041587901701%
7407,0,5.481301471580937%
7408,0,5.480561555075594%
7409,0,5.4798218383047645%
7410,0,5.479082321187585%
7411,0,5.478343003643233%
7412,0,5.477603885590933%
7413,0,5.476864966949953%
7414,0,5.476126247639601%
7415,0,5.475387727579231%
7416,0,5.474649406688242%
7417,0,5.473911284886072%
7418,0,5.473173362092208%
7419,0,5.472435638226176%
7420,0,5.471698113207547%
7421,0,5.470960786955936%
7422,0,5.470223659391%
7423,0,5.46948673043244%
7424,0,5.46875%
7425,0,5.468013468013468%
7426,0,5.467277134392674%
7427,0,5.466540999057493%
7428,0,5.46580506192784%
7429,0,5.465069322923678%
7430,0,5.464333781965007%
7431,0,5.463598438971875%
7432,0,5.46286329386437%
7433,0,5.462128346562626%
7434,0,5.4613935969868175%
7435,0,5.460659045057162%
7436,0,5.459924690693922%
7437,0,5.4591905338174%
7438,0,5.458456574347943%
7439,0,5.457722812205942%
7440,0,5.456989247311828%
7441,0,5.456255879586077%
7442,0,5.455522708949207%
7443,0,5.4547897353217785%
7444,0,5.454056958624395%
7445,0,5.453324378777704%
7446,0,5.452591995702391%
7447,0,5.451859809319188%
7448,0,5.451127819548872%
7449,0,5.450396026312257%
7450,0,5.449664429530202%
7451,0,5.448933029123607%
7452,0,5.448201825013419%
7453,0,5.447470817120623%
7454,0,5.446740005366246%
7455,0,5.446009389671361%
7456,0,5.445278969957081%
7457,1,5.457958964731125%
7458,0,5.457227138643068%
7459,1,5.469902131653036%
7460,0,5.46916890080429%
7461,1,5.481838895590403%
7462,1,5.4945054945054945%
7463,0,5.493769261691009%
7464,0,5.493033226152197%
7465,0,5.492297387809779%
7466,0,5.491561746584517%
7467,0,5.490826302397214%
7468,0,5.49009105516872%
7469,0,5.489356004819922%
7470,0,5.4886211512717535%
7471,0,5.4878864944451875%
7472,0,5.487152034261242%
7473,0,5.4864177706409745%
7474,0,5.485683703505486%
7475,0,5.48494983277592%
7476,0,5.484216158373462%
7477,0,5.483482680219339%
7478,0,5.482749398234822%
7479,0,5.482016312341222%
7480,0,5.481283422459892%
7481,0,5.480550728512231%
7482,0,5.479818230419673%
7483,0,5.479085928103702%
7484,0,5.478353821485837%
7485,0,5.477621910487642%
7486,0,5.476890195030724%
7487,0,5.47615867503673%
7488,0,5.47542735042735%
7489,1,5.488049138736814%
7490,1,5.500667556742323%
7491,1,5.513282605793619%
7492,1,5.525894287239722%
7493,0,5.52515681302549%
7494,0,5.524419535628502%
7495,0,5.52368245496998%
7496,0,5.522945570971185%
7497,0,5.5222088835534215%
7498,0,5.521472392638037%
7499,0,5.52073609814642%
7500,0,5.52%
7501,0,5.519264098120251%
7502,0,5.518528392428686%
7503,0,5.517792882846861%
7504,0,5.517057569296376%
7505,0,5.516322451698867%
7506,0,5.515587529976019%
7507,0,5.514852804049554%
7508,0,5.514118273841237%
7509,0,5.513383939272873%
7510,0,5.512649800266312%
7511,0,5.5119158567434425%
7512,0,5.5111821086261985%
7513,0,5.51044855583655%
7514,0,5.509715198296513%
7515,0,5.508982035928144%
7516,0,5.508249068653539%
7517,0,5.507516296394838%
7518,0,5.506783719074222%
7519,0,5.506051336613912%
7520,0,5.50531914893617%
7521,0,5.5045871559633035%
7522,0,5.503855357617655%
7523,0,5.503123753821614%
7524,0,5.502392344497608%
7525,0,5.501661129568106%
7526,0,5.500930108955621%
7527,0,5.500199282582702%
7528,0,5.499468650371945%
7529,0,5.498738212245982%
7530,0,5.49800796812749%
7531,0,5.497277917939185%
7532,0,5.496548061603824%
7533,0,5.4958183990442055%
7534,0,5.49508893018317%
7535,0,5.4943596549435965%
7536,0,5.493630573248407%
7537,0,5.492901685020565%
7538,0,5.4921729901830725%
7539,0,5.491444488658973%
7540,0,5.490716180371353%
7541,0,5.489988065243336%
7542,0,5.4892601431980905%
7543,0,5.488532414158823%
7544,0,5.487804878048781%
7545,0,5.487077534791252%
7546,0,5.486350384309568%
7547,0,5.485623426527097%
7548,0,5.484896661367249%
7549,0,5.484170088753477%
7550,0,5.483443708609272%
7551,0,5.482717520858165%
7552,0,5.481991525423728%
7553,0,5.481265722229578%
7554,0,5.480540111199365%
7555,0,5.479814692256784%
7556,0,5.479089465325569%
7557,0,5.478364430329496%
7558,0,5.477639587192379%
7559,0,5.4769149358380735%
7560,0,5.476190476190476%
7561,0,5.475466208173522%
7562,0,5.474742131711188%
7563,0,5.474018246727489%
7564,0,5.473294553146483%
7565,0,5.472571050892268%
7566,0,5.471847739888977%
7567,0,5.47112462006079%
7568,0,5.470401691331924%
7569,0,5.469678953626635%
7570,0,5.4689564068692205%
7571,0,5.468234050984018%
7572,0,5.467511885895404%
7573,0,5.466789911527796%
7574,0,5.466068127805651%
7575,0,5.465346534653466%
7576,0,5.464625131995776%
7577,0,5.4639039197571595%
7578,0,5.463182897862233%
7579,0,5.462462066235651%
7580,0,5.461741424802111%
7581,0,5.461020973486348%
7582,0,5.460300712213137%
7583,0,5.4595806409072924%
7584,0,5.458860759493671%
7585,0,5.458141067897166%
7586,0,5.457421566042711%
7587,0,5.456702253855279%
7588,0,5.455983131259884%
7589,0,5.455264198181578%
7590,0,5.454545454545454%
7591,0,5.453826900276644%
7592,0,5.453108535300316%
7593,0,5.452390359541683%
7594,0,5.451672372925994%
7595,0,5.450954575378539%
7596,0,5.450236966824645%
7597,0,5.449519547189681%
7598,0,5.448802316399052%
7599,0,5.448085274378207%
7600,0,5.447368421052631%
7601,0,5.446651756347849%
7602,0,5.445935280189424%
7603,0,5.4452189925029595%
7604,0,5.444502893214097%
7605,0,5.44378698224852%
7606,0,5.443071259531949%
7607,0,5.442355724990141%
7608,0,5.441640378548896%
7609,0,5.440925220134051%
7610,1,5.45335085413929%
7611,0,5.452634345026935%
7612,1,5.4650551760378345%
7613,1,5.477472743990543%
7614,0,5.476753349093775%
7615,0,5.476034143138542%
7616,0,5.47531512605042%
7617,0,5.4745962977550215%
7618,0,5.473877658177999%
7619,0,5.473159207245045%
7620,0,5.47244094488189%
7621,0,5.471722871014303%
7622,0,5.471004985568093%
7623,0,5.470287288469106%
7624,0,5.469569779643232%
7625,0,5.468852459016393%
7626,0,5.468135326514555%
7627,0,5.467418382063721%
7628,0,5.466701625589932%
7629,0,5.465985057019269%
7630,0,5.465268676277851%
7631,0,5.464552483291836%
7632,0,5.463836477987422%
7633,0,5.463120660290842%
7634,0,5.462405030128373%
7635,0,5.461689587426326%
7636,0,5.460974332111053%
7637,0,5.460259264108943%
7638,0,5.459544383346426%
7639,0,5.458829689749967%
7640,0,5.458115183246074%
7641,0,5.457400863761288%
7642,0,5.456686731222193%
7643,0,5.45597278555541%
7644,0,5.455259026687599%
7645,0,5.454545454545454%
7646,0,5.453832069055715%
7647,0,5.453118870145155%
7648,0,5.452405857740586%
7649,0,5.451693031768859%
7650,0,5.450980392156863%
7651,0,5.450267938831526%
7652,0,5.449555671719812%
7653,0,5.4488435907487265%
7654,0,5.448131695845309%
7655,0,5.447419986936643%
7656,0,5.446708463949843%
7657,0,5.445997126812068%
7658,0,5.445285975450509%
7659,0,5.444575009792401%
7660,0,5.443864229765013%
7661,0,5.443153635295653%
7662,0,5.442443226311668%
7663,0,5.441733002740441%
7664,0,5.441022964509394%
7665,0,5.440313111545988%
7666,0,5.43960344377772%
7667,0,5.438893961132125%
7668,0,5.438184663536776%
7669,0,5.437475550919285%
7670,0,5.436766623207301%
7671,0,5.43605788032851%
7672,0,5.435349322210636%
7673,0,5.434640948781441%
7674,0,5.433932759968726%
7675,0,5.4332247557003255%
7676,0,5.4325169359041166%
7677,0,5.431809300508011%
7678,0,5.431101849439958%
7679,0,5.4303945826279465%
7680,0,5.4296875%
7681,0,5.428980601484182%
7682,0,5.428273887008592%
7683,0,5.427567356501366%
7684,0,5.426861009890683%
7685,0,5.426154847104749%
7686,0,5.425448868071818%
7687,0,5.424743072720177%
7688,0,5.424037460978147%
7689,0,5.423332032774093%
7690,0,5.4226267880364105%
7691,0,5.421921726693538%
7692,0,5.4212168486739465%
7693,0,5.420512153906149%
7694,0,5.41980764231869%
7695,0,5.419103313840156%
7696,0,5.418399168399168%
7697,0,5.417695205924386%
7698,0,5.416991426344505%
7699,0,5.416287829588258%
7700,0,5.415584415584416%
7701,0,5.414881184261784%
7702,0,5.414178135549208%
7703,0,5.413475269375568%
7704,0,5.4127725856697815%
7705,0,5.4120700843608045%
7706,0,5.411367765377627%
7707,0,5.41066562864928%
7708,0,5.4099636741048265%
7709,0,5.409261901673369%
7710,0,5.408560311284047%
7711,0,5.407858902866035%
7712,0,5.407157676348548%
7713,0,5.4064566316608325%
7714,0,5.405755768732176%
7715,0,5.405055087491899%
7716,0,5.404354587869363%
7717,0,5.403654269793962%
7718,0,5.402954133195128%
7719,0,5.402254178002332%
7720,0,5.401554404145078%
7721,0,5.400854811552907%
7722,0,5.4001554001554%
7723,0,5.3994561698821695%
7724,0,5.398757120662869%
7725,0,5.398058252427185%
7726,0,5.397359565104841%
7727,0,5.3966610586255985%
7728,0,5.395962732919254%
7729,0,5.3952645879156425%
7730,0,5.394566623544631%
7731,0,5.393868839736127%
7732,0,5.393171236420073%
7733,0,5.392473813526445%
7734,0,5.39177657098526%
7735,0,5.391079508726568%
7736,0,5.390382626680455%
7737,0,5.389685924777045%
7738,0,5.388989402946498%
7739,0,5.388293061119008%
7740,0,5.387596899224807%
7741,0,5.386900917194161%
7742,0,5.386205114957375%
7743,0,5.385509492444789%
7744,0,5.384814049586777%
7745,0,5.384118786313751%
7746,0,5.383423702556158%
7747,0,5.382728798244481%
7748,0,5.382034073309241%
7749,0,5.381339527680991%
7750,0,5.380645161290323%
7751,0,5.379950974067863%
7752,0,5.379256965944272%
7753,0,5.378563136850252%
7754,0,5.377869486716533%
7755,0,5.3771760154738875%
7756,0,5.37648272305312%
7757,0,5.375789609385071%
7758,0,5.375096674400619%
7759,0,5.374403918030675%
7760,0,5.373711340206186%
7761,0,5.373018940858136%
7762,0,5.372326719917547%
7763,0,5.371634677315471%
7764,0,5.370942812982999%
7765,0,5.370251126851255%
7766,0,5.369559618851404%
7767,0,5.368868288914639%
7768,0,5.368177136972194%
7769,0,5.367486162955335%
7770,0,5.366795366795367%
7771,0,5.366104748423626%
7772,0,5.365414307771487%
7773,0,5.364724044770359%
7774,0,5.364033959351685%
7775,0,5.363344051446945%
7776,0,5.362654320987654%
7777,0,5.361964767905362%
7778,0,5.361275392131653%
7779,0,5.360586193598149%
7780,0,5.359897172236503%
7781,0,5.359208327978409%
7782,0,5.35851966075559%
7783,0,5.357831170499807%
7784,0,5.357142857142857%
7785,0,5.35645472061657%
7786,0,5.355766760852813%
7787,0,5.355078977783485%
7788,0,5.354391371340523%
7789,0,5.353703941455899%
7790,0,5.353016688061618%
7791,0,5.352329611089719%
7792,0,5.351642710472279%
7793,0,5.350955986141409%
7794,0,5.350269438029253%
7795,0,5.349583066067992%
7796,0,5.348896870189841%
7797,0,5.348210850327049%
7798,0,5.3475250064119%
7799,0,5.346839338376715%
7800,0,5.346153846153847%
7801,0,5.345468529675683%
7802,0,5.344783388874648%
7803,0,5.3440984236831985%
7804,0,5.343413634033829%
7805,0,5.342729019859065%
7806,0,5.342044581091468%
7807,0,5.341360317663636%
7808,0,5.340676229508197%
7809,0,5.339992316557818%
7810,0,5.339308578745198%
7811,0,5.338625016003073%
7812,0,5.337941628264209%
7813,0,5.33725841546141%
7814,0,5.336575377527515%
7815,0,5.335892514395393%
7816,0,5.3352098259979535%
7817,0,5.334527312268134%
7818,0,5.333844973138911%
7819,0,5.333162808543292%
7820,0,5.332480818414322%
7821,0,5.331799002685079%
7822,0,5.331117361288673%
7823,0,5.330435894158252%
7824,0,5.329754601226994%
7825,0,5.3290734824281145%
7826,0,5.328392537694864%
7827,0,5.327711766960521%
7828,0,5.327031170158405%
7829,0,5.326350747221867%
7830,0,5.325670498084291%
7831,0,5.324990422679096%
7832,0,5.324310520939735%
7833,0,5.323630792799693%
7834,0,5.322951238192494%
7835,0,5.322271857051692%
7836,1,5.334354262378764%
7837,0,5.33367359959168%
7838,1,5.345751467211024%
7839,1,5.357826253348642%
7840,1,5.369897959183674%
7841,0,5.369213110572631%
7842,0,5.36852843662331%
7843,0,5.367843937268902%
7844,0,5.367159612442631%
7845,0,5.366475462077756%
7846,0,5.365791486107571%
7847,0,5.365107684465401%
7848,0,5.364424057084608%
7849,0,5.363740603898585%
7850,0,5.3630573248407645%
7851,0,5.362374219844606%
7852,0,5.361691288843607%
7853,0,5.361008531771297%
7854,0,5.3603259485612424%
7855,0,5.35964353914704%
7856,0,5.358961303462322%
7857,0,5.358279241440753%
7858,0,5.357597353016034%
7859,0,5.356915638121898%
7860,0,5.356234096692112%
7861,0,5.355552728660476%
7862,0,5.354871533960824%
7863,0,5.354190512527025%
7864,0,5.3535096642929805%
7865,0,5.352828989192625%
7866,0,5.352148487159929%
7867,0,5.351468158128893%
7868,0,5.350788002033554%
7869,0,5.350108018807981%
7870,0,5.349428208386277%
7871,0,5.348748570702579%
7872,0,5.348069105691057%
7873,0,5.347389813285914%
7874,0,5.346710693421387%
7875,0,5.346031746031746%
7876,0,5.3453529710512955%
7877,0,5.344674368414371%
7878,0,5.343995938055344%
7879,0,5.343317679908618%
7880,0,5.34263959390863%
7881,0,5.341961679989849%
7882,0,5.34128393808678%
7883,0,5.340606368133959%
7884,0,5.339928970065956%
7885,1,5.351934051997464%
7886,0,5.3512553892974895%
7887,1,5.363255990871053%
7888,1,5.37525354969574%
7889,1,5.387248066928635%
7890,1,5.399239543726235%
7891,1,5.411227981244456%
7892,1,5.423213380638622%
7893,1,5.435195743063474%
7894,1,5.447175069673169%
7895,1,5.459151361621279%
7896,1,5.47112462006079%
7897,0,5.47043180954793%
7898,0,5.469739174474551%
7899,0,5.469046714774022%
7900,0,5.468354430379747%
7901,0,5.467662321225161%
7902,0,5.466970387243736%
7903,0,5.466278628368974%
7904,0,5.465587044534413%
7905,0,5.464895635673624%
7906,0,5.464204401720212%
7907,0,5.463513342607816%
7908,0,5.462822458270106%
7909,0,5.462131748640789%
7910,0,5.461441213653603%
7911,0,5.460750853242321%
7912,0,5.460060667340748%
7913,0,5.459370655882725%
7914,0,5.458680818802123%
7915,0,5.457991156032849%
7916,0,5.457301667508843%
7917,0,5.456612353164077%
7918,0,5.455923212932558%
7919,0,5.4552342467483275%
7920,0,5.454545454545454%
7921,0,5.453856836258049%
7922,0,5.453168391820248%
7923,0,5.452480121166225%
7924,0,5.451792024230187%
7925,0,5.451104100946372%
7926,0,5.4504163512490535%
7927,0,5.449728775072537%
7928,0,5.449041372351161%
7929,0,5.448354143019296%
7930,0,5.447667087011349%
7931,0,5.446980204261758%
7932,1,5.458900655572365%
7933,1,5.470818101600908%
7934,1,5.48273254348374%
7935,1,5.4946439823566475%
7936,1,5.506552419354839%
7937,0,5.50585863676452%
7938,1,5.517762660619804%
7939,0,5.517067640760801%
7940,0,5.516372795969773%
7941,0,5.515678126180582%
7942,0,5.514983631327121%
7943,0,5.514289311343322%
7944,0,5.5135951661631415%
7945,0,5.51290119572058%
7946,0,5.51220739994966%
7947,0,5.5115137787844475%
7948,0,5.510820332159034%
7949,0,5.510127060007548%
7950,0,5.509433962264151%
7951,0,5.508741038863036%
7952,0,5.50804828973843%
7953,0,5.507355714824595%
7954,0,5.506663314055821%
7955,0,5.5059710873664365%
7956,0,5.505279034690799%
7957,0,5.5045871559633035%
7958,0,5.503895451118371%
7959,0,5.503203920090463%
7960,0,5.50251256281407%
7961,0,5.501821379223715%
7962,0,5.501130369253956%
7963,0,5.5004395328393825%
7964,0,5.499748869914615%
7965,0,5.499058380414312%
7966,0,5.498368064273161%
7967,1,5.510229697502197%
7968,1,5.522088353413655%
7969,1,5.533944033128373%
7970,0,5.533249686323714%
7971,0,5.532555513737298%
7972,0,5.531861515303563%
7973,0,5.53116769095698%
7974,0,5.530474040632054%
7975,0,5.529780564263323%
7976,0,5.529087261785356%
7977,0,5.528394133132757%
7978,0,5.52770117824016%
7979,0,5.527008397042236%
7980,0,5.526315789473684%
7981,0,5.525623355469239%
7982,0,5.5249310949636685%
7983,0,5.5242390078917705%
7984,0,5.523547094188377%
7985,0,5.522855353788353%
7986,0,5.522163786626597%
7987,0,5.521472392638037%
7988,0,5.520781171757636%
7989,0,5.52009012392039%
7990,0,5.519399249061327%
7991,0,5.518708547115505%
7992,0,5.518018018018018%
7993,0,5.517327661703991%
7994,0,5.516637478108581%
7995,0,5.5159474671669795%
7996,0,5.515257628814407%
7997,0,5.51456796298612%
7998,0,5.513878469617405%
7999,0,5.513189148643581%
8000,0,5.5125%
8001,0,5.511811023622047%
8002,0,5.511122219445139%
8003,0,5.510433587404724%
8004,0,5.509745127436282%
8005,0,5.509056839475328%
8006,0,5.508368723457407%
8007,0,5.507680779318096%
8008,0,5.5069930069930075%
8009,0,5.5063054064177805%
8010,0,5.50561797752809%
8011,0,5.504930720259643%
8012,0,5.504243634548177%
8013,0,5.503556720329464%
8014,0,5.502869977539306%
8015,0,5.502183406113537%
8016,0,5.501497005988024%
8017,0,5.500810777098665%
8018,0,5.500124719381392%
8019,0,5.499438832772166%
8020,0,5.498753117206983%
8021,0,5.498067572621867%
8022,0,5.49738219895288%
8023,0,5.496696996136109%
8024,0,5.496011964107677%
8025,0,5.4953271028037385%
8026,0,5.494642412160478%
8027,0,5.493957892114114%
8028,0,5.493273542600897%
8029,0,5.492589363557106%
8030,0,5.491905354919053%
8031,0,5.491221516623086%
8032,0,5.490537848605578%
8033,0,5.489854350802938%
8034,0,5.489171023151606%
8035,0,5.488487865588052%
8036,0,5.487804878048781%
8037,0,5.487122060470324%
8038,0,5.4864394127892515%
8039,0,5.485756934942157%
8040,0,5.485074626865671%
8041,0,5.484392488496455%
8042,0,5.483710519771201%
8043,0,5.483028720626632%
8044,0,5.482347090999503%
8045,0,5.4816656308266%
8046,0,5.480984340044743%
8047,0,5.480303218590779%
8048,0,5.479622266401591%
8049,0,5.478941483414089%
8050,0,5.478260869565217%
8051,0,5.4775804247919515%
8052,0,5.476900149031297%
8053,0,5.476220042220291%
8054,0,5.475540104296002%
8055,0,5.4748603351955305%
8056,0,5.474180734856008%
8057,0,5.473501303214596%
8058,0,5.472822040208489%
8059,0,5.47214294577491%
8060,0,5.471464019851116%
8061,0,5.470785262374395%
8062,0,5.470106673282063%
8063,0,5.469428252511472%
8064,0,5.46875%
8065,0,5.4680719156850595%
8066,0,5.467393999504091%
8067,0,5.46671625139457%
8068,0,5.466038671294001%
8069,0,5.465361259139918%
8070,0,5.4646840148698885%
8071,0,5.464006938421509%
8072,0,5.4633300297324086%
8073,0,5.4626532887402455%
8074,0,5.4619767153827095%
8075,0,5.461300309597523%
8076,0,5.460624071322437%
8077,0,5.459948000495234%
8078,0,5.459272097053726%
8079,0,5.4585963609357595%
8080,0,5.457920792079208%
8081,0,5.457245390421978%
8082,0,5.456570155902004%
8083,0,5.455895088457257%
8084,0,5.45522018802573%
8085,0,5.454545454545454%
8086,0,5.45387088795449%
8087,0,5.453196488190923%
8088,0,5.4525222551928785%
8089,0,5.451848188898504%
8090,0,5.451174289245983%
8091,0,5.450500556173527%
8092,0,5.449826989619377%
8093,0,5.449153589521809%
8094,0,5.448480355819125%
8095,0,5.447807288449661%
8096,0,5.447134387351778%
8097,0,5.446461652463876%
8098,0,5.445789083724376%
8099,0,5.445116681071737%
8100,0,5.444444444444444%
8101,0,5.443772373781015%
8102,0,5.443100469019995%
8103,0,5.442428730099963%
8104,0,5.441757156959526%
8105,0,5.441085749537323%
8106,0,5.4404145077720205%
8107,0,5.439743431602319%
8108,0,5.439072520966946%
8109,0,5.438401775804662%
8110,0,5.437731196054254%
8111,0,5.437060781654543%
8112,0,5.436390532544379%
8113,0,5.43572044866264%
8114,0,5.435050529948238%
8115,0,5.43438077634011%
8116,0,5.43371118777723%
8117,0,5.433041764198595%
8118,0,5.432372505543237%
8119,0,5.431703411750215%
8120,0,5.43103448275862%
8121,0,5.430365718507573%
8122,0,5.429697118936223%
8123,0,5.42902868398375%
8124,0,5.428360413589365%
8125,0,5.427692307692308%
8126,0,5.427024366231848%
8127,0,5.426356589147287%
8128,0,5.425688976377953%
8129,0,5.425021527863206%
8130,0,5.424354243542435%
8131,0,5.4236871233550605%
8132,0,5.423020167240531%
8133,0,5.422353375138325%
8134,0,5.421686746987952%
8135,0,5.421020282728949%
8136,0,5.420353982300885%
8137,0,5.419687845643358%
8138,0,5.4190218726959944%
8139,0,5.418356063398452%
8140,0,5.417690417690418%
8141,0,5.417024935511608%
8142,0,5.416359616801769%
8143,0,5.415694461500675%
8144,0,5.415029469548133%
8145,0,5.414364640883978%
8146,0,5.413699975448073%
8147,0,5.413035473180312%
8148,0,5.412371134020619%
8149,0,5.411706957908946%
8150,0,5.411042944785276%
8151,0,5.41037909458962%
8152,0,5.409715407262022%
8153,0,5.409051882742548%
8154,0,5.408388520971302%
8155,0,5.407725321888412%
8156,0,5.407062285434036%
8157,0,5.406399411548364%
8158,0,5.405736700171611%
8159,0,5.405074151244025%
8160,0,5.404411764705882%
8161,0,5.403749540497488%
8162,0,5.4030874785591765%
8163,0,5.402425578831313%
8164,0,5.4017638412542865%
8165,0,5.401102265768524%
8166,0,5.400440852314475%
8167,0,5.399779600832619%
8168,0,5.399118511263467%
8169,0,5.3984575835475574%
8170,0,5.3977968176254585%
8171,0,5.397136213437768%
8172,1,5.408712677435144%
8173,1,5.4202863085770225%
8174,1,5.431857107903108%
8175,1,5.443425076452599%
8176,1,5.454990215264187%
8177,1,5.466552525376055%
8178,0,5.465884079236978%
8179,0,5.465215796552146%
8180,0,5.4645476772616135%
8181,1,5.476103165872143%
8182,0,5.475433879247127%
8183,0,5.474764756201882%
8184,0,5.474095796676441%
8185,0,5.473427000610873%
8186,0,5.472758367945272%
8187,0,5.472089898619763%
8188,0,5.471421592574499%
8189,0,5.470753449749664%
8190,0,5.47008547008547%
8191,0,5.469417653522159%
8192,0,5.46875%
8193,0,5.468082509459295%
8194,0,5.467415181840371%
8195,0,5.466748017083588%
8196,0,5.4660810151293315%
8197,0,5.465414175918019%
8198,0,5.464747499390095%
8199,0,5.464080985486035%
8200,0,5.463414634146342%
8201,0,5.462748445311547%
8202,0,5.462082418922214%
8203,0,5.461416554918932%
8204,0,5.460750853242321%
8205,0,5.460085313833029%
8206,0,5.459419936631733%
8207,0,5.45875472157914%
8208,0,5.458089668615984%
8209,0,5.4574247776830305%
8210,0,5.456760048721072%
8211,0,5.456095481670929%
8212,0,5.455431076473453%
8213,0,5.454766833069524%
8214,0,5.454102751400049%
8215,0,5.453438831405965%
8216,0,5.452775073028238%
8217,0,5.452111476207862%
8218,0,5.45144804088586%
8219,0,5.450784767003285%
8220,0,5.450121654501217%
8221,0,5.449458703320764%
8222,0,5.448795913403065%
8223,0,5.448133284689286%
8224,1,5.459630350194552%
8225,0,5.458966565349544%
8226,0,5.458302941891564%
8227,0,5.45763947976176%
8228,0,5.4569761789013125%
8229,0,5.456313039251428%
8230,0,5.455650060753341%
8231,0,5.4549872433483175%
8232,0,5.454324586977648%
8233,0,5.453662091582656%
8234,0,5.452999757104688%
8235,0,5.452337583485124%
8236,0,5.451675570665372%
8237,0,5.451013718586864%
8238,0,5.450352027191066%
8239,0,5.449690496419468%
8240,0,5.449029126213592%
8241,0,5.448367916514986%
8242,0,5.447706867265227%
8243,0,5.44704597840592%
8244,0,5.4463852498787%
8245,0,5.445724681625228%
8246,0,5.445064273587194%
8247,0,5.4444040257063175%
8248,0,5.443743937924346%
8249,0,5.443084010183052%
8250,0,5.442424242424242%
8251,0,5.441764634589746%
8252,0,5.441105186621424%
8253,0,5.440445898461165%
8254,0,5.439786770050884%
8255,0,5.439127801332526%
8256,0,5.438468992248062%
8257,0,5.4378103427394935%
8258,0,5.437151852748849%
8259,0,5.436493522218186%
8260,0,5.4358353510895885%
8261,0,5.435177339305168%
8262,0,5.434519486807068%
8263,0,5.4338617935374565%
8264,0,5.433204259438529%
8265,0,5.432546884452511%
8266,0,5.431889668521655%
8267,0,5.431232611588242%
8268,0,5.430575713594581%
8269,0,5.429918974483009%
8270,0,5.429262394195888%
8271,0,5.428605972675614%
8272,0,5.4279497098646035%
8273,0,5.427293605705306%
8274,0,5.426637660140198%
8275,0,5.425981873111783%
8276,0,5.425326244562591%
8277,0,5.4246707744351825%
8278,0,5.424015462672143%
8279,0,5.423360309216089%
8280,0,5.4227053140096615%
8281,0,5.4220504769955316%
8282,0,5.421395798116397%
8283,0,5.420741277314982%
8284,0,5.420086914534041%
8285,0,5.419432709716355%
8286,0,5.418778662804731%
8287,0,5.418124773742006%
8288,0,5.417471042471043%
8289,0,5.416817468934733%
8290,0,5.416164053075995%
8291,0,5.415510794837776%
8292,0,5.414857694163048%
8293,0,5.4142047509948155%
8294,0,5.4135519652761035%
8295,0,5.4128993369499705%
8296,0,5.412246865959498%
8297,0,5.4115945522478%
8298,0,5.410942395758013%
8299,0,5.410290396433306%
8300,0,5.409638554216867%
8301,0,5.408986869051922%
8302,0,5.408335340881716%
8303,0,5.407683969649525%
8304,0,5.407032755298651%
8305,0,5.406381697772426%
8306,0,5.405730797014206%
8307,0,5.405080052967377%
8308,0,5.404429465575349%
8309,0,5.403779034781562%
8310,0,5.403128760529483%
8311,0,5.4024786427626035%
8312,0,5.401828681424447%
8313,0,5.401178876458559%
8314,0,5.400529227808516%
8315,0,5.39987973541792%
8316,0,5.399230399230399%
8317,0,5.398581219189611%
8318,0,5.397932195239241%
8319,0,5.397283327322996%
8320,0,5.396634615384616%
8321,0,5.395986059367865%
8322,0,5.395337659216534%
8323,0,5.394689414874445%
8324,0,5.39404132628544%
8325,0,5.393393393393393%
8326,0,5.3927456161422045%
8327,0,5.392097994475802%
8328,0,5.391450528338136%
8329,0,5.39080321767319%
8330,0,5.39015606242497%
8331,0,5.389509062537511%
8332,0,5.388862217954872%
8333,0,5.388215528621145%
8334,0,5.387568994480441%
8335,0,5.386922615476904%
8336,0,5.386276391554703%
8337,0,5.385630322658031%
8338,0,5.3849844087311105%
8339,0,5.384338649718192%
8340,0,5.383693045563549%
8341,0,5.383047596211486%
8342,0,5.382402301606329%
8343,0,5.381757161692437%
8344,0,5.38111217641419%
8345,0,5.3804673457159975%
8346,0,5.379822669542296%
8347,0,5.379178147837546%
8348,0,5.378533780546238%
8349,0,5.377889567612888%
8350,0,5.3772455089820355%
8351,0,5.376601604598251%
8352,0,5.37595785440613%
8353,0,5.375314258350293%
8354,0,5.374670816375389%
8355,0,5.374027528426092%
8356,0,5.373384394447104%
8357,0,5.372741414383151%
8358,0,5.37209858817899%
8359,0,5.3714559157794%
8360,0,5.3708133971291865%
8361,0,5.370171032173185%
8362,0,5.369528820856254%
8363,0,5.368886763123281%
8364,0,5.368244858919177%
8365,0,5.367603108188882%
8366,0,5.366961510877361%
8367,0,5.366320066929604%
8368,0,5.365678776290631%
8369,0,5.365037638905484%
8370,0,5.364396654719235%
8371,0,5.36375582367698%
8372,0,5.3631151457238415%
8373,0,5.362474620804968%
8374,0,5.361834248865536%
8375,0,5.361194029850747%
8376,0,5.360553963705826%
8377,0,5.359914050376029%
8378,0,5.359274289806637%
8379,0,5.358634681942952%
8380,0,5.35799522673031%
8381,0,5.357355924114068%
8382,0,5.356716774039608%
8383,0,5.356077776452344%
8384,0,5.3554389312977095%
8385,0,5.354800238521169%
8386,0,5.354161698068209%
8387,0,5.353523309884345%
8388,0,5.352885073915116%
8389,0,5.352246990106091%
8390,0,5.35160905840286%
8391,0,5.350971278751042%
8392,0,5.350333651096282%
8393,0,5.349696175384249%
8394,0,5.349058851560638%
8395,0,5.348421679571174%
8396,0,5.347784659361601%
8397,0,5.3471477908776945%
8398,0,5.346511074065254%
8399,0,5.345874508870104%
8400,0,5.345238095238095%
8401,0,5.344601833115106%
8402,0,5.343965722447037%
8403,0,5.343329763179817%
8404,0,5.3426939552594%
8405,0,5.342058298631767%
8406,0,5.341422793242922%
8407,0,5.340787439038896%
8408,0,5.340152235965747%
8409,0,5.339517183969556%
8410,0,5.338882282996433%
8411,0,5.33824753299251%
8412,0,5.337612933903946%
8413,0,5.336978485676928%
8414,0,5.336344188257666%
8415,0,5.335710041592394%
8416,0,5.3350760456273765%
8417,0,5.334442200308899%
8418,0,5.333808505583274%
8419,0,5.33317496139684%
8420,0,5.332541567695962%
8421,0,5.331908324427028%
8422,0,5.331275231536452%
8423,0,5.330642288970675%
8424,0,5.330009496676164%
8425,0,5.329376854599407%
8426,0,5.328744362686921%
8427,0,5.32811202088525%
8428,0,5.327479829140959%
8429,0,5.326847787400641%
8430,0,5.326215895610913%
8431,0,5.325584153718419%
8432,0,5.324952561669829%
8433,0,5.3243211194118345%
8434,0,5.323689826891155%
8435,0,5.323058684054534%
8436,0,5.322427690848743%
8437,0,5.321796847220575%
8438,0,5.321166153116852%
8439,0,5.320535608484418%
8440,0,5.319905213270142%
8441,0,5.319274967420921%
8442,0,5.318644870883677%
8443,0,5.318014923605354%
8444,0,5.317385125532923%
8445,0,5.31675547661338%
8446,0,5.3161259767937485%
8447,0,5.315496626021073%
8448,0,5.314867424242424%
8449,0,5.3142383714049%
8450,0,5.313609467455621%
8451,0,5.3129807123417345%
8452,0,5.312352106010412%
8453,0,5.311723648408849%
8454,0,5.311095339484267%
8455,0,5.310467179183915%
8456,0,5.309839167455062%
8457,0,5.309211304245004%
8458,0,5.308583589501064%
8459,0,5.307956023170587%
8460,0,5.307328605200945%
8461,0,5.306701335539534%
8462,0,5.3060742141337744%
8463,0,5.3054472409311115%
8464,0,5.304820415879017%
8465,0,5.304193738924985%
8466,0,5.303567210016537%
8467,0,5.302940829101217%
8468,0,5.302314596126594%
8469,0,5.301688511040265%
8470,0,5.301062573789847%
8471,0,5.300436784322985%
8472,0,5.299811142587347%
8473,0,5.299185648530626%
8474,0,5.298560302100543%
8475,0,5.297935103244837%
8476,0,5.297310051911279%
8477,0,5.296685148047659%
8478,0,5.296060391601793%
8479,0,5.2954357825215235%
8480,0,5.294811320754717%
8481,0,5.294187006249263%
8482,0,5.293562838953077%
8483,0,5.292938818814099%
8484,0,5.2923149457802925%
8485,0,5.291691219799646%
8486,0,5.291067640820175%
8487,0,5.290444208789914%
8488,0,5.289820923656928%
8489,0,5.289197785369301%
8490,0,5.288574793875147%
8491,0,5.287951949122601%
8492,0,5.2873292510598215%
8493,0,5.286706699634994%
8494,0,5.286084294796327%
8495,0,5.285462036492055%
8496,0,5.284839924670433%
8497,0,5.284217959279746%
8498,0,5.2835961402682985%
8499,0,5.282974467584422%
8500,0,5.2823529411764705%
8501,0,5.281731560992824%
8502,0,5.281110326981887%
8503,0,5.280489239092085%
8504,1,5.291627469426152%
8505,1,5.302763080540859%
8506,1,5.313896073359981%
8507,1,5.325026448806865%
8508,0,5.324400564174894%
8509,0,5.323774826654131%
8510,0,5.323149236192714%
8511,0,5.322523792738808%
8512,0,5.3218984962406015%
8513,0,5.321273346646305%
8514,0,5.320648343904158%
8515,0,5.320023487962419%
8516,0,5.319398778769376%
8517,0,5.318774216273336%
8518,0,5.318149800422634%
8519,0,5.3175255311656295%
8520,0,5.316901408450704%
8521,0,5.316277432226264%
8522,0,5.315653602440742%
8523,0,5.3150299190425905%
8524,0,5.314406381980291%
8525,0,5.313782991202346%
8526,0,5.313159746657284%
8527,0,5.312536648293655%
8528,0,5.311913696060038%
8529,0,5.31129088990503%
8530,0,5.3106682297772565%
8531,0,5.310045715625367%
8532,0,5.309423347398031%
8533,0,5.3088011250439475%
8534,0,5.308179048511835%
8535,0,5.30755711775044%
8536,0,5.3069353327085285%
8537,0,5.306313693334895%
8538,0,5.305692199578355%
8539,0,5.30507085138775%
8540,0,5.304449648711944%
8541,0,5.303828591499824%
8542,0,5.3032076797003045%
8543,0,5.30258691326232%
8544,0,5.301966292134831%
8545,0,5.3013458162668226%
8546,0,5.300725485607302%
8547,0,5.3001053001053%
8548,0,5.299485259709873%
8549,0,5.298865364370102%
8550,0,5.298245614035087%
8551,0,5.297626008653959%
8552,0,5.297006548175865%
8553,0,5.296387232549982%
8554,0,5.295768061725509%
8555,0,5.295149035651666%
8556,0,5.2945301542777%
8557,0,5.293911417552881%
8558,0,5.2932928254265015%
8559,0,5.292674377847879%
8560,0,5.292056074766355%
8561,0,5.291437916131294%
8562,0,5.290819901892081%
8563,0,5.290202031998131%
8564,0,5.289584306398879%
8565,0,5.2889667250437835%
8566,0,5.288349287882325%
8567,0,5.287731994864013%
8568,0,5.287114845938375%
8569,0,5.286497841054966%
8570,0,5.285880980163361%
8571,0,5.285264263213161%
8572,0,5.28464769015399%
8573,0,5.284031260935495%
8574,0,5.283414975507348%
8575,0,5.282798833819242%
8576,0,5.282182835820896%
8577,0,5.28156698146205%
8578,0,5.280951270692469%
8579,0,5.280335703461942%
8580,0,5.27972027972028%
8581,0,5.279104999417317%
8582,0,5.278489862502913%
8583,0,5.277874868926949%
8584,0,5.277260018639329%
8585,0,5.2766453115899825%
8586,0,5.2760307477288615%
8587,0,5.2754163270059395%
8588,0,5.274802049371216%
8589,0,5.2741879147747115%
8590,0,5.273573923166473%
8591,0,5.272960074496566%
8592,0,5.272346368715084%
8593,0,5.27173280577214%
8594,0,5.271119385617872%
8595,0,5.270506108202444%
8596,0,5.269892973476035%
8597,0,5.2692799813888564%
8598,0,5.268667131891138%
8599,0,5.268054424933132%
8600,0,5.267441860465116%
8601,1,5.278455993489129%
8602,1,5.2894675656824%
8603,1,5.300476577937928%
8604,1,5.311483031148303%
8605,1,5.322486926205695%
8606,1,5.3334882640018595%
8607,0,5.3328685953293835%
8608,0,5.3322490706319705%
8609,0,5.33162968985945%
8610,0,5.331010452961673%
8611,0,5.330391359888514%
8612,0,5.329772410589874%
8613,0,5.329153605015674%
8614,0,5.328534943115858%
8615,0,5.327916424840395%
8616,1,5.338904363974002%
8617,1,5.349889752814205%
8618,0,5.349268971919239%
8619,1,5.3602506091193876%
8620,1,5.37122969837587%
8621,0,5.370606658160306%
8622,0,5.369983762468105%
8623,0,5.369361011248985%
8624,0,5.3687384044526905%
8625,0,5.368115942028986%
8626,0,5.36749362392766%
8627,0,5.366871450098528%
8628,0,5.366249420491423%
8629,0,5.3656275350562055%
8630,0,5.365005793742758%
8631,0,5.364384196500985%
8632,0,5.363762743280816%
8633,0,5.363141434032202%
8634,0,5.362520268705119%
8635,0,5.361899247249566%
8636,0,5.3612783696155635%
8637,0,5.360657635753155%
8638,0,5.360037045612411%
8639,0,5.359416599143419%
8640,0,5.358796296296296%
8641,0,5.358176137021179%
8642,0,5.357556121268225%
8643,0,5.35693624898762%
8644,0,5.35631652012957%
8645,0,5.355696934644303%
8646,0,5.3550774924820725%
8647,0,5.354458193593153%
8648,1,5.365402405180388%
8649,0,5.364782055728986%
8650,0,5.364161849710983%
8651,0,5.363541787076639%
8652,0,5.362921867776237%
8653,0,5.362302091760083%
8654,0,5.361682458978507%
8655,0,5.36106296938186%
8656,0,5.360443622920517%
8657,0,5.359824419544877%
8658,0,5.359205359205359%
8659,0,5.358586441852408%
8660,0,5.35796766743649%
8661,0,5.357349035908094%
8662,0,5.356730547217733%
8663,1,5.3676555465773985%
8664,1,5.378578024007387%
8665,1,5.389497980380843%
8666,1,5.400415416570505%
8667,1,5.4113303334487135%
8668,0,5.410706045223812%
8669,1,5.421617256892375%
8670,1,5.432525951557094%
8671,1,5.443432130088802%
8672,0,5.442804428044281%
8673,0,5.442176870748299%
8674,0,5.441549458150796%
8675,0,5.440922190201729%
8676,0,5.440295066851084%
8677,0,5.439668088048865%
8678,0,5.439041253745103%
8679,0,5.438414563889849%
8680,0,5.43778801843318%
8681,0,5.437161617325193%
8682,0,5.43653536051601%
8683,0,5.435909247955776%
8684,0,5.435283279594657%
8685,0,5.434657455382844%
8686,0,5.43403177527055%
8687,0,5.433406239208012%
8688,0,5.432780847145488%
8689,0,5.43215559903326%
8690,0,5.431530494821634%
8691,0,5.430905534460936%
8692,0,5.4302807179015185%
8693,0,5.429656045093754%
8694,0,5.429031515988038%
8695,0,5.42840713053479%
8696,0,5.427782888684453%
8697,0,5.42715879038749%
8698,0,5.426534835594389%
8699,0,5.425911024255662%
8700,0,5.425287356321839%
8701,0,5.424663831743478%
8702,0,5.424040450471156%
8703,0,5.423417212455475%
8704,0,5.422794117647059%
8705,0,5.422171165996554%
8706,0,5.421548357454629%
8707,0,5.420925691971976%
8708,0,5.420303169499311%
8709,0,5.419680789987369%
8710,0,5.419058553386911%
8711,0,5.41843645964872%
8712,0,5.417814508723599%
8713,0,5.417192700562378%
8714,0,5.416571035115905%
8715,0,5.415949512335055%
8716,0,5.41532813217072%
8717,0,5.414706894573821%
8718,0,5.414085799495297%
8719,0,5.413464846886111%
8720,0,5.412844036697248%
8721,0,5.412223368879716%
8722,0,5.411602843384545%
8723,0,5.410982460162788%
8724,0,5.4103622191655205%
8725,0,5.409742120343839%
8726,0,5.409122163648865%
8727,0,5.408502349031741%
8728,0,5.40788267644363%
8729,0,5.40726314583572%
8730,0,5.406643757159221%
8731,0,5.406024510365365%
8732,0,5.405405405405405%
8733,0,5.40478644223062%
8734,0,5.404167620792306%
8735,0,5.403548941041786%
8736,0,5.402930402930403%
8737,0,5.402312006409523%
8738,0,5.401693751430534%
8739,0,5.401075637944845%
8740,0,5.40045766590389%
8741,0,5.399839835259124%
8742,0,5.399222145962022%
8743,0,5.398604597964086%
8744,0,5.397987191216835%
8745,0,5.397369925671812%
8746,0,5.396752801280585%
8747,0,5.396135817994741%
8748,0,5.3955189757658895%
8749,0,5.394902274545663%
8750,0,5.394285714285714%
8751,0,5.393669294937721%
8752,0,5.393053016453382%
8753,0,5.392436878784417%
8754,0,5.391820881882568%
8755,0,5.3912050256996%
8756,0,5.3905893101873%
8757,0,5.389973735297477%
8758,0,5.389358300981959%
8759,0,5.388743007192602%
8760,0,5.3881278538812785%
8761,0,5.387512840999886%
8762,0,5.386897968500342%
8763,0,5.386283236334589%
8764,0,5.3856686444545865%
8765,0,5.385054192812322%
8766,0,5.384439881359799%
8767,0,5.383825710049048%
8768,0,5.383211678832116%
8769,0,5.382597787661079%
8770,0,5.381984036488027%
8771,0,5.381370425265078%
8772,0,5.380756953944369%
8773,0,5.380143622478058%
8774,0,5.379530430818327%
8775,0,5.378917378917379%
8776,0,5.378304466727438%
8777,0,5.377691694200752%
8778,0,5.377079061289588%
8779,0,5.376466567946235%
8780,0,5.375854214123007%
8781,0,5.375241999772236%
8782,0,5.3746299248462766%
8783,0,5.374017989297506%
8784,0,5.373406193078324%
8785,0,5.37279453614115%
8786,0,5.372183018438425%
8787,0,5.371571639922613%
8788,0,5.370960400546199%
8789,0,5.37034930026169%
8790,0,5.369738339021615%
8791,0,5.369127516778524%
8792,0,5.368516833484986%
8793,0,5.367906289093597%
8794,0,5.36729588355697%
8795,0,5.366685616827743%
8796,0,5.366075488858573%
8797,0,5.365465499602137%
8798,0,5.3648556490111385%
8799,0,5.3642459370383%
8800,0,5.363636363636363%
8801,0,5.363026928758095%
8802,0,5.362417632356283%
8803,0,5.361808474383733%
8804,0,5.361199454793276%
8805,0,5.360590573537763%
8806,0,5.359981830570066%
8807,0,5.35937322584308%
8808,0,5.358764759309718%
8809,0,5.35815643092292%
8810,0,5.357548240635642%
8811,0,5.356940188400863%
8812,0,5.356332274171584%
8813,0,5.3557244979008285%
8814,0,5.3551168595416385%
8815,0,5.3545093590470785%
8816,0,5.353901996370237%
8817,0,5.353294771464217%
8818,0,5.3526876842821505%
8819,0,5.352080734777186%
8820,0,5.351473922902494%
8821,0,5.3508672486112685%
8822,0,5.350260711856722%
8823,0,5.349654312592088%
8824,0,5.349048050770626%
8825,0,5.348441926345608%
8826,0,5.347835939270338%
8827,0,5.34723008949813%
8828,0,5.346624376982329%
8829,0,5.346018801676293%
8830,0,5.345413363533409%
8831,0,5.344808062507077%
8832,0,5.344202898550725%
8833,0,5.3435978716177965%
8834,1,5.354312882046638%
8835,1,5.365025466893039%
8836,1,5.375735626980535%
8837,1,5.386443363132284%
8838,1,5.39714867617108%
8839,1,5.4078515669193346%
8840,1,5.418552036199095%
8841,1,5.429250084832033%
8842,0,5.4286360551911335%
8843,0,5.4280221644238384%
8844,0,5.4274084124830395%
8845,0,5.426794799321651%
8846,0,5.426181324892607%
8847,0,5.425567989148864%
8848,0,5.424954792043399%
8849,0,5.424341733529213%
8850,0,5.423728813559322%
8851,0,5.42311603208677%
8852,0,5.422503389064618%
8853,0,5.421890884445951%
8854,0,5.421278518183872%
8855,1,5.431959345002823%
8856,1,5.44263775971093%
8857,1,5.4533137631252115%
8858,1,5.463987356062317%
8859,1,5.474658539338526%
8860,1,5.485327313769751%
8861,0,5.48470827220404%
8862,0,5.484089370345294%
8863,0,5.4834706081462254%
8864,0,5.4828519855595665%
8865,0,5.4822335025380715%
8866,0,5.481615159034514%
8867,0,5.480996955001691%
8868,0,5.480378890392422%
8869,0,5.479760965159544%
8870,0,5.479143179255919%
8871,0,5.478525532634427%
8872,0,5.477908025247971%
8873,0,5.477290657049476%
8874,0,5.476673427991886%
8875,0,5.47605633802817%
8876,0,5.475439387111311%
8877,0,5.474822575194323%
8878,0,5.474205902230232%
8879,0,5.4735893681720915%
8880,0,5.472972972972974%
8881,0,5.472356716585971%
8882,0,5.471740598964197%
8883,1,5.482382078126759%
8884,0,5.481764970733904%
8885,0,5.481148002250985%
8886,0,5.480531172631105%
8887,0,5.479914481827388%
8888,0,5.479297929792979%
8889,0,5.478681516481044%
8890,0,5.478065241844769%
8891,0,5.477449105837364%
8892,0,5.476833108412056%
8893,0,5.4762172495220955%
8894,0,5.475601529120755%
8895,0,5.4749859471613265%
8896,0,5.474370503597123%
8897,0,5.473755198381477%
8898,0,5.473140031467746%
8899,0,5.472525002809305%
8900,0,5.47191011235955%
8901,0,5.471295360071902%
8902,0,5.470680745899798%
8903,0,5.470066269796698%
8904,0,5.469451931716083%
8905,0,5.468837731611454%
8906,0,5.468223669436336%
8907,0,5.4676097451442685%
8908,0,5.466995958688819%
8909,0,5.4663823100235716%
8910,0,5.465768799102133%
8911,0,5.465155425878128%
8912,0,5.464542190305206%
8913,0,5.463929092337036%
8914,0,5.463316131927305%
8915,0,5.462703309029726%
8916,0,5.462090623598026%
8917,0,5.461478075585959%
8918,0,5.460865664947297%
8919,0,5.460253391635834%
8920,0,5.459641255605381%
8921,0,5.4590292568097745%
8922,0,5.458417395202869%
8923,0,5.457805670738541%
8924,0,5.457194083370686%
8925,0,5.456582633053221%
8926,0,5.455971319740085%
8927,0,5.455360143385236%
8928,0,5.454749103942652%
8929,0,5.454138201366335%
8930,0,5.453527435610303%
8931,0,5.452916806628597%
8932,0,5.45230631437528%
8933,0,5.451695958804433%
8934,0,5.451085739870159%
8935,0,5.450475657526581%
8936,0,5.449865711727842%
8937,0,5.449255902428108%
8938,0,5.448646229581562%
8939,1,5.459223626803893%
8940,1,5.469798657718121%
8941,1,5.480371323118219%
8942,0,5.479758443301275%
8943,1,5.490327630549033%
8944,1,5.500894454382826%
8945,1,5.511458915595305%
8946,0,5.510842834786497%
8947,0,5.51022689169554%
8948,0,5.509611086276263%
8949,0,5.508995418482511%
8950,0,5.5083798882681565%
8951,0,5.507764495587085%
8952,0,5.5071492403932085%
8953,0,5.506534122640456%
8954,0,5.505919142282779%
8955,0,5.505304299274148%
8956,0,5.504689593568558%
8957,0,5.5040750251200175%
8958,0,5.503460593882563%
8959,0,5.502846299810247%
8960,0,5.502232142857142%
8961,0,5.501618122977346%
8962,0,5.501004240124972%
8963,0,5.500390494254156%
8964,0,5.499776885319054%
8965,0,5.499163413273843%
8966,0,5.498550078072719%
8967,0,5.497936879669901%
8968,0,5.497323818019625%
8969,0,5.496710893076151%
8970,0,5.496098104793757%
8971,0,5.495485453126742%
8972,0,5.494872938029425%
8973,0,5.494260559456146%
8974,0,5.4936483173612665%
8975,0,5.493036211699164%
8976,0,5.492424242424242%
8977,0,5.4918124094909215%
8978,0,5.491200712853642%
8979,0,5.490589152466867%
8980,0,5.489977728285078%
8981,0,5.489366440262778%
8982,0,5.488755288354487%
8983,0,5.4881442725147505%
8984,0,5.48753339269813%
8985,0,5.48692264885921%
8986,0,5.486312040952593%
8987,0,5.485701568932903%
8988,0,5.485091232754784%
8989,0,5.4844810323729005%
8990,0,5.483870967741936%
8991,0,5.483261038816594%
8992,0,5.482651245551602%
8993,0,5.482041587901701%
8994,0,5.481432065821659%
8995,0,5.480822679266259%
8996,0,5.480213428190306%
8997,0,5.479604312548627%
8998,0,5.478995332296066%
8999,0,5.478386487387487%
9000,0,5.477777777777778%
9001,0,5.477169203421842%
9002,0,5.4765607642746055%
9003,0,5.475952460291015%
9004,0,5.475344291426032%
9005,0,5.474736257634647%
9006,0,5.474128358871863%
9007,1,5.484623070944821%
9008,1,5.495115452930728%
9009,0,5.4945054945054945%
9010,1,5.5049944506104325%
9011,0,5.504383531239596%
9012,1,5.514869063470928%
9013,1,5.525352268944857%
9014,1,5.535833148435767%
9015,0,5.535219079312257%
9016,0,5.534605146406388%
9017,0,5.53399134967284%
9018,0,5.533377689066312%
9019,0,5.532764164541523%
9020,0,5.532150776053215%
9021,1,5.5426227690943355%
9022,1,5.55309244070051%
9023,1,5.563559791643578%
9024,1,5.574024822695035%
9025,1,5.584487534626039%
9026,0,5.58386882339907%
9027,0,5.583250249252243%
9028,0,5.582631812140009%
9029,0,5.582013512016835%
9030,0,5.5813953488372094%
9031,0,5.580777322555642%
9032,0,5.580159433126661%
9033,0,5.579541680504815%
9034,0,5.578924064644675%
9035,0,5.57830658550083%
9036,0,5.577689243027888%
9037,0,5.57707203718048%
9038,0,5.576454967913255%
9039,0,5.575838035180883%
9040,0,5.575221238938053%
9041,0,5.574604579139476%
9042,0,5.57398805573988%
9043,0,5.573371668694017%
9044,0,5.572755417956656%
9045,0,5.5721393034825875%
9046,0,5.57152332522662%
9047,0,5.570907483143584%
9048,0,5.570291777188329%
9049,0,5.569676207315726%
9050,0,5.569060773480663%
9051,0,5.56844547563805%
9052,0,5.567830313742819%
9053,0,5.567215287749917%
9054,0,5.566600397614314%
9055,0,5.5659856432909995%
9056,0,5.565371024734982%
9057,0,5.564756541901292%
9058,0,5.564142194744977%
9059,0,5.563527983221106%
9060,0,5.562913907284768%
9061,0,5.5622999668910715%
9062,0,5.561686161995145%
9063,0,5.561072492552134%
9064,0,5.560458958517211%
9065,0,5.559845559845559%
9066,0,5.5592322964923895%
9067,0,5.5586191684129265%
9068,0,5.558006175562418%
9069,0,5.557393317896129%
9070,0,5.55678059536935%
9071,0,5.556168007937383%
9072,0,5.555555555555555%
9073,0,5.554943238179213%
9074,0,5.55433105576372%
9075,0,5.553719008264463%
9076,0,5.553107095636845%
9077,0,5.552495317836289%
9078,0,5.551883674818242%
9079,0,5.551272166538165%
9080,0,5.5506607929515415%
9081,0,5.550049554013875%
9082,0,5.549438449680688%
9083,0,5.548827479907519%
9084,0,5.5482166446499335%
9085,0,5.547605943863512%
9086,0,5.546995377503852%
9087,0,5.546384945526577%
9088,0,5.545774647887324%
9089,0,5.545164484541754%
9090,0,5.544554455445545%
9091,0,5.543944560554395%
9092,0,5.543334799824021%
9093,0,5.542725173210162%
9094,0,5.542115680668572%
9095,0,5.54150632215503%
9096,0,5.540897097625329%
9097,0,5.5402880070352865%
9098,0,5.539679050340735%
9099,0,5.539070227497527%
9100,0,5.538461538461538%
9101,0,5.53785298318866%
9102,0,5.537244561634806%
9103,1,5.54762166318796%
9104,1,5.557996485061512%
9105,1,5.56836902800659%
9106,1,5.578739292773995%
9107,0,5.5781267157131875%
9108,0,5.5775142731664475%
9109,0,5.576901965089472%
9110,0,5.57628979143798%
9111,0,5.575677752167709%
9112,0,5.5750658472344155%
9113,0,5.574454076593876%
9114,0,5.573842440201887%
9115,0,5.573230938014262%
9116,0,5.572619569986836%
9117,0,5.572008336075463%
9118,0,5.571397236236017%
9119,0,5.570786270424389%
9120,0,5.5701754385964914%
9121,0,5.569564740708255%
9122,0,5.568954176715633%
9123,0,5.568343746574592%
9124,0,5.567733450241122%
9125,0,5.567123287671233%
9126,0,5.566513258820951%
9127,0,5.565903363646324%
9128,0,5.565293602103418%
9129,0,5.564683974148318%
9130,0,5.564074479737131%
9131,0,5.563465118825977%
9132,0,5.562855891371004%
9133,0,5.56224679732837%
9134,0,5.561637836654259%
9135,0,5.561029009304871%
9136,0,5.560420315236427%
9137,0,5.559811754405166%
9138,0,5.559203326767345%
9139,0,5.558595032279243%
9140,0,5.557986870897155%
9141,0,5.557378842577398%
9142,0,5.556770947276307%
9143,0,5.556163184950235%
9144,0,5.555555555555555%
9145,0,5.554948059048661%
9146,0,5.554340695385961%
9147,0,5.553733464523888%
9148,0,5.55312636641889%
9149,0,5.552519401027435%
9150,0,5.551912568306011%
9151,0,5.5513058682111245%
9152,0,5.550699300699301%
9153,0,5.550092865727084%
9154,1,5.5604107493991695%
9155,1,5.570726379027854%
9156,0,5.5701179554390565%
9157,0,5.569509664737359%
9158,0,5.568901506879231%
9159,0,5.56829348182116%
9160,0,5.567685589519651%
9161,0,5.56707782993123%
9162,0,5.566470203012443%
9163,0,5.565862708719852%
9164,0,5.565255347010039%
9165,0,5.564648117839607%
9166,0,5.564041021165176%
9167,0,5.563434056943384%
9168,0,5.56282722513089%
9169,0,5.5622205256843715%
9170,0,5.561613958560523%
9171,0,5.561007523716062%
9172,0,5.560401221107719%
9173,0,5.559795050692249%
9174,0,5.5591890124264225%
9175,0,5.55858310626703%
9176,0,5.55797733217088%
9177,0,5.557371690094802%
9178,0,5.556766179995642%
9179,0,5.556160801830265%
9180,0,5.555555555555555%
9181,0,5.554950441128417%
9182,0,5.5543454585057725%
9183,0,5.553740607644561%
9184,0,5.553135888501743%
9185,0,5.5525313010342945%
9186,0,5.551926845199216%
9187,0,5.551322520953521%
9188,0,5.550718328254245%
9189,0,5.55011426705844%
9190,0,5.549510337323178%
9191,0,5.548906539005549%
9192,0,5.5483028720626635%
9193,0,5.5476993364516485%
9194,0,5.54709593212965%
9195,0,5.5464926590538335%
9196,0,5.545889517181384%
9197,0,5.545286506469501%
9198,0,5.544683626875408%
9199,0,5.544080878356343%
9200,0,5.543478260869565%
9201,0,5.542875774372351%
9202,0,5.5422734188219955%
9203,0,5.541671194175812%
9204,0,5.541069100391134%
9205,0,5.5404671374253125%
9206,0,5.539865305235716%
9207,0,5.539263603779733%
9208,0,5.53866203301477%
9209,0,5.538060592898251%
9210,0,5.537459283387622%
9211,0,5.536858104440343%
9212,0,5.536257056013895%
9213,0,5.535656138065777%
9214,0,5.535055350553505%
9215,0,5.5344546934346175%
9216,0,5.533854166666666%
9217,0,5.533253770207225%
9218,0,5.5326535040138864%
9219,0,5.532053368044256%
9220,0,5.531453362255966%
9221,0,5.5308534866066585%
9222,0,5.530253741054001%
9223,0,5.529654125555676%
9224,0,5.5290546400693845%
9225,0,5.528455284552845%
9226,0,5.527856058963798%
9227,0,5.527256963259998%
9228,0,5.526657997399219%
9229,0,5.526059161339257%
9230,0,5.52546045503792%
9231,0,5.524861878453039%
9232,0,5.524263431542461%
9233,0,5.523665114264053%
9234,0,5.523066926575698%
9235,0,5.5224688684353005%
9236,0,5.52187093980078%
9237,0,5.521273140630075%
9238,0,5.520675470881143%
9239,0,5.5200779305119605%
9240,0,5.51948051948052%
9241,0,5.518883237744833%
9242,0,5.51828608526293%
9243,0,5.51768906199286%
9244,0,5.517092167892687%
9245,0,5.516495402920498%
9246,0,5.515898767034393%
9247,0,5.515302260192495%
9248,0,5.514705882352941%
9249,0,5.514109633473889%
9250,0,5.513513513513513%
9251,0,5.5129175224300075%
9252,0,5.512321660181582%
9253,0,5.511725926726467%
9254,0,5.511130322022909%
9255,0,5.510534846029174%
9256,0,5.5099394987035435%
9257,0,5.5093442800043215%
9258,0,5.508749189889825%
9259,0,5.508154228318393%
9260,0,5.50755939524838%
9261,0,5.50696469063816%
9262,0,5.506370114446124%
9263,0,5.505775666630681%
9264,0,5.505181347150259%
9265,0,5.5045871559633035%
9266,0,5.503993093028275%
9267,0,5.503399158303658%
9268,0,5.502805351747949%
9269,0,5.5022116733196675%
9270,0,5.501618122977346%
9271,0,5.5010247006795385%
9272,0,5.5004314063848145%
9273,0,5.499838240051763%
9274,0,5.499245201638991%
9275,0,5.498652291105121%
9276,0,5.498059508408796%
9277,0,5.497466853508677%
9278,0,5.49687432636344%
9279,0,5.496281926931782%
9280,0,5.495689655172414%
9281,0,5.495097511044069%
9282,0,5.4945054945054945%
9283,0,5.493913605515458%
9284,0,5.493321844032745%
9285,0,5.492730210016155%
9286,0,5.49213870342451%
9287,0,5.491547324216647%
9288,0,5.490956072351421%
9289,0,5.490364947787706%
9290,0,5.489773950484392%
9291,0,5.489183080400387%
9292,0,5.488592337494619%
9293,0,5.488001721726031%
9294,0,5.487411233053583%
9295,0,5.486820871436256%
9296,0,5.486230636833047%
9297,0,5.485640529202969%
9298,0,5.485050548505055%
9299,0,5.484460694698354%
9300,0,5.483870967741936%
9301,0,5.483281367594882%
9302,0,5.482691894216297%
9303,0,5.482102547565301%
9304,0,5.481513327601032%
9305,0,5.480924234282644%
9306,0,5.48033526756931%
9307,0,5.479746427420221%
9308,0,5.479157713794585%
9309,0,5.478569126651627%
9310,0,5.477980665950591%
9311,0,5.477392331650735%
9312,0,5.47680412371134%
9313,0,5.4762160420917%
9314,0,5.4756280867511276%
9315,0,5.475040257648954%
9316,0,5.474452554744526%
9317,0,5.473864977997209%
9318,0,5.473277527366387%
9319,0,5.47269020281146%
9320,0,5.472103004291846%
9321,0,5.4715159317669775%
9322,0,5.47092898519631%
9323,0,5.4703421645393115%
9324,0,5.469755469755469%
9325,0,5.46916890080429%
9326,0,5.468582457645293%
9327,0,5.467996140238018%
9328,0,5.4674099485420244%
9329,0,5.466823882516883%
9330,0,5.466237942122187%
9331,0,5.465652127317544%
9332,0,5.46506643806258%
9333,0,5.46448087431694%
9334,0,5.463895436040283%
9335,0,5.463310123192287%
9336,0,5.4627249357326475%
9337,0,5.462139873621077%
9338,0,5.461554936817305%
9339,0,5.460970125281079%
9340,0,5.460385438972163%
9341,0,5.459800877850337%
9342,0,5.459216441875402%
9343,0,5.458632131007171%
9344,0,5.45804794520548%
9345,0,5.457463884430177%
9346,0,5.45687994864113%
9347,0,5.456296137798224%
9348,0,5.455712451861361%
9349,0,5.4551288907904585%
9350,0,5.454545454545454%
9351,0,5.453962143086301%
9352,0,5.453378956372968%
9353,0,5.452795894365444%
9354,0,5.452212957023733%
9355,0,5.451630144307857%
9356,0,5.451047456177854%
9357,0,5.45046489259378%
9358,0,5.449882453515709%
9359,0,5.4493001389037286%
9360,0,5.448717948717949%
9361,0,5.448135882918492%
9362,0,5.4475539414654985%
9363,0,5.446972124319129%
9364,0,5.446390431439556%
9365,0,5.445808862786973%
9366,0,5.445227418321589%
9367,0,5.44464609800363%
9368,0,5.44406490179334%
9369,0,5.443483829650977%
9370,0,5.44290288153682%
9371,0,5.442322057411162%
9372,0,5.441741357234315%
9373,0,5.441160780966606%
9374,0,5.44058032856838%
9375,0,5.4399999999999995%
9376,0,5.439419795221843%
9377,0,5.438839714194305%
9378,0,5.438259756877799%
9379,0,5.437679923232754%
9380,0,5.437100213219616%
9381,0,5.436520626798848%
9382,0,5.435941163930932%
9383,0,5.435361824576361%
9384,0,5.434782608695652%
9385,0,5.434203516249334%
9386,0,5.4336245471979545%
9387,0,5.433045701502078%
9388,0,5.4324669791222835%
9389,0,5.4318883800191715%
9390,0,5.431309904153355%
9391,0,5.430731551485465%
9392,0,5.4301533219761495%
9393,0,5.429575215586075%
9394,0,5.428997232275921%
9395,0,5.4284193720063865%
9396,0,5.427841634738186%
9397,0,5.427264020432053%
9398,0,5.426686529048734%
9399,0,5.426109160548995%
9400,0,5.425531914893617%
9401,0,5.424954792043399%
9402,0,5.424377791959158%
9403,0,5.423800914601723%
9404,0,5.423224159931944%
9405,0,5.422647527910686%
9406,0,5.422071018498831%
9407,0,5.421494631657277%
9408,0,5.420918367346939%
9409,0,5.420342225528749%
9410,0,5.419766206163656%
9411,0,5.419190309212624%
9412,0,5.418614534636634%
9413,0,5.418038882396686%
9414,0,5.417463352453792%
9415,0,5.416887944768986%
9416,0,5.416312659303314%
9417,0,5.41573749601784%
9418,0,5.415162454873646%
9419,0,5.41458753583183%
9420,0,5.414012738853503%
9421,0,5.4134380638997985%
9422,0,5.412863510931862%
9423,0,5.412289079910856%
9424,0,5.411714770797962%
9425,0,5.411140583554377%
9426,0,5.410566518141311%
9427,0,5.409992574519996%
9428,0,5.409418752651676%
9429,0,5.408845052497614%
9430,0,5.408271474019088%
9431,0,5.407698017177394%
9432,0,5.407124681933842%
9433,0,5.406551468249762%
9434,0,5.4059783760864955%
9435,0,5.405405405405405%
9436,0,5.404832556167868%
9437,0,5.4042598283352765%
9438,0,5.40368722186904%
9439,0,5.403114736730586%
9440,0,5.402542372881356%
9441,0,5.401970130282809%
9442,0,5.40139800889642%
9443,0,5.400826008683681%
9444,0,5.400254129606099%
9445,0,5.3996823716251985%
9446,0,5.39911073470252%
9447,0,5.398539218799619%
9448,0,5.397967823878069%
9449,0,5.39739654989946%
9450,0,5.396825396825397%
9451,0,5.396254364617501%
9452,0,5.39568345323741%
9453,0,5.395112662646779%
9454,0,5.3945419928072775%
9455,0,5.393971443680592%
9456,0,5.393401015228426%
9457,0,5.392830707412498%
9458,0,5.392260520194545%
9459,0,5.391690453536315%
9460,0,5.391120507399577%
9461,0,5.390550681746116%
9462,0,5.389980976537729%
9463,0,5.389411391736236%
9464,0,5.388841927303465%
9465,0,5.388272583201268%
9466,0,5.387703359391507%
9467,0,5.387134255836062%
9468,0,5.386565272496831%
9469,0,5.385996409335727%
9470,0,5.385427666314678%
9471,1,5.395417590539542%
9472,0,5.394847972972973%
9473,0,5.394278475667687%
9474,0,5.393709098585603%
9475,0,5.3931398416886545%
9476,0,5.392570704938793%
9477,0,5.392001688297984%
9478,0,5.391432791728213%
9479,0,5.390864015191476%
9480,0,5.390295358649789%
9481,0,5.389726822065183%
9482,0,5.389158405399705%
9483,0,5.388590108615418%
9484,0,5.388021931674399%
9485,0,5.387453874538745%
9486,0,5.386885937170567%
9487,0,5.386318119531991%
9488,0,5.38575042158516%
9489,0,5.385182843292234%
9490,0,5.384615384615385%
9491,0,5.384048045516805%
9492,0,5.383480825958702%
9493,0,5.382913725903298%
9494,0,5.382346745312829%
9495,0,5.3817798841495526%
9496,0,5.381213142375737%
9497,0,5.38064651995367%
9498,0,5.3800800168456515%
9499,0,5.379513633014001%
9500,0,5.378947368421053%
9501,0,5.378381223029155%
9502,0,5.3778151968006735%
9503,0,5.37724928969799%
9504,0,5.376683501683502%
9505,0,5.376117832719621%
9506,0,5.375552282768778%
9507,0,5.374986851793415%
9508,0,5.3744215397559945%
9509,0,5.373856346618992%
9510,0,5.3732912723449004%
9511,0,5.372726316896225%
9512,0,5.372161480235492%
9513,0,5.371596762325239%
9514,0,5.371032163128022%
9515,0,5.370467682606411%
9516,0,5.369903320722993%
9517,0,5.36933907744037%
9518,0,5.36877495272116%
9519,0,5.368210946527997%
9520,0,5.367647058823529%
9521,0,5.367083289570424%
9522,0,5.366519638731359%
9523,0,5.365956106269032%
9524,0,5.365392692146157%
9525,0,5.364829396325459%
9526,0,5.364266218769683%
9527,0,5.363703159441587%
9528,0,5.363140218303946%
9529,0,5.362577395319551%
9530,0,5.362014690451207%
9531,0,5.361452103661735%
9532,0,5.360889634913974%
9533,0,5.360327284170776%
9534,0,5.359765051395008%
9535,0,5.359202936549554%
9536,0,5.358640939597315%
9537,0,5.358079060501206%
9538,0,5.357517299224155%
9539,0,5.356955655729112%
9540,0,5.356394129979035%
9541,0,5.355832721936904%
9542,0,5.3552714315657095%
9543,0,5.354710258828461%
9544,0,5.3541492036881815%
9545,0,5.35358826610791%
9546,0,5.353027446050702%
9547,0,5.352466743479627%
9548,0,5.351906158357771%
9549,0,5.351345690648236%
9550,0,5.350785340314136%
9551,0,5.350225107318606%
9552,0,5.34966499162479%
9553,0,5.349104993195854%
9554,0,5.3485451119949765%
9555,0,5.347985347985348%
9556,0,5.34742570113018%
9557,0,5.346866171392697%
9558,0,5.346306758736137%
9559,0,5.345747463123757%
9560,0,5.345188284518828%
9561,0,5.3446292228846355%
9562,0,5.34407027818448%
9563,0,5.343511450381679%
9564,0,5.342952739439565%
9565,0,5.342394145321484%
9566,0,5.3418356679908%
9567,1,5.351729904881363%
9568,1,5.361622073578595%
9569,0,5.361061761939596%
9570,0,5.360501567398119%
9571,0,5.359941489917459%
9572,1,5.369828666945256%
9573,0,5.369267732163376%
9574,0,5.368706914560267%
9575,0,5.368146214099217%
9576,0,5.367585630743525%
9577,0,5.367025164456511%
9578,0,5.366464815201503%
9579,0,5.365904582941853%
9580,0,5.365344467640918%
9581,0,5.364784469262082%
9582,0,5.364224587768733%
9583,0,5.3636648231242825%
9584,0,5.363105175292153%
9585,0,5.3625456442357855%
9586,0,5.361986229918632%
9587,0,5.361426932304162%
9588,0,5.360867751355861%
9589,0,5.3603086870372305%
9590,0,5.359749739311783%
9591,0,5.35919090814305%
9592,0,5.358632193494579%
9593,0,5.3580735953299286%
9594,0,5.357515113612674%
9595,0,5.356956748306409%
9596,0,5.356398499374739%
9597,0,5.355840366781286%
9598,0,5.355282350489685%
9599,0,5.35472445046359%
9600,0,5.354166666666667%
9601,0,5.3536089990625975%
9602,0,5.35305144761508%
9603,0,5.352494012287827%
9604,0,5.351936693044565%
9605,0,5.3513794898490366%
9606,0,5.350822402665001%
9607,0,5.350265431456229%
9608,0,5.3497085761865115%
9609,0,5.349151836819648%
9610,0,5.348595213319459%
9611,0,5.348038705649776%
9612,0,5.3474823137744485%
9613,0,5.346926037657338%
9614,0,5.346369877262326%
9615,0,5.345813832553302%
9616,0,5.3452579034941765%
9617,0,5.344702090048871%
9618,0,5.344146392181327%
9619,0,5.3435908098554945%
9620,1,5.353430353430354%
9621,1,5.3632678515746806%
9622,1,5.373103304926211%
9623,0,5.372544944404032%
9624,0,5.371986699916874%
9625,0,5.371428571428572%
9626,0,5.370870558902971%
9627,0,5.370312662303936%
9628,0,5.369754881595347%
9629,0,5.369197216741094%
9630,0,5.3686396677050885%
9631,0,5.3680822344512515%
9632,0,5.3675249169435215%
9633,0,5.366967715145853%
9634,0,5.366410629022213%
9635,0,5.365853658536586%
9636,0,5.365296803652968%
9637,0,5.364740064335375%
9638,0,5.364183440547832%
9639,0,5.363626932254383%
9640,0,5.363070539419087%
9641,0,5.362514262006016%
9642,0,5.361958099979257%
9643,0,5.361402053302914%
9644,0,5.360846121941103%
9645,0,5.360290305857958%
9646,0,5.359734605017624%
9647,0,5.359179019384264%
9648,0,5.358623548922056%
9649,0,5.358068193595191%
9650,0,5.357512953367875%
9651,0,5.356957828204331%
9652,0,5.356402818068794%
9653,0,5.355847922925515%
9654,0,5.355293142738761%
9655,0,5.354738477472812%
9656,0,5.354183927091963%
9657,0,5.353629491560526%
9658,0,5.353075170842825%
9659,1,5.362874003520033%
9660,0,5.36231884057971%
9661,1,5.372114687920505%
9662,1,5.381908507555372%
9663,0,5.3813515471385704%
9664,0,5.380794701986755%
9665,0,5.380237972064148%
9666,0,5.379681357334989%
9667,0,5.379124857763525%
9668,0,5.378568473314026%
9669,0,5.37801220395077%
9670,0,5.377456049638056%
9671,0,5.376900010340193%
9672,0,5.376344086021505%
9673,0,5.375788276646335%
9674,0,5.375232582179037%
9675,0,5.374677002583979%
9676,0,5.374121537825547%
9677,1,5.383899968998657%
9678,0,5.383343666046704%
9679,1,5.393119123876434%
9680,1,5.402892561983471%
9681,0,5.402334469579588%
9682,1,5.412104936996489%
9683,0,5.41154600846845%
9684,0,5.410987195373813%
9685,0,5.410428497676819%
9686,0,5.409869915341731%
9687,0,5.409311448332818%
9688,0,5.408753096614368%
9689,0,5.408194860150687%
9690,0,5.407636738906088%
9691,0,5.407078732844908%
9692,0,5.40652084193149%
9693,0,5.405963066130197%
9694,0,5.405405405405405%
9695,0,5.404847859721506%
9696,0,5.404290429042905%
9697,0,5.403733113334021%
9698,0,5.40317591255929%
9699,0,5.402618826683163%
9700,0,5.402061855670103%
9701,1,5.411813215132461%
9702,1,5.421562564419707%
9703,1,5.431309904153355%
9704,0,5.430750206100577%
9705,0,5.430190623390005%
9706,1,5.4399340614053155%
9707,0,5.439373647882971%
9708,0,5.438813349814586%
9709,1,5.448552889071995%
9710,1,5.458290422245108%
9711,1,5.4680259499536605%
9712,1,5.477759472817134%
9713,1,5.487490991454751%
9714,1,5.497220506485485%
9715,0,5.496654657745754%
9716,0,5.496088925483738%
9717,0,5.495523309663477%
9718,0,5.494957810249022%
9719,0,5.494392427204445%
9720,0,5.493827160493827%
9721,0,5.493262010081267%
9722,0,5.492696975930878%
9723,0,5.492132058006788%
9724,0,5.491567256273139%
9725,0,5.4910025706940875%
9726,0,5.490438001233806%
9727,0,5.489873547856481%
9728,0,5.489309210526316%
9729,0,5.4887449892075235%
9730,0,5.488180883864337%
9731,0,5.487616894461001%
9732,0,5.487053020961776%
9733,0,5.486489263330936%
9734,0,5.485925621532772%
9735,0,5.485362095531587%
9736,1,5.495069843878389%
9737,1,5.504775598233542%
9738,1,5.514479359211337%
9739,0,5.513913132765171%
9740,1,5.523613963039015%
9741,0,5.523046915101118%
9742,0,5.522479983576268%
9743,0,5.521913168428616%
9744,0,5.5213464696223316%
9745,0,5.520779887121601%
9746,0,5.520213420890622%
9747,0,5.519647070893608%
9748,0,5.519080837094789%
9749,0,5.518514719458406%
9750,0,5.517948717948718%
9751,0,5.5173828325299965%
9752,0,5.51681706316653%
9753,0,5.516251409822619%
9754,0,5.515685872462579%
9755,0,5.515120451050743%
9756,0,5.514555145551456%
9757,0,5.513989955929077%
9758,0,5.513424882147981%
9759,0,5.512859924172559%
9760,0,5.512295081967213%
9761,0,5.511730355496363%
9762,0,5.511165744724441%
9763,0,5.510601249615897%
9764,0,5.51003687013519%
9765,0,5.5094726062468%
9766,0,5.508908457915216%
9767,0,5.508344425104945%
9768,0,5.507780507780508%
9769,0,5.507216705906439%
9770,0,5.506653019447287%
9771,0,5.506089448367618%
9772,1,5.515759312320917%
9773,1,5.525427197380538%
9774,1,5.535093104153878%
9775,0,5.534526854219949%
9776,1,5.544189852700491%
9777,0,5.543622788176332%
9778,0,5.543055839640008%
9779,0,5.542489007055936%
9780,0,5.5419222903885474%
9781,0,5.54135568960229%
9782,0,5.540789204661623%
9783,0,5.540222835531023%
9784,0,5.539656582174979%
9785,0,5.5390904445579965%
9786,0,5.538524422644595%
9787,0,5.537958516399305%
9788,0,5.5373927257866775%
9789,0,5.536827050771274%
9790,0,5.5362614913176715%
9791,0,5.535696047390461%
9792,0,5.535130718954248%
9793,0,5.534565505973655%
9794,0,5.5340004084133145%
9795,0,5.533435426237877%
9796,0,5.532870559412005%
9797,0,5.532305807900378%
9798,0,5.531741171667687%
9799,0,5.531176650678641%
9800,0,5.530612244897959%
9801,0,5.530047954290378%
9802,0,5.529483778820649%
9803,1,5.5391206773436705%
9804,0,5.538555691554468%
9805,0,5.537990821009689%
9806,0,5.537426065674078%
9807,0,5.536861425512389%
9808,0,5.536296900489397%
9809,0,5.535732490569885%
9810,0,5.535168195718654%
9811,0,5.53460401590052%
9812,0,5.5340399510803095%
9813,0,5.533476001222867%
9814,0,5.53291216629305%
9815,0,5.532348446255731%
9816,0,5.531784841075795%
9817,0,5.531221350718142%
9818,0,5.5306579751476885%
9819,0,5.530094714329362%
9820,0,5.529531568228106%
9821,0,5.528968536808879%
9822,0,5.5284056200366525%
9823,0,5.5278428178764125%
9824,0,5.52728013029316%
9825,0,5.526717557251908%
9826,0,5.5261550987176875%
9827,0,5.525592754655541%
9828,0,5.525030525030525%
9829,0,5.524468409807712%
9830,0,5.523906408952187%
9831,0,5.523344522429051%
9832,0,5.522782750203417%
9833,0,5.5222210922404145%
9834,0,5.521659548505186%
9835,0,5.521098118962888%
9836,0,5.520536803578691%
9837,0,5.519975602317779%
9838,0,5.519414515145354%
9839,0,5.518853542026628%
9840,0,5.5182926829268295%
9841,0,5.517731937811198%
9842,0,5.517171306644991%
9843,0,5.516610789393478%
9844,0,5.516050386021942%
9845,0,5.515490096495683%
9846,0,5.514929920780013%
9847,0,5.514369858840256%
9848,0,5.513809910641754%
9849,0,5.513250076149863%
9850,0,5.5126903553299496%
9851,0,5.512130748147396%
9852,0,5.5115712545676%
9853,0,5.511011874555972%
9854,0,5.510452608077938%
9855,0,5.5098934550989345%
9856,0,5.509334415584415%
9857,0,5.508775489499848%
9858,0,5.508216676810712%
9859,1,5.51780099401562%
9860,0,5.517241379310345%
9861,1,5.526822837440422%
9862,0,5.5262624214155345%
9863,1,5.535841022001419%
9864,1,5.545417680454177%
9865,0,5.544855549923974%
9866,1,5.554429353334685%
9867,1,5.5640012161751295%
9868,1,5.573571139035265%
9869,0,5.5730063836254935%
9870,0,5.572441742654509%
9871,0,5.571877216087529%
9872,0,5.571312803889789%
9873,0,5.570748506026537%
9874,0,5.570184322463034%
9875,0,5.5696202531645564%
9876,0,5.569056298096395%
9877,0,5.568492457223853%
9878,0,5.56792873051225%
9879,0,5.567365117926916%
9880,0,5.566801619433198%
9881,0,5.566238234996458%
9882,0,5.565674964582069%
9883,1,5.575230193261156%
9884,1,5.584783488466208%
9885,1,5.5943348507840165%
9886,1,5.603884280801133%
9887,1,5.613431779103874%
9888,1,5.622977346278317%
9889,1,5.632520982910305%
9890,1,5.6420626895854395%
9891,1,5.651602466889091%
9892,1,5.6611403154063895%
9893,0,5.660568078439301%
9894,0,5.659995957145745%
9895,0,5.659423951490652%
9896,0,5.6588520614389655%
9897,0,5.658280286955643%
9898,0,5.657708628005658%
9899,0,5.657137084553995%
9900,0,5.656565656565657%
9901,0,5.655994344005657%
9902,0,5.655423146839023%
9903,0,5.6548520650307985%
9904,0,5.654281098546042%
9905,0,5.6537102473498235%
9906,0,5.653139511407228%
9907,0,5.652568890683355%
9908,0,5.651998385143318%
9909,0,5.651427994752246%
9910,0,5.650857719475278%
9911,0,5.6502875592775705%
9912,0,5.649717514124294%
9913,0,5.649147583980631%
9914,0,5.648577768811782%
9915,0,5.648008068582955%
9916,0,5.6474384832593785%
9917,0,5.646869012806293%
9918,0,5.646299657188949%
9919,0,5.6457304163726185%
9920,0,5.64516129032258%
9921,0,5.644592279004133%
9922,0,5.644023382382584%
9923,0,5.643454600423259%
9924,0,5.642885933091495%
9925,0,5.642317380352645%
9926,0,5.6417489421720735%
9927,0,5.64118061851516%
9928,0,5.640612409347301%
9929,0,5.640044314633901%
9930,0,5.639476334340383%
9931,0,5.638908468432182%
9932,0,5.638340716874748%
9933,0,5.637773079633545%
9934,0,5.637205556674049%
9935,0,5.636638147961751%
9936,0,5.636070853462158%
9937,0,5.635503673140787%
9938,0,5.634936606963172%
9939,0,5.634369654894859%
9940,0,5.633802816901409%
9941,0,5.633236092948395%
9942,0,5.632669483001409%
9943,0,5.632102987026048%
9944,0,5.631536604987932%
9945,0,5.63097033685269%
9946,0,5.6304041825859645%
9947,0,5.629838142153413%
9948,0,5.629272215520708%
9949,0,5.628706402653533%
9950,0,5.628140703517588%
9951,0,5.627575118078585%
9952,0,5.627009646302251%
9953,0,5.6264442881543255%
9954,0,5.625879043600563%
9955,0,5.62531391260673%
9956,0,5.62474889513861%
9957,0,5.624183991161997%
9958,0,5.6236192006426995%
9959,0,5.623054523546541%
9960,0,5.622489959839357%
9961,0,5.621925509486999%
9962,0,5.62136117245533%
9963,0,5.620796948710228%
9964,0,5.620232838217584%
9965,0,5.6196688409433015%
9966,0,5.619104956853302%
9967,0,5.618541185913514%
9968,0,5.617977528089887%
9969,0,5.6174139833483805%
9970,0,5.616850551654965%
9971,0,5.61628723297563%
9972,0,5.615724027276374%
9973,0,5.615160934523213%
9974,0,5.614597954682174%
9975,0,5.614035087719298%
9976,0,5.613472333600641%
9977,0,5.612909692292272%
9978,0,5.612347163760273%
9979,0,5.611784747970738%
9980,0,5.61122244488978%
9981,0,5.610660254483519%
9982,0,5.610098176718092%
9983,0,5.609536211559652%
9984,0,5.6089743589743595%
9985,0,5.6084126189283925%
9986,0,5.607850991387943%
9987,0,5.607289476319215%
9988,0,5.6067280736884255%
9989,0,5.606166783461807%
9990,0,5.605605605605605%
9991,0,5.6050445400860776%
9992,0,5.604483586869495%
9993,0,5.603922745922145%
9994,0,5.603362017210326%
9995,0,5.602801400700351%
9996,0,5.602240896358544%
9997,0,5.601680504151245%
9998,0,5.601120224044809%
9999,0,5.600560056005601%
10000,0,5.6000000000000005%
10001,0,5.599440055994401%
10002,0,5.598880223955209%
10003,0,5.5983205038488455%
10004,0,5.597760895641744%
10005,0,5.59720139930035%
10006,0,5.596642014791126%
10007,0,5.596082742080544%
10008,0,5.595523581135091%
10009,0,5.5949645319212715%
10010,0,5.594405594405594%
10011,0,5.59384676855459%
10012,0,5.593288054334798%
10013,0,5.592729451712773%
10014,0,5.592170960655083%
10015,0,5.591612581128307%
10016,0,5.5910543130990416%
10017,0,5.590496156533892%
10018,0,5.589938111399481%
10019,0,5.589380177662441%
10020,0,5.588822355289421%
10021,0,5.588264644247081%
10022,0,5.587707044502095%
10023,0,5.587149556021152%
10024,0,5.58659217877095%
10025,0,5.586034912718205%
10026,0,5.585477757829643%
10027,0,5.584920714072005%
10028,0,5.584363781412046%
10029,0,5.583806959816532%
10030,0,5.583250249252243%
10031,0,5.582693649685973%
10032,0,5.582137161084529%
10033,0,5.581580783414732%
10034,0,5.581024516643413%
10035,0,5.580468360737419%
10036,0,5.579912315663611%
10037,0,5.579356381388862%
10038,0,5.578800557880056%
10039,0,5.578244845104094%
10040,0,5.577689243027888%
10041,0,5.577133751618365%
10042,0,5.576578370842462%
10043,0,5.576023100667132%
10044,0,5.575467941059339%
10045,0,5.574912891986063%
10046,0,5.574357953414294%
10047,1,5.583756345177665%
10048,1,5.593152866242038%
10049,0,5.59259627823664%
10050,1,5.601990049751244%
10051,1,5.611381952044573%
10052,1,5.620771985674493%
10053,0,5.620212871779568%
10054,0,5.619653869106823%
10055,0,5.619094977623073%
10056,0,5.618536197295147%
10057,0,5.617977528089887%
10058,0,5.61741896997415%
10059,0,5.616860522914802%
10060,0,5.616302186878728%
10061,0,5.61574396183282%
10062,0,5.615185847743987%
10063,0,5.614627844579152%
10064,0,5.614069952305247%
10065,0,5.61351217088922%
10066,0,5.612954500298033%
10067,0,5.612396940498659%
10068,0,5.611839491458085%
10069,0,5.6112821531433115%
10070,0,5.6107249255213505%
10071,0,5.610167808559229%
10072,0,5.609610802223988%
10073,0,5.609053906482677%
10074,0,5.608497121302363%
10075,0,5.607940446650124%
10076,0,5.607383882493052%
10077,0,5.606827428798254%
10078,0,5.6062710855328435%
10079,0,5.605714852663954%
10080,0,5.60515873015873%
10081,0,5.604602717984327%
10082,0,5.604046816107915%
10083,0,5.603491024496678%
10084,0,5.60293534311781%
10085,0,5.602379771938523%
10086,0,5.601824310926036%
10087,0,5.6012689600475865%
10088,0,5.600713719270421%
10089,0,5.600158588561801%
10090,0,5.599603567888999%
10091,0,5.599048657219305%
10092,0,5.598493856520015%
10093,0,5.597939165758446%
10094,0,5.5973845849019215%
10095,0,5.596830113917782%
10096,0,5.5962757527733755%
10097,0,5.59572150143607%
10098,0,5.595167359873242%
10099,0,5.594613328052282%
10100,0,5.594059405940595%
10101,0,5.5935055935055935%
10102,0,5.59295189071471%
10103,0,5.592398297535386%
10104,0,5.591844813935075%
10105,0,5.591291439881247%
10106,0,5.590738175341381%
10107,0,5.590185020282972%
10108,0,5.589631974673526%
10109,0,5.589079038480562%
10110,0,5.588526211671612%
10111,0,5.587973494214222%
10112,0,5.587420886075949%
10113,0,5.5868683872243645%
10114,0,5.586315997627052%
10115,0,5.585763717251607%
10116,0,5.585211546065639%
10117,0,5.58465948403677%
10118,0,5.584107531132635%
10119,0,5.583555687320882%
10120,0,5.58300395256917%
10121,0,5.582452326845173%
10122,0,5.581900810116578%
10123,0,5.581349402351082%
10124,0,5.580798103516397%
10125,0,5.580246913580247%
10126,0,5.579695832510369%
10127,0,5.579144860274514%
10128,0,5.578593996840443%
10129,0,5.578043242175931%
10130,0,5.577492596248766%
10131,0,5.5769420590267496%
10132,0,5.576391630477694%
10133,0,5.575841310569427%
10134,0,5.575291099269785%
10135,0,5.574740996546621%
10136,0,5.574191002367798%
10137,0,5.573641116701194%
10138,0,5.573091339514697%
10139,0,5.572541670776211%
10140,0,5.571992110453649%
10141,0,5.571442658514939%
10142,0,5.570893314928022%
10143,0,5.57034407966085%
10144,0,5.569794952681388%
10145,0,5.569245933957615%
10146,0,5.568697023457521%
10147,0,5.568148221149108%
10148,0,5.567599527000394%
10149,0,5.5670509409794064%
10150,0,5.566502463054187%
10151,0,5.565954093192789%
10152,0,5.565405831363278%
10153,0,5.564857677533734%
10154,0,5.564309631672247%
10155,0,5.5637616937469225%
10156,0,5.563213863725877%
10157,0,5.562666141577237%
10158,0,5.562118527269147%
10159,0,5.561571020769761%
10160,0,5.5610236220472435%
10161,0,5.5604763310697765%
10162,0,5.55992914780555%
10163,0,5.559382072222769%
10164,0,5.55883510428965%
10165,0,5.558288243974422%
10166,0,5.557741491245328%
10167,0,5.557194846070621%
10168,0,5.556648308418568%
10169,0,5.556101878257449%
10170,0,5.555555555555555%
10171,0,5.555009340281192%
10172,0,5.554463232402674%
10173,0,5.553917231888332%
10174,0,5.553371338706507%
10175,0,5.552825552825553%
10176,0,5.552279874213836%
10177,0,5.551734302839736%
10178,0,5.551188838671645%
10179,0,5.550643481677964%
10180,0,5.550098231827112%
10181,0,5.5495530890875155%
10182,0,5.549008053427618%
10183,0,5.54846312481587%
10184,0,5.547918303220738%
10185,0,5.547373588610702%
10186,0,5.546828980954251%
10187,0,5.546284480219888%
10188,0,5.545740086376129%
10189,0,5.545195799391501%
10190,0,5.544651619234544%
10191,0,5.5441075458738105%
10192,0,5.5435635792778655%
10193,0,5.543019719415285%
10194,0,5.54247596625466%
10195,0,5.541932319764591%
10196,0,5.541388779913692%
10197,0,5.540845346670589%
10198,0,5.540302020003923%
10199,0,5.539758799882341%
10200,0,5.53921568627451%
10201,0,5.538672679149103%
10202,0,5.538129778474809%
10203,0,5.537586984220328%
10204,0,5.537044296354371%
10205,0,5.536501714845664%
10206,0,5.535959239662944%
10207,0,5.5354168707749585%
10208,0,5.534874608150471%
10209,0,5.534332451758252%
10210,0,5.533790401567091%
10211,0,5.533248457545784%
10212,0,5.532706619663141%
10213,0,5.532164887887986%
10214,0,5.531623262189153%
10215,0,5.531081742535487%
10216,0,5.5305403288958495%
10217,0,5.529999021239111%
10218,0,5.529457819534155%
10219,0,5.5289167237498775%
10220,0,5.528375733855186%
10221,0,5.527834849819%
10222,0,5.527294071610252%
10223,0,5.5267533991978866%
10224,0,5.52621283255086%
10225,0,5.525672371638142%
10226,0,5.525132016428711%
10227,0,5.524591766891562%
10228,0,5.524051622995698%
10229,0,5.523511584710137%
10230,0,5.52297165200391%
10231,0,5.5224318248460555%
10232,0,5.521892103205629%
10233,0,5.521352487051696%
10234,0,5.520812976353332%
10235,0,5.5202735710796285%
10236,0,5.519734271199687%
10237,0,5.519195076682622%
10238,0,5.518655987497558%
10239,0,5.518117003613634%
10240,0,5.517578125%
10241,0,5.517039351625818%
10242,0,5.5165006834602615%
10243,0,5.515962120472518%
10244,0,5.515423662631784%
10245,0,5.514885309907272%
10246,0,5.514347062268202%
10247,0,5.513808919683809%
10248,0,5.513270882123341%
10249,0,5.512732949556054%
10250,0,5.51219512195122%
10251,0,5.5116573992781195%
10252,0,5.511119781506048%
10253,0,5.510582268604311%
10254,0,5.510044860542227%
10255,0,5.509507557289127%
10256,0,5.508970358814352%
10257,0,5.508433265087258%
10258,0,5.507896276077208%
10259,0,5.507359391753583%
10260,0,5.506822612085769%
10261,0,5.506285937043173%
10262,0,5.5057493665952055%
10263,0,5.505212900711292%
10264,0,5.504676539360872%
10265,0,5.504140282513395%
10266,0,5.503604130138321%
10267,0,5.5030680822051234%
10268,0,5.502532138683288%
10269,0,5.501996299542312%
10270,0,5.501460564751704%
10271,0,5.500924934280985%
10272,0,5.5003894080996885%
10273,0,5.499853986177358%
10274,0,5.499318668483551%
10275,0,5.4987834549878345%
10276,0,5.49824834565979%
10277,0,5.497713340469009%
10278,0,5.497178439385094%
10279,0,5.496643642377663%
10280,0,5.496108949416342%
10281,0,5.495574360470772%
10282,1,5.50476560980354%
10283,1,5.513955071477195%
10284,1,5.5231427460132245%
10285,1,5.532328633932912%
10286,1,5.54151273575734%
10287,1,5.550695052007388%
10288,0,5.550155520995334%
10289,0,5.549616094858586%
10290,1,5.558794946550048%
10291,0,5.558254785735108%
10292,0,5.557714729887291%
10293,0,5.5571747789760035%
10294,0,5.556634932970662%
10295,0,5.5560951918407%
10296,0,5.555555555555555%
10297,0,5.555016024084685%
10298,0,5.554476597397553%
10299,0,5.553937275463637%
10300,0,5.5533980582524265%
10301,0,5.552858945733424%
10302,0,5.552319937876141%
10303,0,5.5517810346501015%
10304,0,5.551242236024844%
10305,0,5.550703541969917%
10306,0,5.550164952454881%
10307,0,5.549626467449306%
10308,0,5.5490880869227786%
10309,0,5.548549810844893%
10310,0,5.5480116391852565%
10311,0,5.54747357191349%
10312,0,5.546935608999224%
10313,0,5.546397750412101%
10314,0,5.545859996121776%
10315,0,5.545322346097915%
10316,0,5.544784800310198%
10317,0,5.544247358728312%
10318,0,5.543710021321962%
10319,0,5.543172788060859%
10320,0,5.542635658914729%
10321,0,5.542098633853309%
10322,0,5.541561712846348%
10323,0,5.541024895863606%
10324,0,5.540488182874855%
10325,0,5.539951573849879%
10326,0,5.539415068758474%
10327,0,5.5388786675704464%
10328,0,5.538342370255616%
10329,0,5.537806176783812%
10330,0,5.537270087124879%
10331,0,5.536734101248669%
10332,0,5.5361982191250485%
10333,0,5.535662440723894%
10334,0,5.535126766015096%
10335,0,5.534591194968554%
10336,0,5.53405572755418%
10337,0,5.533520363741898%
10338,0,5.532985103501645%
10339,0,5.532449946803366%
10340,0,5.531914893617021%
10341,0,5.531379943912581%
10342,0,5.530845097660027%
10343,0,5.5303103548293535%
10344,0,5.5297757153905645%
10345,0,5.5292411793136775%
10346,0,5.528706746568722%
10347,0,5.528172417125736%
10348,0,5.527638190954774%
10349,0,5.5271040680258965%
10350,0,5.526570048309179%
10351,0,5.526036131774708%
10352,0,5.525502318392581%
10353,0,5.524968608132908%
10354,0,5.524435000965811%
10355,0,5.52390149686142%
10356,0,5.5233680957898805%
10357,0,5.522834797721348%
10358,0,5.52230160262599%
10359,0,5.521768510473984%
10360,0,5.521235521235521%
10361,0,5.520702634880803%
10362,0,5.520169851380043%
10363,0,5.519637170703464%
10364,0,5.5191045928213045%
10365,0,5.518572117703811%
10366,0,5.518039745321243%
10367,0,5.51750747564387%
10368,0,5.5169753086419755%
10369,0,5.516443244285852%
10370,0,5.515911282545805%
10371,0,5.515379423392151%
10372,0,5.514847666795218%
10373,0,5.514316012725344%
10374,0,5.513784461152882%
10375,0,5.513253012048193%
10376,0,5.51272166538165%
10377,0,5.5121904211236386%
10378,0,5.511659279244556%
10379,0,5.511128239714809%
10380,0,5.5105973025048165%
10381,0,5.510066467585011%
10382,0,5.509535734925834%
10383,0,5.509005104497737%
10384,0,5.508474576271186%
10385,0,5.507944150216659%
10386,0,5.50741382630464%
10387,0,5.506883604505632%
10388,0,5.506353484790143%
10389,0,5.505823467128694%
10390,0,5.505293551491819%
10391,0,5.5047637378500625%
10392,0,5.50423402617398%
10393,0,5.503704416434138%
10394,0,5.503174908601116%
10395,0,5.502645502645502%
10396,0,5.502116198537899%
10397,0,5.501586996248918%
10398,0,5.501057895749183%
10399,0,5.500528897009327%
10400,0,5.5%
10401,0,5.499471204691857%
10402,0,5.498942511055566%
10403,0,5.498413919061809%
10404,0,5.497885428681276%
10405,0,5.497357039884671%
10406,0,5.496828752642706%
10407,0,5.496300566926108%
10408,0,5.495772482705611%
10409,0,5.495244499951965%
10410,0,5.494716618635927%
10411,0,5.494188838728268%
10412,0,5.493661160199769%
10413,0,5.493133583021224%
10414,0,5.492606107163434%
10415,0,5.492078732597216%
10416,0,5.491551459293395%
10417,0,5.4910242872228086%
10418,0,5.490497216356307%
10419,0,5.489970246664747%
10420,0,5.489443378119002%
10421,0,5.4889166106899525%
10422,0,5.488389944348493%
10423,0,5.487863379065528%
10424,0,5.487336914811972%
10425,0,5.4868105515587535%
10426,0,5.486284289276807%
10427,0,5.485758127937086%
10428,0,5.485232067510549%
10429,0,5.484706107968166%
10430,0,5.484180249280921%
10431,0,5.483654491419807%
10432,0,5.483128834355829%
10433,0,5.482603278060002%
10434,0,5.482077822503354%
10435,0,5.481552467656924%
10436,0,5.4810272134917595%
10437,0,5.480502059978922%
10438,0,5.479977007089481%
10439,0,5.47945205479452%
10440,0,5.478927203065134%
10441,0,5.478402451872426%
10442,0,5.477877801187512%
10443,0,5.477353250981519%
10444,0,5.476828801225584%
10445,0,5.476304451890856%
10446,0,5.475780202948497%
10447,0,5.475256054369675%
10448,0,5.474732006125574%
10449,0,5.474208058187386%
10450,0,5.473684210526316%
10451,0,5.473160463113578%
10452,0,5.472636815920398%
10453,0,5.472113268918014%
10454,0,5.471589822077673%
10455,0,5.471066475370636%
10456,0,5.470543228768172%
10457,0,5.47002008224156%
10458,0,5.469497035762096%
10459,0,5.4689740893010805%
10460,0,5.468451242829827%
10461,0,5.467928496319663%
10462,0,5.4674058497419225%
10463,0,5.466883303067953%
10464,0,5.466360856269113%
10465,0,5.46583850931677%
10466,0,5.465316262182304%
10467,1,5.474347950702207%
10468,0,5.473824990447077%
10469,1,5.482854140796638%
10470,1,5.491881566380133%
10471,0,5.4913570814630885%
10472,0,5.49083269671505%
10473,0,5.490308412107323%
10474,0,5.489784227611228%
10475,0,5.4892601431980905%
10476,0,5.488736158839251%
10477,0,5.488212274506061%
10478,0,5.48768849016988%
10479,0,5.487164805802081%
10480,0,5.486641221374046%
10481,0,5.48611773685717%
10482,0,5.485594352222859%
10483,0,5.485071067442526%
10484,0,5.4845478824876%
10485,0,5.484024797329519%
10486,0,5.483501811939729%
10487,0,5.482978926289692%
10488,0,5.482456140350877%
10489,0,5.481933454094766%
10490,0,5.48141086749285%
10491,0,5.4808883805166335%
10492,0,5.480365993137629%
10493,0,5.479843705327362%
10494,0,5.4793215170573655%
10495,0,5.47879942829919%
10496,0,5.47827743902439%
10497,0,5.4777555492045344%
10498,0,5.477233758811202%
10499,0,5.476712067815982%
10500,0,5.476190476190476%
10501,0,5.475668983906295%
10502,0,5.475147590935061%
10503,0,5.474626297248405%
10504,0,5.474105102817974%
10505,0,5.473584007615421%
10506,0,5.473063011612412%
10507,0,5.472542114780622%
10508,0,5.472021317091739%
10509,0,5.471500618517462%
10510,0,5.470980019029495%
10511,0,5.470459518599562%
10512,0,5.469939117199392%
10513,0,5.469418814800723%
10514,0,5.468898611375309%
10515,0,5.468378506894912%
10516,0,5.467858501331305%
10517,0,5.467338594656271%
10518,0,5.466818786841605%
10519,1,5.475805684951041%
10520,0,5.475285171102662%
10521,0,5.474764756201882%
10522,0,5.47424444022049%
10523,0,5.473724223130286%
10524,0,5.473204104903079%
10525,0,5.472684085510688%
10526,0,5.472164164924948%
10527,0,5.471644343117697%
10528,0,5.47112462006079%
10529,0,5.47060499572609%
10530,0,5.47008547008547%
10531,0,5.469566043110816%
10532,0,5.469046714774022%
10533,0,5.468527485046995%
10534,0,5.468008353901651%
10535,0,5.46748932130992%
10536,0,5.466970387243736%
10537,0,5.46645155167505%
10538,0,5.4659328145758215%
10539,0,5.465414175918019%
10540,0,5.464895635673624%
10541,0,5.464377193814628%
10542,0,5.463858850313033%
10543,0,5.463340605140852%
10544,0,5.462822458270106%
10545,0,5.462304409672831%
10546,0,5.46178645932107%
10547,0,5.461268607186877%
10548,0,5.460750853242321%
10549,0,5.460233197459475%
10550,0,5.459715639810427%
10551,0,5.459198180267273%
10552,0,5.458680818802123%
10553,0,5.4581635553870935%
10554,0,5.457646389994315%
10555,0,5.457129322595926%
10556,0,5.456612353164077%
10557,0,5.456095481670929%
10558,0,5.4555787080886535%
10559,0,5.4550620323894305%
10560,0,5.454545454545454%
10561,0,5.454028974528927%
10562,0,5.4535125923120615%
10563,0,5.452996307867084%
10564,0,5.452480121166225%
10565,0,5.451964032181732%
10566,0,5.45144804088586%
10567,0,5.450932147250875%
10568,0,5.4504163512490535%
10569,0,5.4499006528526825%
10570,0,5.449385052034058%
10571,0,5.448869548765491%
10572,0,5.448354143019296%
10573,0,5.447838834767805%
10574,0,5.447323623983356%
10575,0,5.446808510638298%
10576,0,5.446293494704992%
10577,0,5.44577857615581%
10578,0,5.445263754963131%
10579,0,5.444749031099348%
10580,0,5.4442344045368625%
10581,0,5.443719875248086%
10582,0,5.443205443205444%
10583,0,5.442691108381367%
10584,0,5.442176870748299%
10585,0,5.441662730278696%
10586,0,5.441148686945022%
10587,0,5.440634740719751%
10588,0,5.4401208915753685%
10589,0,5.43960713948437%
10590,0,5.4390934844192635%
10591,1,5.4480219053913705%
10592,1,5.456948640483383%
10593,1,5.465873690172756%
10594,1,5.474797054936756%
10595,1,5.483718735252477%
10596,0,5.4832012080030195%
10597,0,5.482683778427857%
10598,0,5.48216644649934%
10599,0,5.481649212189829%
10600,0,5.481132075471698%
10601,0,5.480615036317329%
10602,0,5.480098094699113%
10603,0,5.479581250589455%
10604,0,5.47906450396077%
10605,0,5.478547854785479%
10606,0,5.478031303036017%
10607,0,5.477514848684831%
10608,0,5.476998491704374%
10609,0,5.476482232067113%
10610,0,5.475966069745524%
10611,0,5.475450004712091%
10612,0,5.474934036939314%
10613,0,5.4744181663996985%
10614,0,5.473902393065763%
10615,0,5.473386716910033%
10616,0,5.472871137905049%
10617,0,5.472355656023359%
10618,0,5.471840271237522%
10619,0,5.471324983520105%
10620,0,5.470809792843691%
10621,0,5.470294699180868%
10622,0,5.469779702504236%
10623,0,5.469264802786407%
10624,0,5.46875%
10625,0,5.4682352941176475%
10626,0,5.467720685111989%
10627,0,5.467206172955679%
10628,0,5.466691757621377%
10629,0,5.466177439081758%
10630,0,5.465663217309501%
10631,0,5.4651490922773025%
10632,0,5.464635063957863%
10633,0,5.464121132323897%
10634,0,5.463607297348129%
10635,0,5.463093559003291%
10636,0,5.462579917262129%
10637,0,5.4620663720973965%
10638,0,5.461552923481857%
10639,0,5.461039571388288%
10640,0,5.460526315789474%
10641,0,5.460013156658209%
10642,0,5.4595000939673%
10643,0,5.458987127689561%
10644,0,5.45847425779782%
10645,0,5.457961484264913%
10646,0,5.457448807063686%
10647,0,5.456936226166995%
10648,0,5.456423741547709%
10649,0,5.455911353178703%
10650,0,5.455399061032864%
10651,0,5.454886865083091%
10652,0,5.4543747653022905%
10653,0,5.453862761663381%
10654,0,5.45335085413929%
10655,0,5.452839042702956%
10656,0,5.452327327327327%
10657,0,5.451815707985362%
10658,0,5.451304184650028%
10659,0,5.450792757294305%
10660,0,5.450281425891182%
10661,0,5.449770190413657%
10662,0,5.44925905083474%
10663,0,5.44874800712745%
10664,0,5.448237059264816%
10665,0,5.447726207219878%
10666,0,5.447215450965685%
10667,0,5.446704790475298%
10668,0,5.4461942257217855%
10669,0,5.445683756678227%
10670,0,5.445173383317713%
10671,0,5.444663105613345%
10672,0,5.444152923538231%
10673,0,5.443642837065492%
10674,0,5.443132846168259%
10675,0,5.442622950819672%
10676,0,5.442113150992881%
10677,0,5.4416034466610474%
10678,0,5.44109383779734%
10679,0,5.440584324374941%
10680,0,5.440074906367041%
10681,0,5.43956558374684%
10682,0,5.439056356487549%
10683,0,5.438547224562389%
10684,0,5.43803818794459%
10685,0,5.437529246607394%
10686,0,5.43702040052405%
10687,0,5.436511649667821%
10688,0,5.436002994011976%
10689,0,5.435494433529797%
10690,0,5.4349859681945745%
10691,0,5.434477597979609%
10692,0,5.433969322858212%
10693,0,5.433461142803703%
10694,0,5.4329530577894145%
10695,0,5.432445067788686%
10696,0,5.4319371727748695%
10697,0,5.431429372721324%
10698,0,5.430921667601421%
10699,0,5.430414057388541%
10700,0,5.429906542056075%
10701,0,5.429399121577423%
10702,0,5.428891795925995%
10703,0,5.428384565075213%
10704,0,5.427877428998505%
10705,0,5.427370387669313%
10706,0,5.426863441061087%
10707,0,5.426356589147287%
10708,0,5.425849831901383%
10709,0,5.425343169296854%
10710,0,5.42483660130719%
10711,0,5.424330127905891%
10712,0,5.423823749066468%
10713,0,5.423317464762438%
10714,0,5.422811274967333%
10715,0,5.42230517965469%
10716,0,5.421799178798059%
10717,0,5.421293272370999%
10718,0,5.420787460347079%
10719,0,5.420281742699879%
10720,0,5.419776119402985%
10721,0,5.4192705904299965%
10722,0,5.4187651557545236%
10723,0,5.418259815350182%
10724,0,5.417754569190601%
10725,0,5.417249417249417%
10726,0,5.41674435950028%
10727,0,5.416239395916846%
10728,0,5.415734526472781%
10729,0,5.415229751141766%
10730,0,5.414725069897484%
10731,0,5.414220482713633%
10732,0,5.413715989563921%
10733,0,5.413211590422063%
10734,0,5.412707285261785%
10735,0,5.412203074056824%
10736,0,5.411698956780924%
10737,0,5.411194933407842%
10738,0,5.410691003911343%
10739,0,5.410187168265201%
10740,0,5.409683426443203%
10741,0,5.4091797784191415%
10742,0,5.408676224166822%
10743,0,5.408172763660057%
10744,0,5.407669396872674%
10745,0,5.407166123778501%
10746,0,5.406662944351386%
10747,0,5.40615985856518%
10748,0,5.405656866393747%
10749,0,5.405153967810959%
10750,0,5.404651162790698%
10751,0,5.404148451306855%
10752,0,5.403645833333334%
10753,0,5.403143308844043%
10754,0,5.402640877812907%
10755,0,5.402138540213854%
10756,0,5.4016362960208255%
10757,0,5.401134145207772%
10758,0,5.400632087748653%
10759,0,5.400130123617437%
10760,0,5.399628252788104%
10761,0,5.3991264752346435%
10762,0,5.398624790931054%
10763,0,5.398123199851343%
10764,0,5.397621701969528%
10765,0,5.3971202972596375%
10766,0,5.396618985695708%
10767,0,5.396117767251788%
10768,0,5.395616641901932%
10769,0,5.395115609620206%
10770,0,5.394614670380688%
10771,0,5.39411382415746%
10772,0,5.393613070924619%
10773,0,5.39311241065627%
10774,1,5.401893447187675%
10775,1,5.410672853828307%
10776,1,5.419450631031922%
10777,0,5.418947759116637%
10778,1,5.4277231397290775%
10779,0,5.4272195936543275%
10780,0,5.426716141001855%
10781,0,5.426212781745663%
10782,0,5.425709515859766%
10783,0,5.4252063433181865%
10784,0,5.424703264094956%
10785,0,5.4242002781641165%
10786,0,5.423697385499722%
10787,0,5.423194586075832%
10788,0,5.422691879866518%
10789,0,5.422189266845861%
10790,0,5.421686746987952%
10791,0,5.421184320266889%
10792,0,5.420681986656783%
10793,0,5.420179746131752%
10794,0,5.419677598665926%
10795,0,5.4191755442334415%
10796,0,5.418673582808448%
10797,0,5.418171714365101%
10798,0,5.41766993887757%
10799,0,5.417168256320029%
10800,0,5.416666666666667%
10801,0,5.416165169891677%
10802,0,5.415663765969265%
10803,0,5.415162454873646%
10804,0,5.414661236579045%
10805,0,5.414160111059695%
10806,0,5.413659078289839%
10807,0,5.413158138243731%
10808,0,5.412657290895633%
10809,0,5.412156536219817%
10810,0,5.411655874190564%
10811,0,5.4111553047821666%
10812,0,5.410654827968924%
10813,0,5.410154443725146%
10814,0,5.409654152025153%
10815,0,5.409153952843273%
10816,0,5.408653846153847%
10817,0,5.4081538319312195%
10818,0,5.40765391014975%
10819,0,5.4071540807838065%
10820,0,5.406654343807763%
10821,0,5.406154699196008%
10822,0,5.405655146922935%
10823,0,5.405155686962949%
10824,0,5.404656319290465%
10825,0,5.404157043879907%
10826,0,5.403657860705708%
10827,0,5.403158769742311%
10828,0,5.402659770964167%
10829,1,5.411395327361714%
10830,1,5.420129270544783%
10831,1,5.428861600960206%
10832,1,5.437592319054653%
10833,0,5.437090372011447%
10834,0,5.436588517629684%
10835,0,5.43608675588371%
10836,0,5.435585086747877%
10837,0,5.43508351019655%
10838,0,5.4345820262040965%
10839,0,5.434080634744903%
10840,0,5.4335793357933575%
10841,0,5.433078129323863%
10842,0,5.432577015310828%
10843,0,5.432075993728673%
10844,0,5.431575064551826%
10845,0,5.431074227754726%
10846,0,5.43057348331182%
10847,0,5.430072831197566%
10848,0,5.429572271386431%
10849,0,5.42907180385289%
10850,0,5.428571428571429%
10851,0,5.428071145516542%
10852,0,5.427570954662735%
10853,0,5.42707085598452%
10854,0,5.4265708494564215%
10855,0,5.42607093505297%
10856,0,5.4255711127487105%
10857,0,5.42507138251819%
10858,0,5.4245717443359736%
10859,0,5.424072198176628%
10860,0,5.423572744014733%
10861,0,5.423073381824878%
10862,0,5.42257411158166%
10863,0,5.4220749332596885%
10864,0,5.421575846833579%
10865,0,5.421076852277957%
10866,0,5.420577949567458%
10867,0,5.420079138676727%
10868,0,5.419580419580419%
10869,0,5.419081792253197%
10870,0,5.418583256669733%
10871,0,5.41808481280471%
10872,0,5.417586460632818%
10873,0,5.4170882001287595%
10874,0,5.416590031267243%
10875,0,5.416091954022988%
10876,0,5.415593968370724%
10877,0,5.415096074285189%
10878,0,5.414598271741129%
10879,0,5.414100560713301%
10880,0,5.413602941176471%
10881,0,5.413105413105413%
10882,0,5.412607976474913%
10883,0,5.412110631259763%
10884,0,5.411613377434767%
10885,0,5.411116214974736%
10886,0,5.410619143854492%
10887,0,5.4101221640488655%
10888,0,5.409625275532696%
10889,0,5.4091284782808335%
10890,0,5.408631772268136%
10891,0,5.40813515746947%
10892,0,5.4076386338597136%
10893,0,5.407142201413752%
10894,0,5.40664586010648%
10895,0,5.406149609912804%
10896,0,5.405653450807636%
10897,1,5.414334220427641%
10898,1,5.42301339695357%
10899,1,5.431690980823928%
10900,1,5.440366972477064%
10901,1,5.449041372351161%
10902,0,5.448541552008805%
10903,1,5.4572136109327705%
10904,1,5.465884079236978%
10905,1,5.474552957359009%
10906,1,5.483220245736292%
10907,1,5.491885944806088%
10908,1,5.500550055005501%
10909,0,5.500045833715281%
10910,1,5.508707607699359%
10911,0,5.5082027311887085%
10912,0,5.507697947214076%
10913,0,5.507193255750023%
10914,0,5.50668865677112%
10915,0,5.506184150251947%
10916,0,5.505679736167094%
10917,0,5.505175414491161%
10918,0,5.504671185198754%
10919,0,5.5041670482644935%
10920,0,5.503663003663004%
10921,0,5.503159051368922%
10922,0,5.502655191356895%
10923,0,5.502151423601575%
10924,0,5.501647748077628%
10925,0,5.501144164759726%
10926,0,5.500640673622552%
10927,0,5.500137274640798%
10928,0,5.4996339677891655%
10929,0,5.4991307530423645%
10930,0,5.498627630375115%
10931,0,5.498124599762145%
10932,0,5.497621661178193%
10933,0,5.497118814598005%
10934,0,5.496616059996342%
10935,0,5.4961133973479654%
10936,0,5.495610826627652%
10937,0,5.495108347810185%
10938,0,5.49460596087036%
10939,0,5.494103665782978%
10940,0,5.493601462522852%
10941,0,5.493099351064802%
10942,0,5.492597331383659%
10943,0,5.492095403454263%
10944,0,5.491593567251462%
10945,0,5.491091822750114%
10946,0,5.4905901699250865%
10947,0,5.490088608751257%
10948,0,5.489587139203508%
10949,0,5.489085761256736%
10950,0,5.488584474885845%
10951,0,5.488083280065748%
10952,0,5.487582176771366%
10953,0,5.487081164977631%
10954,0,5.486580244659485%
10955,0,5.486079415791876%
10956,0,5.485578678349762%
10957,0,5.485078032308113%
10958,0,5.484577477641905%
10959,0,5.484077014326124%
10960,0,5.483576642335766%
10961,0,5.483076361645836%
10962,0,5.482576172231345%
10963,0,5.482076074067317%
10964,0,5.481576067128785%
10965,0,5.481076151390789%
10966,0,5.480576326828379%
10967,0,5.480076593416613%
10968,0,5.479576951130562%
10969,0,5.4790773999453%
10970,0,5.478577939835915%
10971,0,5.478078570777504%
10972,0,5.47757929274517%
10973,0,5.477080105714025%
10974,0,5.476581009659195%
10975,0,5.476082004555809%
10976,0,5.475583090379009%
10977,0,5.475084267103945%
10978,0,5.474585534705775%
10979,0,5.474086893159669%
10980,0,5.473588342440801%
10981,0,5.47308988252436%
10982,0,5.47259151338554%
10983,0,5.472093234999545%
10984,0,5.471595047341587%
10985,0,5.471096950386891%
10986,0,5.470598944110686%
10987,0,5.470101028488213%
10988,0,5.469603203494722%
10989,0,5.469105469105469%
10990,0,5.468607825295723%
10991,0,5.468110272040761%
10992,0,5.467612809315866%
10993,0,5.467115437096334%
10994,0,5.466618155357468%
10995,0,5.466120964074579%
10996,0,5.465623863222991%
10997,0,5.46512685277803%
10998,0,5.464629932715039%
10999,0,5.464133103009364%
11000,0,5.463636363636364%
11001,0,5.463139714571403%
11002,0,5.4626431557898565%
11003,0,5.462146687267109%
11004,0,5.461650308978553%
11005,0,5.461154020899591%
11006,0,5.460657823005633%
11007,0,5.4601617152721%
11008,0,5.459665697674419%
11009,0,5.459169770188028%
11010,1,5.467756584922798%
11011,1,5.476341839978203%
11012,1,5.4849255357791495%
11013,0,5.484427494778898%
11014,0,5.483929544216451%
11015,0,5.483431684067181%
11016,0,5.4829339143064635%
11017,0,5.482436234909685%
11018,0,5.481938645852242%
11019,0,5.481441147109538%
11020,0,5.480943738656988%
11021,0,5.480446420470011%
11022,0,5.479949192524043%
11023,0,5.47945205479452%
11024,0,5.478955007256895%
11025,0,5.478458049886621%
11026,0,5.477961182659169%
11027,0,5.4774644055500135%
11028,0,5.476967718534639%
11029,0,5.476471121588539%
11030,0,5.475974614687217%
11031,0,5.475478197806183%
11032,0,5.474981870920957%
11033,0,5.47448563400707%
11034,0,5.4739894870400585%
11035,0,5.473493429995469%
11036,0,5.472997462848858%
11037,0,5.472501585575791%
11038,0,5.472005798151839%
11039,0,5.471510100552586%
11040,0,5.471014492753623%
11041,0,5.47051897473055%
11042,0,5.470023546458975%
11043,0,5.469528207914516%
11044,0,5.469032959072799%
11045,0,5.468537799909461%
11046,1,5.47709578127829%
11047,1,5.485652213270571%
11048,1,5.494207096307024%
11049,1,5.502760430808218%
11050,1,5.51131221719457%
11051,1,5.519862455886345%
11052,1,5.528411147303655%
11053,1,5.536958291866462%
11054,0,5.536457390989686%
11055,0,5.535956580732701%
11056,0,5.535455861070912%
11057,0,5.534955231979741%
11058,0,5.5344546934346175%
11059,0,5.533954245410977%
11060,0,5.533453887884267%
11061,0,5.532953620829943%
11062,0,5.532453444223467%
11063,0,5.531953358040314%
11064,0,5.531453362255966%
11065,0,5.530953456845911%
11066,0,5.53045364178565%
11067,0,5.529953917050691%
11068,0,5.529454282616552%
11069,0,5.528954738458759%
11070,0,5.528455284552845%
11071,0,5.527955920874357%
11072,0,5.527456647398844%
11073,0,5.526957464101869%
11074,0,5.526458370959003%
11075,0,5.525959367945824%
11076,0,5.52546045503792%
11077,0,5.524961632210887%
11078,0,5.524462899440332%
11079,0,5.523964256701868%
11080,0,5.5234657039711195%
11081,0,5.522967241223716%
11082,0,5.5224688684353005%
11083,0,5.5219705855815215%
11084,0,5.521472392638037%
11085,0,5.520974289580514%
11086,0,5.520476276384629%
11087,0,5.519978353026066%
11088,0,5.51948051948052%
11089,0,5.51898277572369%
11090,0,5.51848512173129%
11091,0,5.517987557479037%
11092,0,5.517490082942662%
11093,0,5.5169926980979%
11094,0,5.516495402920498%
11095,0,5.51599819738621%
11096,0,5.5155010814708%
11097,0,5.51500405515004%
11098,0,5.514507118399712%
11099,0,5.514010271195604%
11100,0,5.513513513513513%
11101,0,5.51301684532925%
11102,0,5.512520266618627%
11103,0,5.512023777357471%
11104,0,5.511527377521614%
11105,0,5.511031067086898%
11106,0,5.510534846029174%
11107,0,5.5100387143243%
11108,0,5.509542671948146%
11109,0,5.509046718876586%
11110,0,5.508550855085508%
11111,0,5.508055080550806%
11112,0,5.50755939524838%
11113,0,5.507063799154144%
11114,0,5.506568292244016%
11115,0,5.506072874493928%
11116,0,5.505577545879812%
11117,0,5.50508230637762%
11118,0,5.5045871559633035%
11119,0,5.504092094612825%
11120,0,5.503597122302159%
11121,0,5.5031022390072835%
11122,0,5.50260744470419%
11123,1,5.5111031196619615%
11124,1,5.519597267170083%
11125,1,5.52808988764045%
11126,1,5.53658098148481%
11127,0,5.536083400736946%
11128,0,5.535585909417685%
11129,0,5.53508850750292%
11130,0,5.534591194968554%
11131,0,5.534093971790495%
11132,0,5.533596837944664%
11133,0,5.533099793406988%
11134,0,5.532602838153404%
11135,0,5.532105972159856%
11136,0,5.531609195402299%
11137,0,5.531112507856694%
11138,0,5.530615909499012%
11139,0,5.530119400305234%
11140,0,5.529622980251347%
11141,0,5.529126649313347%
11142,0,5.528630407467241%
11143,0,5.528134254689043%
11144,0,5.527638190954774%
11145,0,5.527142216240467%
11146,0,5.52664633052216%
11147,0,5.526150533775904%
11148,0,5.525654825977753%
11149,0,5.525159207103776%
11150,0,5.524663677130045%
11151,0,5.524168236032643%
11152,0,5.523672883787661%
11153,0,5.523177620371201%
11154,0,5.522682445759369%
11155,0,5.522187359928283%
11156,0,5.521692362854069%
11157,0,5.521197454512862%
11158,0,5.520702634880803%
11159,0,5.520207903934044%
11160,0,5.519713261648746%
11161,0,5.519218708001075%
11162,0,5.51872424296721%
11163,0,5.518229866523336%
11164,0,5.517735578645647%
11165,0,5.517241379310345%
11166,0,5.516747268493641%
11167,0,5.516253246171756%
11168,0,5.515759312320917%
11169,0,5.515265466917361%
11170,0,5.514771709937332%
11171,0,5.514278041357086%
11172,0,5.513784461152882%
11173,0,5.513290969300994%
11174,0,5.512797565777698%
11175,0,5.512304250559284%
11176,0,5.511811023622047%
11177,0,5.511317884942292%
11178,0,5.510824834496332%
11179,0,5.510331872260489%
11180,0,5.509838998211091%
11181,0,5.50934621232448%
11182,0,5.508853514576999%
11183,0,5.508360904945006%
11184,0,5.507868383404864%
11185,0,5.507375949932946%
11186,0,5.506883604505632%
11187,0,5.506391347099312%
11188,0,5.505899177690383%
11189,0,5.505407096255251%
11190,0,5.504915102770331%
11191,0,5.504423197212045%
11192,0,5.5039313795568265%
11193,0,5.5034396497811136%
11194,0,5.502948007861354%
11195,0,5.502456453774006%
11196,0,5.501964987495534%
11197,0,5.501473609002412%
11198,0,5.50098231827112%
11199,0,5.50049111527815%
11200,0,5.5%
11201,0,5.499508972413177%
11202,0,5.499018032494198%
11203,0,5.498527180219584%
11204,1,5.506961799357373%
11205,0,5.506470325747434%
11206,0,5.50597893985365%
11207,0,5.505487641652539%
11208,0,5.504996431120628%
11209,0,5.504505308234455%
11210,0,5.504014272970562%
11211,0,5.503523325305504%
11212,0,5.50303246521584%
11213,0,5.502541692678141%
11214,0,5.502051007668985%
11215,0,5.501560410164958%
11216,0,5.501069900142654%
11217,0,5.500579477578675%
11218,0,5.500089142449634%
11219,0,5.499598894732151%
11220,0,5.499108734402852%
11221,0,5.498618661438375%
11222,0,5.498128675815363%
11223,0,5.49763877751047%
11224,0,5.497148966500356%
11225,0,5.496659242761693%
11226,0,5.496169606271156%
11227,0,5.495680057005433%
11228,0,5.495190594941218%
11229,0,5.494701220055214%
11230,0,5.494211932324132%
11231,0,5.493722731724691%
11232,0,5.493233618233618%
11233,0,5.492744591827651%
11234,0,5.492255652483532%
11235,0,5.491766800178015%
11236,0,5.491278034887861%
11237,0,5.490789356589837%
11238,0,5.490300765260723%
11239,0,5.489812260877303%
11240,0,5.48932384341637%
11241,1,5.497731518548172%
11242,0,5.497242483543854%
11243,0,5.49675353553322%
11244,1,5.505158306652437%
11245,1,5.513561582925744%
11246,1,5.521963364751912%
11247,1,5.530363652529564%
11248,1,5.538762446657183%
11249,0,5.5382700684505295%
11250,0,5.5377777777777775%
11251,0,5.53728557461559%
11252,0,5.536793458940633%
11253,0,5.536301430729583%
11254,0,5.535809489959126%
11255,0,5.535317636605953%
11256,0,5.534825870646766%
11257,0,5.5343341920582745%
11258,0,5.533842600817197%
11259,0,5.533351096900257%
11260,1,5.541740674955594%
11261,1,5.550128762987301%
11262,1,5.558515361392293%
11263,0,5.558021841427683%
11264,0,5.557528409090909%
11265,0,5.557035064358633%
11266,0,5.556541807207527%
11267,0,5.556048637614272%
11268,1,5.564430244941427%
11269,0,5.563936462862721%
11270,0,5.563442768411712%
11271,0,5.562949161565078%
11272,0,5.562455642299503%
11273,0,5.561962210591679%
11274,0,5.561468866418308%
11275,0,5.560975609756098%
11276,0,5.560482440581767%
11277,0,5.55998935887204%
11278,0,5.559496364603653%
11279,0,5.559003457753347%
11280,0,5.558510638297872%
11281,0,5.558017906213989%
11282,0,5.557525261478461%
11283,0,5.557032704068067%
11284,0,5.556540233959589%
11285,0,5.556047851129818%
11286,0,5.555555555555555%
11287,0,5.555063347213609%
11288,0,5.554571226080793%
11289,0,5.554079192133936%
11290,0,5.553587245349867%
11291,0,5.553095385705429%
11292,0,5.552603613177471%
11293,0,5.55211192774285%
11294,0,5.551620329378431%
11295,0,5.551128818061089%
11296,0,5.550637393767706%
11297,0,5.550146056475171%
11298,0,5.549654806160382%
11299,0,5.549163642800248%
11300,0,5.548672566371681%
11301,0,5.548181576851606%
11302,0,5.547690674216953%
11303,0,5.54719985844466%
11304,0,5.546709129511678%
11305,0,5.546218487394958%
11306,0,5.5457279320714665%
11307,0,5.545237463518174%
11308,0,5.544747081712062%
11309,0,5.544256786630117%
11310,0,5.543766578249336%
11311,0,5.5432764565467245%
11312,0,5.542786421499293%
11313,0,5.542296473084063%
11314,0,5.541806611278063%
11315,0,5.54131683605833%
11316,0,5.540827147401909%
11317,0,5.540337545285853%
11318,0,5.539848029687224%
11319,0,5.539358600583091%
11320,0,5.53886925795053%
11321,0,5.538380001766628%
11322,0,5.537890832008479%
11323,0,5.537401748653184%
11324,0,5.5369127516778525%
11325,0,5.5364238410596025%
11326,0,5.535935016775561%
11327,0,5.53544627880286%
11328,0,5.534957627118644%
11329,0,5.534469061700062%
11330,0,5.533980582524272%
11331,0,5.533492189568441%
11332,0,5.5330038828097425%
11333,0,5.53251566222536%
11334,0,5.532027527792483%
11335,0,5.531539479488311%
11336,0,5.53105151729005%
11337,0,5.530563641174914%
11338,0,5.5300758511201265%
11339,0,5.52958814710292%
11340,0,5.529100529100529%
11341,0,5.528612997090203%
11342,0,5.528125551049198%
11343,0,5.527638190954774%
11344,1,5.535966149506347%
11345,0,5.535478184222124%
11346,1,5.543803983782831%
11347,1,5.552128315854411%
11348,1,5.560451180824815%
11349,0,5.559961230064323%
11350,0,5.559471365638767%
11351,0,5.558981587525328%
11352,0,5.558491895701198%
11353,0,5.558002290143574%
11354,0,5.557512770829664%
11355,0,5.5570233377366804%
11356,0,5.556533990841846%
11357,0,5.556044730122391%
11358,0,5.555555555555555%
11359,0,5.555066467118584%
11360,0,5.554577464788733%
11361,0,5.5540885485432625%
11362,0,5.553599718359443%
11363,0,5.553110974214556%
11364,0,5.552622316085885%
11365,0,5.552133743950726%
11366,0,5.55164525778638%
11367,0,5.5511568575701595%
11368,0,5.5506685432793805%
11369,0,5.550180314891371%
11370,0,5.549692172383465%
11371,0,5.549204115733005%
11372,0,5.548716144917341%
11373,0,5.548228259913831%
11374,0,5.547740460699842%
11375,0,5.547252747252747%
11376,0,5.54676511954993%
11377,0,5.546277577568779%
11378,0,5.545790121286694%
11379,0,5.545302750681079%
11380,0,5.54481546572935%
11381,0,5.544328266408927%
11382,0,5.543841152697241%
11383,0,5.54335412457173%
11384,0,5.5428671820098385%
11385,0,5.54238032498902%
11386,0,5.541893553486738%
11387,0,5.54140686748046%
11388,0,5.540920266947665%
11389,0,5.5404337518658355%
11390,0,5.539947322212467%
11391,0,5.53946097796506%
11392,0,5.538974719101124%
11393,0,5.538488545598174%
11394,0,5.538002457433737%
11395,0,5.537516454585345%
11396,0,5.537030537030537%
11397,0,5.536544704746863%
11398,0,5.536058957711879%
11399,0,5.535573295903149%
11400,0,5.535087719298246%
11401,0,5.534602227874748%
11402,0,5.534116821610244%
11403,0,5.533631500482329%
11404,0,5.533146264468607%
11405,0,5.53266111354669%
11406,0,5.532176047694196%
11407,0,5.531691066888753%
11408,0,5.5312061711079945%
11409,0,5.530721360329564%
11410,0,5.530236634531113%
11411,0,5.529751993690299%
11412,0,5.529267437784788%
11413,0,5.528782966792255%
11414,0,5.52829858069038%
11415,0,5.527814279456855%
11416,0,5.5273300630693765%
11417,0,5.526845931505649%
11418,0,5.5263618847433875%
11419,0,5.525877922760312%
11420,0,5.525394045534151%
11421,0,5.52491025304264%
11422,0,5.524426545263526%
11423,0,5.52394292217456%
11424,0,5.523459383753501%
11425,0,5.522975929978118%
11426,1,5.531244530019254%
11427,1,5.539511682856393%
11428,1,5.547777388869443%
11429,0,5.547291976550879%
11430,0,5.546806649168854%
11431,0,5.546321406701076%
11432,0,5.545836249125262%
11433,0,5.545351176419137%
11434,0,5.544866188560434%
11435,0,5.5443812855268915%
11436,0,5.543896467296258%
11437,0,5.5434117338462885%
11438,0,5.542927085154748%
11439,0,5.542442521199406%
11440,0,5.5419580419580425%
11441,0,5.541473647408443%
11442,0,5.540989337528404%
11443,0,5.540505112295727%
11444,0,5.540020971688222%
11445,0,5.539536915683705%
11446,0,5.539052944260003%
11447,0,5.538569057394951%
11448,0,5.538085255066387%
11449,0,5.537601537252161%
11450,0,5.537117903930131%
11451,0,5.536634355078159%
11452,0,5.536150890674118%
11453,0,5.5356675106958875%
11454,0,5.535184215121355%
11455,0,5.534701003928415%
11456,0,5.534217877094972%
11457,0,5.533734834598935%
11458,0,5.533251876418223%
11459,0,5.532769002530761%
11460,0,5.532286212914485%
11461,0,5.531803507547335%
11462,0,5.531320886407259%
11463,0,5.530838349472215%
11464,0,5.530355896720168%
11465,0,5.529873528129089%
11466,0,5.529391243676958%
11467,0,5.528909043341764%
11468,0,5.5284269271015%
11469,0,5.52794489493417%
11470,0,5.527462946817786%
11471,0,5.526981082730364%
11472,0,5.52649930264993%
11473,0,5.52601760655452%
11474,0,5.525535994422172%
11475,0,5.525054466230936%
11476,0,5.5245730219588705%
11477,0,5.524091661584038%
11478,0,5.52361038508451%
11479,0,5.523129192438366%
11480,0,5.522648083623693%
11481,0,5.522167058618587%
11482,0,5.52168611740115%
11483,0,5.5212052599494905%
11484,0,5.520724486241728%
11485,0,5.520243796255986%
11486,1,5.5284694410586805%
11487,1,5.536693653695482%
11488,0,5.536211699164345%
11489,0,5.535729828531639%
11490,0,5.535248041775457%
11491,0,5.534766338873901%
11492,0,5.534284719805082%
11493,0,5.533803184547115%
11494,0,5.533321733078127%
11495,0,5.53284036537625%
11496,0,5.532359081419624%
11497,0,5.5318778811863965%
11498,0,5.531396764654723%
11499,0,5.530915731802766%
11500,0,5.530434782608696%
11501,0,5.529953917050691%
11502,0,5.529473135106938%
11503,0,5.528992436755629%
11504,0,5.528511821974965%
11505,0,5.528031290743155%
11506,0,5.527550843038415%
11507,0,5.527070478838968%
11508,0,5.526590198123045%
11509,0,5.526110000868885%
11510,0,5.525629887054735%
11511,0,5.525149856658848%
11512,0,5.524669909659486%
11513,0,5.524190046034917%
11514,0,5.523710265763419%
11515,0,5.523230568823274%
11516,0,5.522750955192776%
11517,0,5.522271424850221%
11518,0,5.521791977773919%
11519,0,5.521312613942182%
11520,0,5.520833333333333%
11521,0,5.520354135925701%
11522,0,5.519875021697622%
11523,0,5.519395990627441%
11524,0,5.518917042693509%
11525,0,5.518438177874187%
11526,0,5.517959396147839%
11527,0,5.517480697492843%
11528,0,5.517002081887578%
11529,0,5.516523549310435%
11530,0,5.516045099739809%
11531,0,5.515566733154106%
11532,0,5.515088449531738%
11533,0,5.514610248851123%
11534,0,5.514132131090689%
11535,0,5.513654096228868%
11536,0,5.513176144244106%
11537,0,5.512698275114849%
11538,0,5.512220488819553%
11539,0,5.5117427853366845%
11540,0,5.511265164644714%
11541,0,5.510787626722121%
11542,0,5.510310171547393%
11543,1,5.518496058217101%
11544,0,5.518018018018018%
11545,0,5.517540060632308%
11546,0,5.517062186038455%
11547,0,5.516584394214948%
11548,0,5.516106685140284%
11549,0,5.515629058792968%
11550,0,5.515151515151516%
11551,0,5.514674054194442%
11552,0,5.514196675900277%
11553,0,5.513719380247554%
11554,0,5.513242167214817%
11555,0,5.512765036780615%
11556,0,5.512287988923504%
11557,0,5.511811023622047%
11558,0,5.511334140854819%
11559,0,5.510857340600398%
11560,0,5.51038062283737%
11561,0,5.50990398754433%
11562,0,5.509427434699879%
11563,0,5.508950964282626%
11564,0,5.508474576271186%
11565,0,5.507998270644185%
11566,0,5.507522047380252%
11567,0,5.5070459064580275%
11568,0,5.506569847856155%
11569,0,5.506093871553289%
11570,0,5.50561797752809%
11571,0,5.505142165759225%
11572,0,5.504666436225372%
11573,0,5.50419078890521%
11574,0,5.503715223777432%
11575,0,5.503239740820734%
11576,0,5.5027643400138215%
11577,0,5.5022890213354065%
11578,1,5.51045085506996%
11579,1,5.518611279039641%
11580,1,5.526770293609672%
11581,0,5.526293066229168%
11582,0,5.525815921257124%
11583,0,5.5253388586721925%
11584,0,5.524861878453039%
11585,0,5.5243849805783345%
11586,0,5.523908165026756%
11587,0,5.5234314317769915%
11588,0,5.522954780807733%
11589,0,5.522478212097679%
11590,0,5.52200172562554%
11591,0,5.521525321370029%
11592,0,5.521048999309869%
11593,0,5.52057275942379%
11594,0,5.520096601690529%
11595,0,5.519620526088832%
11596,0,5.519144532597448%
11597,0,5.518668621195136%
11598,0,5.518192791860665%
11599,0,5.517717044572808%
11600,0,5.517241379310345%
11601,1,5.525385742608395%
11602,0,5.5249094983623515%
11603,1,5.533051796949065%
11604,1,5.5411926921751125%
11605,1,5.549332184403275%
11606,0,5.548854041013269%
11607,0,5.548375980012062%
11608,1,5.556512749827705%
11609,1,5.564648117839607%
11610,1,5.572782084409991%
11611,0,5.572302127293084%
11612,0,5.571822252841888%
11613,0,5.571342461035047%
11614,0,5.570862751851214%
11615,0,5.570383125269049%
11616,0,5.5699035812672175%
11617,0,5.5694241198243954%
11618,0,5.568944740919264%
11619,0,5.568465444530511%
11620,0,5.567986230636833%
11621,0,5.567507099216935%
11622,0,5.567028050249527%
11623,0,5.566549083713327%
11624,0,5.566070199587061%
11625,0,5.565591397849463%
11626,0,5.56511267847927%
11627,0,5.564634041455233%
11628,0,5.564155486756106%
11629,0,5.563677014360651%
11630,0,5.563198624247636%
11631,0,5.562720316395839%
11632,0,5.562242090784044%
11633,0,5.561763947391043%
11634,0,5.561285886195633%
11635,0,5.560807907176622%
11636,0,5.560330010312822%
11637,0,5.559852195583054%
11638,0,5.5593744629661455%
11639,0,5.558896812440931%
11640,0,5.558419243986254%
11641,0,5.557941757580964%
11642,0,5.557464353203917%
11643,0,5.5569870308339775%
11644,0,5.556509790450017%
11645,0,5.556032632030915%
11646,0,5.555555555555555%
11647,0,5.5550785610028335%
11648,0,5.554601648351648%
11649,0,5.554124817580909%
11650,0,5.553648068669528%
11651,0,5.55317140159643%
11652,0,5.5526948163405425%
11653,0,5.552218312880803%
11654,0,5.551741891196156%
11655,0,5.551265551265551%
11656,0,5.5507892930679485%
11657,1,5.558891653083984%
11658,1,5.56699262309144%
11659,0,5.566515138519599%
11660,0,5.566037735849057%
11661,0,5.5655604150587425%
11662,0,5.565083176127594%
11663,0,5.564606019034554%
11664,0,5.564128943758574%
11665,0,5.5636519502786115%
11666,0,5.5631750385736325%
11667,0,5.562698208622611%
11668,0,5.562221460404525%
11669,0,5.561744793898363%
11670,0,5.561268209083119%
11671,0,5.5607917059377945%
11672,0,5.560315284441398%
11673,0,5.559838944572946%
11674,0,5.559362686311461%
11675,0,5.558886509635974%
11676,0,5.558410414525523%
11677,0,5.557934400959151%
11678,0,5.55745846891591%
11679,0,5.556982618374861%
11680,0,5.556506849315069%
11681,0,5.556031161715606%
11682,0,5.555555555555555%
11683,0,5.555080030814003%
11684,0,5.5546045874700445%
11685,0,5.554129225502781%
11686,0,5.553653944891323%
11687,0,5.553178745614786%
11688,0,5.552703627652293%
11689,0,5.552228590982976%
11690,0,5.551753635585971%
11691,0,5.551278761440424%
11692,0,5.5508039685254875%
11693,0,5.550329256820319%
11694,0,5.5498546263040875%
11695,0,5.5493800769559645%
11696,0,5.54890560875513%
11697,0,5.548431221680772%
11698,0,5.547956915712088%
11699,0,5.547482690828276%
11700,0,5.547008547008547%
11701,0,5.546534484232117%
11702,0,5.546060502478209%
11703,0,5.545586601726053%
11704,0,5.545112781954887%
11705,0,5.544639043143955%
11706,0,5.54416538527251%
11707,0,5.543691808319809%
11708,0,5.543218312265117%
11709,0,5.542744897087711%
11710,0,5.5422715627668655%
11711,0,5.541798309281871%
11712,0,5.541325136612022%
11713,0,5.540852044736617%
11714,0,5.5403790336349665%
11715,0,5.539906103286385%
11716,0,5.539433253670194%
11717,0,5.538960484765725%
11718,0,5.538487796552313%
11719,0,5.538015189009301%
11720,0,5.53754266211604%
11721,0,5.53707021585189%
11722,0,5.5365978501962125%
11723,0,5.53612556512838%
11724,0,5.535653360627772%
11725,0,5.535181236673774%
11726,0,5.534709193245779%
11727,0,5.5342372303231855%
11728,0,5.533765347885403%
11729,0,5.533293545911842%
11730,0,5.5328218243819265%
11731,0,5.532350183275083%
11732,0,5.531878622570747%
11733,0,5.5314071422483595%
11734,0,5.53093574228737%
11735,0,5.530464422667235%
11736,0,5.5299931833674165%
11737,0,5.5295220243673855%
11738,0,5.529050945646618%
11739,0,5.528579947184598%
11740,0,5.5281090289608175%
11741,0,5.527638190954774%
11742,0,5.527167433145972%
11743,0,5.526696755513924%
11744,0,5.526226158038147%
11745,0,5.525755640698169%
11746,0,5.525285203473523%
11747,0,5.524814846343747%
11748,0,5.52434456928839%
11749,0,5.523874372287003%
11750,0,5.523404255319149%
11751,0,5.522934218364394%
11752,0,5.522464261402314%
11753,0,5.521994384412491%
11754,0,5.521524587374511%
11755,0,5.521054870267971%
11756,0,5.520585233072474%
11757,0,5.520115675767627%
11758,0,5.519646198333049%
11759,0,5.519176800748363%
11760,0,5.5187074829931975%
11761,0,5.51823824504719%
11762,0,5.517769086889985%
11763,0,5.517300008501232%
11764,0,5.516831009860591%
11765,0,5.516362090947726%
11766,0,5.515893251742308%
11767,0,5.5154244922240165%
11768,0,5.514955812372536%
11769,0,5.514487212167559%
11770,0,5.514018691588785%
11771,0,5.51355025061592%
11772,0,5.513081889228679%
11773,0,5.512613607406778%
11774,0,5.512145405129947%
11775,0,5.511677282377919%
11776,0,5.511209239130435%
11777,0,5.510741275367241%
11778,0,5.510273391068092%
11779,0,5.509805586212751%
11780,0,5.509337860780985%
11781,0,5.508870214752568%
11782,0,5.508402648107282%
11783,0,5.507935160824918%
11784,0,5.507467752885268%
11785,0,5.507000424268138%
11786,0,5.506533174953335%
11787,0,5.506066004920675%
11788,0,5.505598914149983%
11789,0,5.505131902621088%
11790,0,5.504664970313825%
11791,0,5.50419811720804%
11792,0,5.503731343283582%
11793,0,5.503264648520308%
11794,0,5.502798032898084%
11795,0,5.502331496396779%
11796,0,5.50186503899627%
11797,0,5.501398660676443%
11798,0,5.500932361417189%
11799,0,5.500466141198407%
11800,0,5.5%
11801,0,5.499533937801882%
11802,0,5.4990679545839685%
11803,0,5.498602050326188%
11804,0,5.498136225008472%
11805,0,5.497670478610758%
11806,0,5.497204811112994%
11807,0,5.49673922249513%
11808,0,5.4962737127371275%
11809,0,5.4958082818189515%
11810,0,5.495342929720576%
11811,0,5.49487765642198%
11812,0,5.49441246190315%
11813,0,5.493947346144078%
11814,0,5.493482309124767%
11815,1,5.50148116800677%
11816,1,5.509478672985782%
11817,1,5.517474824405517%
11818,1,5.525469622609578%
11819,1,5.53346306794145%
11820,1,5.541455160744501%
11821,1,5.549445901361983%
11822,1,5.5574352901370325%
11823,0,5.556965237249429%
11824,0,5.556495263870095%
11825,0,5.556025369978858%
11826,0,5.555555555555555%
11827,0,5.555085820580029%
11828,0,5.554616165032127%
11829,0,5.554146588891707%
11830,0,5.5536770921386305%
11831,0,5.553207674752768%
11832,0,5.552738336713996%
11833,0,5.552269078002197%
11834,0,5.551799898597262%
11835,0,5.551330798479087%
11836,0,5.550861777627577%
11837,0,5.550392836022641%
11838,0,5.549923973644197%
11839,0,5.549455190472168%
11840,0,5.548986486486487%
11841,0,5.548517861667089%
11842,0,5.54804931599392%
11843,0,5.5475808494469305%
11844,0,5.547112462006079%
11845,0,5.54664415365133%
11846,0,5.546175924362654%
11847,0,5.5457077741200305%
11848,0,5.5452397029034435%
11849,0,5.544771710692886%
11850,0,5.544303797468355%
11851,0,5.543835963209856%
11852,0,5.543368207897402%
11853,0,5.54290053151101%
11854,0,5.542432934030707%
11855,0,5.5419654154365245%
11856,0,5.541497975708502%
11857,0,5.541030614826685%
11858,0,5.540563332771125%
11859,0,5.540096129521882%
11860,0,5.539629005059022%
11861,0,5.539161959362617%
11862,0,5.538694992412747%
11863,0,5.538228104189496%
11864,0,5.53776129467296%
11865,0,5.537294563843236%
11866,0,5.536827911680431%
11867,0,5.536361338164658%
11868,0,5.535894843276036%
11869,0,5.5354284269946925%
11870,0,5.534962089300758%
11871,0,5.534495830174375%
11872,0,5.534029649595687%
11873,0,5.5335635475448495%
11874,0,5.533097524002021%
11875,0,5.532631578947369%
11876,0,5.532165712361064%
11877,0,5.531699924223289%
11878,0,5.531234214514228%
11879,0,5.530768583214075%
11880,0,5.53030303030303%
11881,0,5.5298375557613%
11882,0,5.529372159569096%
11883,0,5.52890684170664%
11884,0,5.528441602154157%
11885,0,5.52797644089188%
11886,0,5.5275113579000505%
11887,0,5.527046353158913%
11888,0,5.526581426648721%
11889,0,5.526116578349735%
11890,0,5.525651808242221%
11891,0,5.52518711630645%
11892,0,5.524722502522705%
11893,0,5.524257966871269%
11894,0,5.523793509332436%
11895,0,5.523329129886507%
11896,0,5.522864828513787%
11897,0,5.522400605194587%
11898,0,5.521936459909228%
11899,0,5.521472392638037%
11900,0,5.5210084033613445%
11901,0,5.52054449205949%
11902,0,5.520080658712821%
11903,0,5.519616903301689%
11904,1,5.52755376344086%
11905,1,5.535489290214195%
11906,1,5.543423483957668%
11907,0,5.542957923910305%
11908,0,5.542492442055761%
11909,0,5.542027038374338%
11910,0,5.541561712846348%
11911,0,5.541096465452103%
11912,0,5.540631296171927%
11913,0,5.540166204986149%
11914,0,5.539701191875105%
11915,0,5.539236256819136%
11916,0,5.53877139979859%
11917,0,5.538306620793824%
11918,0,5.537841919785199%
11919,0,5.537377296753084%
11920,0,5.5369127516778525%
11921,0,5.536448284539888%
11922,0,5.5359838953195775%
11923,0,5.535519583997316%
11924,0,5.535055350553505%
11925,0,5.534591194968554%
11926,0,5.534127117222874%
11927,0,5.533663117296889%
11928,0,5.533199195171027%
11929,0,5.532735350825719%
11930,0,5.532271584241409%
11931,0,5.531807895398542%
11932,0,5.531344284277573%
11933,0,5.530880750858962%
11934,0,5.530417295123177%
11935,0,5.529953917050691%
11936,0,5.529490616621984%
11937,0,5.529027393817542%
11938,0,5.528564248617859%
11939,0,5.528101181003434%
11940,0,5.527638190954774%
11941,0,5.5271752784523915%
11942,0,5.5267124434768045%
11943,0,5.526249686008541%
11944,0,5.525787006028131%
11945,0,5.525324403516116%
11946,0,5.524861878453039%
11947,0,5.524399430819452%
11948,0,5.523937060595915%
11949,0,5.523474767762993%
11950,0,5.523012552301256%
11951,0,5.522550414191281%
11952,0,5.522088353413655%
11953,0,5.521626369948967%
11954,0,5.521164463777815%
11955,0,5.520702634880803%
11956,0,5.520240883238541%
11957,0,5.519779208831647%
11958,0,5.5193176116407425%
11959,0,5.518856091646459%
11960,0,5.518394648829431%
11961,0,5.517933283170303%
11962,0,5.517471994649724%
11963,0,5.517010783248349%
11964,0,5.516549648946841%
11965,0,5.516088591725867%
11966,0,5.515627611566104%
11967,0,5.515166708448232%
11968,0,5.514705882352941%
11969,0,5.514245133260924%
11970,0,5.513784461152882%
11971,0,5.513323866009523%
11972,0,5.51286334781156%
11973,0,5.512402906539714%
11974,0,5.511942542174712%
11975,0,5.5114822546972855%
11976,0,5.511022044088176%
11977,0,5.5105619103281285%
11978,0,5.510101853397896%
11979,0,5.5096418732782375%
11980,0,5.509181969949917%
11981,0,5.508722143393706%
11982,0,5.508262393590386%
11983,0,5.507802720520738%
11984,0,5.507343124165554%
11985,0,5.506883604505632%
11986,0,5.5064241615217755%
11987,0,5.505964795194794%
11988,0,5.505505505505505%
11989,0,5.505046292434732%
11990,0,5.5045871559633035%
11991,0,5.504128096072054%
11992,0,5.503669112741828%
11993,0,5.503210205953473%
11994,0,5.502751375687844%
11995,0,5.502292621925802%
11996,0,5.501833944648216%
11997,0,5.501375343835959%
11998,0,5.500916819469912%
11999,0,5.500458371530961%
12000,0,5.5%
12001,0,5.499541704857928%
12002,0,5.499083486085652%
12003,0,5.498625343664084%
12004,0,5.498167277574142%
12005,0,5.497709287796751%
12006,0,5.497251374312843%
12007,0,5.496793537103356%
12008,0,5.496335776149234%
12009,0,5.495878091431426%
12010,0,5.495420482930891%
12011,0,5.49496295062859%
12012,0,5.4945054945054945%
12013,0,5.494048114542579%
12014,0,5.493590810720826%
12015,0,5.493133583021224%
12016,0,5.492676431424767%
12017,0,5.492219355912457%
12018,0,5.491762356465301%
12019,0,5.491305433064315%
12020,0,5.490848585690515%
12021,0,5.490391814324931%
12022,0,5.489935118948594%
12023,0,5.489478499542543%
12024,0,5.489021956087824%
12025,0,5.488565488565489%
12026,0,5.488109096956594%
12027,0,5.487652781242205%
12028,0,5.487196541403392%
12029,0,5.486740377421232%
12030,0,5.486284289276807%
12031,0,5.485828276951209%
12032,0,5.485372340425531%
12033,0,5.484916479680877%
12034,0,5.484460694698354%
12035,0,5.4840049854590776%
12036,0,5.483549351944168%
12037,0,5.483093794134751%
12038,0,5.482638312011963%
12039,0,5.4821829055569395%
12040,0,5.48172757475083%
12041,0,5.481272319574786%
12042,0,5.4808171400099654%
12043,0,5.4803620360375325%
12044,0,5.4799070076386585%
12045,0,5.47945205479452%
12046,0,5.478997177486303%
12047,0,5.478542375695194%
12048,0,5.47808764940239%
12049,0,5.477632998589095%
12050,0,5.477178423236515%
12051,0,5.476723923325865%
12052,0,5.476269498838367%
12053,0,5.475815149755247%
12054,0,5.47536087605774%
12055,0,5.474906677727084%
12056,0,5.474452554744526%
12057,0,5.473998507091316%
12058,0,5.473544534748714%
12059,0,5.473090637697984%
12060,0,5.472636815920398%
12061,0,5.472183069397231%
12062,0,5.471729398109766%
12063,0,5.471275802039294%
12064,0,5.470822281167108%
12065,0,5.470368835474513%
12066,0,5.469915464942814%
12067,0,5.469462169553328%
12068,0,5.469008949287372%
12069,0,5.468555804126273%
12070,0,5.468102734051367%
12071,0,5.46764973904399%
12072,0,5.467196819085487%
12073,0,5.46674397415721%
12074,0,5.466291204240517%
12075,0,5.46583850931677%
12076,0,5.46538588936734%
12077,0,5.464933344373603%
12078,0,5.46448087431694%
12079,0,5.46402847917874%
12080,0,5.4635761589403975%
12081,0,5.4631239135833125%
12082,0,5.462671743088893%
12083,0,5.46221964743855%
12084,0,5.461767626613704%
12085,0,5.46131568059578%
12086,0,5.4608638093662085%
12087,0,5.460412012906429%
12088,0,5.459960291197882%
12089,0,5.45950864422202%
12090,0,5.459057071960298%
12091,0,5.458605574394178%
12092,0,5.458154151505128%
12093,0,5.457702803274621%
12094,0,5.45725152968414%
12095,0,5.456800330715172%
12096,0,5.4563492063492065%
12097,0,5.455898156567744%
12098,1,5.463713010414945%
12099,1,5.471526572444003%
12100,1,5.479338842975206%
12101,1,5.487149822328733%
12102,0,5.486696413815898%
12103,1,5.4945054945054945%
12104,1,5.502313284864507%
12105,1,5.510119785212722%
12106,0,5.509664629109532%
12107,1,5.517469232675311%
12108,0,5.517013544763792%
12109,0,5.516557932116608%
12110,0,5.516102394715112%
12111,0,5.515646932540665%
12112,0,5.515191545574637%
12113,0,5.5147362337983985%
12114,0,5.51428099719333%
12115,0,5.513825835740818%
12116,0,5.5133707494222515%
12117,0,5.512915738219031%
12118,0,5.51246080211256%
12119,0,5.512005941084248%
12120,0,5.511551155115511%
12121,0,5.511096444187773%
12122,0,5.510641808282462%
12123,0,5.510187247381011%
12124,0,5.509732761464863%
12125,0,5.509278350515464%
12126,0,5.508824014514267%
12127,0,5.5083697534427305%
12128,0,5.507915567282322%
12129,0,5.507461456014511%
12130,0,5.507007419620775%
12131,0,5.506553458082599%
12132,0,5.50609957138147%
12133,0,5.505645759498887%
12134,0,5.505192022416351%
12135,0,5.504738360115368%
12136,0,5.5042847725774555%
12137,0,5.503831259784131%
12138,0,5.503377821716922%
12139,0,5.50292445835736%
12140,0,5.502471169686985%
12141,0,5.50201795568734%
12142,0,5.501564816339977%
12143,0,5.501111751626452%
12144,0,5.500658761528326%
12145,0,5.500205846027171%
12146,0,5.499753005104561%
12147,0,5.499300238742076%
12148,0,5.498847546921304%
12149,0,5.498394929623837%
12150,0,5.497942386831276%
12151,0,5.497489918525225%
12152,1,5.5052666227781435%
12153,0,5.504813626265119%
12154,1,5.512588448247491%
12155,0,5.512134923899629%
12156,1,5.519907864429088%
12157,1,5.527679526198898%
12158,0,5.527224872511926%
12159,0,5.526770293609672%
12160,1,5.534539473684211%
12161,0,5.534084368061837%
12162,1,5.541851669133367%
12163,0,5.541396037161885%
12164,1,5.5491614600460375%
12165,1,5.5569256062474315%
12166,1,5.564688476080882%
12167,1,5.5724500698611%
12168,1,5.580210387902696%
12169,1,5.587969430520174%
12170,1,5.595727198027937%
12171,0,5.59526743899433%
12172,1,5.603023332237924%
12173,1,5.610777951203483%
12174,1,5.618531296205028%
12175,0,5.618069815195072%
12176,0,5.617608409986859%
12177,0,5.617147080561715%
12178,1,5.624897355887666%
12179,1,5.6326463584859185%
12180,0,5.632183908045977%
12181,0,5.631721533535834%
12182,0,5.631259234936792%
12183,0,5.630797012230157%
12184,0,5.630334865397242%
12185,0,5.629872794419368%
12186,0,5.62941079927786%
12187,0,5.6289488799540495%
12188,0,5.628487036429275%
12189,0,5.62802526868488%
12190,0,5.627563576702215%
12191,0,5.627101960462636%
12192,1,5.634842519685039%
12193,1,5.642581809234807%
12194,1,5.6503198294243075%
12195,1,5.658056580565805%
12196,1,5.665792062971466%
12197,1,5.673526276953349%
12198,1,5.681259222823414%
12199,1,5.688990900893516%
12200,1,5.69672131147541%
12201,0,5.696254405376608%
12202,0,5.695787575807245%
12203,1,5.703515528968286%
12204,1,5.711242215666994%
12205,1,5.718967636214666%
12206,1,5.726691790922497%
12207,1,5.7344146801015805%
12208,0,5.73394495412844%
12209,0,5.733475305102793%
12210,0,5.733005733005733%
12211,0,5.732536237818361%
12212,0,5.732066819521782%
12213,0,5.73159747809711%
12214,0,5.731128213525462%
12215,0,5.730659025787966%
12216,0,5.73018991486575%
12217,0,5.7297208807399524%
12218,0,5.729251923391717%
12219,0,5.728783042802194%
12220,0,5.728314238952537%
12221,0,5.72784551182391%
12222,0,5.72737686139748%
12223,0,5.726908287654422%
12224,0,5.726439790575917%
12225,0,5.725971370143149%
12226,0,5.725503026337314%
12227,0,5.725034759139609%
12228,0,5.72456656853124%
12229,0,5.724098454493418%
12230,0,5.723630417007359%
12231,0,5.723162456054289%
12232,0,5.722694571615436%
12233,0,5.722226763672034%
12234,0,5.7217590322053296%
12235,0,5.721291377196567%
12236,0,5.720823798627003%
12237,0,5.720356296477895%
12238,0,5.719888870730512%
12239,0,5.719421521366125%
12240,0,5.718954248366013%
12241,0,5.718487051711461%
12242,0,5.718019931383761%
12243,0,5.717552887364208%
12244,0,5.717085919634107%
12245,0,5.716619028174765%
12246,0,5.7161522129675%
12247,0,5.715685473993632%
12248,0,5.715218811234488%
12249,0,5.714752224671401%
12250,0,5.714285714285714%
12251,0,5.713819280058771%
12252,0,5.713352921971923%
12253,0,5.712886640006529%
12254,0,5.712420434143953%
12255,0,5.711954304365565%
12256,0,5.711488250652741%
12257,0,5.711022272986865%
12258,0,5.710556371349322%
12259,0,5.710090545721511%
12260,0,5.709624796084829%
12261,0,5.709159122420684%
12262,0,5.708693524710488%
12263,0,5.70822800293566%
12264,0,5.707762557077626%
12265,0,5.707297187117815%
12266,0,5.706831893037665%
12267,0,5.70636667481862%
12268,0,5.705901532442126%
12269,0,5.70543646588964%
12270,0,5.704971475142624%
12271,0,5.704506560182544%
12272,0,5.704041720990873%
12273,0,5.7035769575490916%
12274,0,5.703112269838683%
12275,0,5.7026476578411405%
12276,0,5.702183121537961%
12277,0,5.701718660910646%
12278,0,5.701254275940707%
12279,0,5.700789966609658%
12280,0,5.700325732899023%
12281,0,5.699861574790326%
12282,0,5.699397492265104%
12283,0,5.698933485304893%
12284,0,5.698469553891241%
12285,0,5.698005698005698%
12286,0,5.697541917629822%
12287,0,5.697078212745177%
12288,0,5.696614583333334%
12289,0,5.696151029375865%
12290,0,5.695687550854353%
12291,0,5.695224147750387%
12292,0,5.694760820045558%
12293,0,5.694297567721467%
12294,0,5.69383439075972%
12295,0,5.693371289141927%
12296,0,5.692908262849707%
12297,0,5.692445311864682%
12298,0,5.691982436168483%
12299,0,5.691519635742743%
12300,0,5.691056910569105%
12301,0,5.690594260629217%
12302,0,5.690131685904731%
12303,0,5.689669186377307%
12304,0,5.689206762028609%
12305,0,5.688744412840309%
12306,0,5.688282138794084%
12307,0,5.687819939871617%
12308,0,5.687357816054599%
12309,0,5.686895767324722%
12310,0,5.686433793663688%
12311,0,5.685971895053204%
12312,0,5.685510071474983%
12313,0,5.6850483229107445%
12314,0,5.684586649342212%
12315,0,5.684125050751117%
12316,0,5.683663527119195%
12317,0,5.683202078428189%
12318,0,5.682740704659847%
12319,0,5.682279405795925%
12320,0,5.681818181818182%
12321,0,5.681357032708384%
12322,0,5.680895958448303%
12323,0,5.68043495901972%
12324,0,5.679974034404414%
12325,0,5.679513184584178%
12326,0,5.679052409540808%
12327,0,5.6785917092561045%
12328,0,5.678131083711875%
12329,0,5.677670532889934%
12330,0,5.6772100567721%
12331,0,5.676749655340199%
12332,0,5.676289328576063%
12333,0,5.675829076461526%
12334,0,5.675368898978434%
12335,0,5.6749087961086335%
12336,0,5.674448767833982%
12337,0,5.673988814136338%
12338,0,5.673528934997568%
12339,0,5.673069130399546%
12340,0,5.6726094003241485%
12341,0,5.672149744753262%
12342,0,5.671690163668773%
12343,0,5.671230657052581%
12344,0,5.670771224886584%
12345,0,5.6703118671526935%
12346,0,5.669852583832821%
12347,0,5.669393374908885%
12348,0,5.6689342403628125%
12349,0,5.668475180176532%
12350,0,5.668016194331984%
12351,0,5.667557282811108%
12352,0,5.667098445595855%
12353,0,5.666639682668178%
12354,0,5.666180994010038%
12355,0,5.6657223796034%
12356,0,5.665263839430236%
12357,0,5.664805373472525%
12358,0,5.664346981712251%
12359,0,5.663888664131402%
12360,0,5.6634304207119746%
12361,0,5.662972251435968%
12362,0,5.662514156285391%
12363,0,5.6620561352422545%
12364,0,5.661598188288579%
12365,0,5.6611403154063895%
12366,0,5.660682516577713%
12367,0,5.660224791784588%
12368,0,5.6597671410090555%
12369,0,5.659309564233164%
12370,0,5.6588520614389655%
12371,0,5.65839463260852%
12372,0,5.657937277723893%
12373,0,5.6574799967671545%
12374,0,5.657022789720381%
12375,0,5.656565656565657%
12376,0,5.656108597285068%
12377,0,5.655651611860709%
12378,0,5.655194700274681%
12379,0,5.654737862509088%
12380,0,5.654281098546042%
12381,0,5.65382440836766%
12382,0,5.653367791956065%
12383,0,5.652911249293386%
12384,0,5.652454780361757%
12385,0,5.651998385143318%
12386,0,5.651542063620217%
12387,0,5.651085815774602%
12388,0,5.650629641588634%
12389,0,5.6501735410444756%
12390,0,5.649717514124294%
12391,0,5.649261560810266%
12392,0,5.64880568108457%
12393,0,5.648349874929395%
12394,0,5.647894142326932%
12395,0,5.6474384832593785%
12396,0,5.646982897708938%
12397,0,5.646527385657821%
12398,0,5.64607194708824%
12399,0,5.645616581982417%
12400,0,5.64516129032258%
12401,0,5.64470607209096%
12402,0,5.644250927269795%
12403,0,5.643795855841328%
12404,0,5.643340857787811%
12405,0,5.642885933091495%
12406,0,5.642431081734644%
12407,0,5.641976303699525%
12408,0,5.641521598968407%
12409,0,5.641066967523572%
12410,0,5.640612409347301%
12411,0,5.640157924421884%
12412,0,5.639703512729617%
12413,0,5.639249174252799%
12414,0,5.638794908973739%
12415,0,5.638340716874748%
12416,0,5.637886597938144%
12417,0,5.637432552146251%
12418,0,5.636978579481398%
12419,0,5.6365246799259205%
12420,0,5.636070853462158%
12421,0,5.635617100072458%
12422,0,5.635163419739173%
12423,0,5.634709812444659%
12424,0,5.634256278171281%
12425,0,5.633802816901409%
12426,0,5.633349428617415%
12427,0,5.6328961133016815%
12428,0,5.632442870936595%
12429,0,5.631989701504546%
12430,0,5.631536604987932%
12431,0,5.6310835813691575%
12432,0,5.63063063063063%
12433,0,5.630177752754766%
12434,0,5.629724947723982%
12435,0,5.629272215520708%
12436,0,5.628819556127372%
12437,0,5.628366969526414%
12438,0,5.627914455700274%
12439,0,5.627462014631401%
12440,0,5.627009646302251%
12441,0,5.626557350695282%
12442,0,5.626105127792959%
12443,0,5.625652977577754%
12444,0,5.625200900032144%
12445,0,5.62474889513861%
12446,0,5.62429696287964%
12447,0,5.623845103237728%
12448,0,5.623393316195373%
12449,0,5.6229416017350795%
12450,0,5.622489959839357%
12451,0,5.622038390490724%
12452,0,5.621586893671699%
12453,0,5.621135469364812%
12454,0,5.620684117552593%
12455,0,5.620232838217584%
12456,0,5.619781631342325%
12457,0,5.619330496909368%
12458,0,5.618879434901268%
12459,0,5.6184284453005855%
12460,0,5.617977528089887%
12461,0,5.617526683251746%
12462,0,5.617075910768737%
12463,0,5.616625210623445%
12464,0,5.616174582798459%
12465,0,5.615724027276374%
12466,0,5.615273544039788%
12467,0,5.614823133071308%
12468,0,5.614372794353545%
12469,0,5.613922527869115%
12470,0,5.613472333600641%
12471,0,5.613022211530751%
12472,0,5.6125721616420785%
12473,0,5.612122183917261%
12474,0,5.611672278338945%
12475,0,5.61122244488978%
12476,0,5.610772683552421%
12477,0,5.610322994309529%
12478,0,5.609873377143773%
12479,0,5.609423832037823%
12480,0,5.6089743589743595%
12481,0,5.608524957936063%
12482,0,5.608075628905624%
12483,0,5.607626371865737%
12484,0,5.6071771867991025%
12485,0,5.6067280736884255%
12486,0,5.606279032516418%
12487,0,5.605830063265796%
12488,0,5.605381165919283%
12489,0,5.604932340459604%
12490,0,5.604483586869495%
12491,0,5.604034905131694%
12492,0,5.603586295228947%
12493,0,5.603137757144001%
12494,0,5.602689290859613%
12495,0,5.602240896358544%
12496,0,5.60179257362356%
12497,0,5.601344322637433%
12498,0,5.600896143382942%
12499,0,5.600448035842867%
12500,0,5.6000000000000005%
12501,0,5.599552035837133%
12502,0,5.599104143337066%
12503,0,5.598656322482604%
12504,0,5.598208573256558%
12505,0,5.597760895641744%
12506,0,5.597313289620982%
12507,0,5.596865755177101%
12508,0,5.596418292292933%
12509,0,5.595970900951315%
12510,0,5.595523581135091%
12511,0,5.595076332827112%
12512,0,5.59462915601023%
12513,0,5.594182050667306%
12514,0,5.593735016781205%
12515,0,5.593288054334798%
12516,0,5.592841163310962%
12517,0,5.592394343692578%
12518,0,5.591947595462534%
12519,0,5.591500918603722%
12520,0,5.5910543130990416%
12521,0,5.590607778931395%
12522,0,5.590161316083693%
12523,0,5.589714924538849%
12524,0,5.589268604279782%
12525,0,5.588822355289421%
12526,0,5.588376177550694%
12527,0,5.587930071046539%
12528,0,5.587484035759898%
12529,0,5.5870380716737165%
12530,0,5.58659217877095%
12531,0,5.586146357034554%
12532,0,5.585700606447495%
12533,0,5.585254926992739%
12534,0,5.584809318653263%
12535,0,5.584363781412046%
12536,0,5.583918315252074%
12537,0,5.583472920156337%
12538,0,5.583027596107832%
12539,0,5.582582343089561%
12540,0,5.582137161084529%
12541,0,5.581692050075752%
12542,0,5.581247010046245%
12543,0,5.580802040979032%
12544,0,5.580357142857143%
12545,0,5.579912315663611%
12546,0,5.579467559381476%
12547,0,5.579022873993783%
12548,1,5.586547656997131%
12549,1,5.594071240736314%
12550,1,5.601593625498008%
12551,1,5.6091148115688%
12552,1,5.6166347992351815%
12553,1,5.624153588783558%
12554,1,5.631671180500239%
12555,1,5.639187574671445%
12556,1,5.646702771583307%
12557,1,5.6542167715218605%
12558,1,5.6617295747730525%
12559,1,5.66924118162274%
12560,1,5.676751592356688%
12561,1,5.684260807260568%
12562,0,5.683808310778538%
12563,1,5.691315768526626%
12564,0,5.690862782553327%
12565,1,5.6983684838838045%
12566,1,5.705872990609581%
12567,1,5.713376303015835%
12568,1,5.720878421387651%
12569,1,5.7283793460100245%
12570,1,5.73587907716786%
12571,0,5.735422798504494%
12572,1,5.742920776328349%
12573,1,5.750417561441183%
12574,0,5.749960235406395%
12575,0,5.749502982107356%
12576,0,5.749045801526718%
12577,0,5.748588693647134%
12578,0,5.748131658451264%
12579,0,5.747674695921774%
12580,0,5.747217806041335%
12581,0,5.746760988792624%
12582,0,5.746304244158321%
12583,0,5.745847572121115%
12584,0,5.745390972663699%
12585,0,5.744934445768772%
12586,0,5.744477991419037%
12587,0,5.744021609597203%
12588,0,5.7435653002859866%
12589,0,5.743109063468107%
12590,0,5.742652899126291%
12591,0,5.7421968072432685%
12592,0,5.7417407878017785%
12593,0,5.741284840784563%
12594,0,5.7408289661743686%
12595,0,5.74037316395395%
12596,0,5.739917434106066%
12597,0,5.73946177661348%
12598,0,5.739006191458962%
12599,0,5.738550678625288%
12600,0,5.738095238095238%
12601,0,5.737639869851599%
12602,0,5.737184573877163%
12603,0,5.736729350154725%
12604,0,5.73627419866709%
12605,0,5.735819119397065%
12606,0,5.7353641123274635%
12607,0,5.734909177441104%
12608,0,5.734454314720812%
12609,0,5.733999524149417%
12610,0,5.733544805709754%
12611,0,5.733090159384664%
12612,0,5.732635585156993%
12613,0,5.732181083009593%
12614,0,5.731726652925321%
12615,0,5.73127229488704%
12616,0,5.730818008877616%
12617,0,5.730363794879924%
12618,0,5.7299096528768425%
12619,0,5.729455582851256%
12620,0,5.729001584786054%
12621,0,5.728547658664131%
12622,0,5.728093804468388%
12623,0,5.727640022181732%
12624,0,5.727186311787072%
12625,0,5.726732673267327%
12626,0,5.726279106605418%
12627,0,5.725825611784272%
12628,1,5.733291099144758%
12629,1,5.740755404228364%
12630,1,5.748218527315915%
12631,0,5.7477634391576276%
12632,0,5.747308423052565%
12633,0,5.746853478983614%
12634,0,5.746398606933671%
12635,0,5.745943806885635%
12636,0,5.745489078822412%
12637,0,5.745034422726913%
12638,0,5.744579838582054%
12639,0,5.7441253263707575%
12640,0,5.743670886075949%
12641,0,5.743216517680564%
12642,0,5.742762221167537%
12643,0,5.742307996519813%
12644,0,5.7418538437203415%
12645,0,5.741399762752076%
12646,0,5.740945753597976%
12647,0,5.740491816241006%
12648,0,5.740037950664137%
12649,0,5.739584156850344%
12650,0,5.739130434782608%
12651,0,5.738676784443918%
12652,0,5.7382232058172615%
12653,0,5.73776969888564%
12654,0,5.737316263632053%
12655,0,5.73686290003951%
12656,0,5.736409608091024%
12657,0,5.735956387769614%
12658,0,5.735503239058303%
12659,0,5.735050161940122%
12660,0,5.734597156398104%
12661,0,5.734144222415291%
12662,0,5.733691359974728%
12663,0,5.7332385690594645%
12664,0,5.732785849652559%
12665,0,5.73233320173707%
12666,0,5.731880625296068%
12667,0,5.731428120312623%
12668,0,5.730975686769814%
12669,0,5.730523324650722%
12670,0,5.7300710339384375%
12671,0,5.729618814616052%
12672,0,5.729166666666666%
12673,0,5.728714590073385%
12674,0,5.728262584819315%
12675,0,5.727810650887574%
12676,0,5.727358788261281%
12677,0,5.726906996923562%
12678,0,5.726455276857548%
12679,0,5.726003628046375%
12680,0,5.725552050473186%
12681,0,5.725100544121126%
12682,0,5.724649108973348%
12683,0,5.724197745013009%
12684,0,5.723746452223273%
12685,0,5.723295230587308%
12686,0,5.7228440800882865%
12687,0,5.7223930007093875%
12688,0,5.721941992433796%
12689,0,5.7214910552447%
12690,0,5.721040189125295%
12691,0,5.7205893940587815%
12692,1,5.728017648912701%
12693,0,5.727566375167415%
12694,0,5.727115172522452%
12695,1,5.734541157936195%
12696,1,5.741965973534971%
12697,0,5.741513743403954%
12698,0,5.741061584501496%
12699,0,5.740609496810772%
12700,0,5.74015748031496%
12701,0,5.739705534997245%
12702,0,5.739253660840812%
12703,0,5.73880185782886%
12704,0,5.738350125944584%
12705,0,5.737898465171192%
12706,0,5.7374468754918935%
12707,0,5.736995356889904%
12708,0,5.736543909348442%
12709,0,5.736092532850736%
12710,0,5.7356412273800155%
12711,0,5.735189992919518%
12712,0,5.7347388294524855%
12713,0,5.734287736962164%
12714,0,5.733836715431807%
12715,0,5.733385764844671%
12716,0,5.7329348851840205%
12717,0,5.7324840764331215%
12718,0,5.732033338575248%
12719,0,5.731582671593679%
12720,0,5.731132075471698%
12721,0,5.730681550192595%
12722,0,5.730231095739664%
12723,0,5.729780712096204%
12724,0,5.72933039924552%
12725,0,5.728880157170924%
12726,0,5.728429985855729%
12727,0,5.727979885283256%
12728,0,5.727529855436832%
12729,0,5.727079896299788%
12730,0,5.7266300078554595%
12731,0,5.726180190087189%
12732,0,5.725730442978323%
12733,0,5.7252807665122125%
12734,0,5.724831160672216%
12735,0,5.724381625441696%
12736,0,5.72393216080402%
12737,0,5.723482766742561%
12738,0,5.7230334432406975%
12739,0,5.722584190281812%
12740,0,5.722135007849294%
12741,0,5.721685895926536%
12742,0,5.721236854496939%
12743,0,5.720787883543906%
12744,0,5.720338983050848%
12745,0,5.7198901530011765%
12746,0,5.719441393378315%
12747,0,5.718992704165686%
12748,0,5.718544085346721%
12749,0,5.718095536904856%
12750,0,5.7176470588235295%
12751,0,5.717198651086189%
12752,0,5.716750313676286%
12753,0,5.716302046577276%
12754,0,5.71585384977262%
12755,0,5.7154057232457856%
12756,0,5.714957666980244%
12757,0,5.714509680959473%
12758,0,5.714061765166954%
12759,0,5.713613919586175%
12760,0,5.713166144200628%
12761,0,5.712718438993809%
12762,0,5.712270803949225%
12763,0,5.71182323905038%
12764,0,5.711375744280789%
12765,0,5.710928319623972%
12766,0,5.71048096506345%
12767,0,5.710033680582752%
12768,0,5.709586466165414%
12769,0,5.709139321794972%
12770,0,5.708692247454972%
12771,0,5.708245243128964%
12772,0,5.707798308800501%
12773,0,5.707351444453143%
12774,0,5.706904650070456%
12775,0,5.706457925636007%
12776,0,5.7060112711333755%
12777,0,5.705564686546138%
12778,0,5.7051181718578805%
12779,0,5.704671727052195%
12780,0,5.704225352112676%
12781,0,5.703779047022925%
12782,0,5.703332811766547%
12783,0,5.702886646327153%
12784,0,5.702440550688361%
12785,0,5.70199452483379%
12786,0,5.701548568747067%
12787,0,5.7011026824118245%
12788,0,5.700656865811698%
12789,0,5.700211118930331%
12790,0,5.699765441751368%
12791,0,5.699319834258463%
12792,0,5.698874296435272%
12793,0,5.698428828265458%
12794,0,5.6979834297326875%
12795,0,5.697538100820633%
12796,0,5.697092841512973%
12797,0,5.6966476517933895%
12798,0,5.69620253164557%
12799,0,5.6957574810532074%
12800,0,5.6953125%
12801,0,5.694867588469651%
12802,0,5.694422746445868%
12803,0,5.693977973912364%
12804,0,5.693533270852859%
12805,0,5.693088637251074%
12806,0,5.692644073090738%
12807,0,5.692199578355587%
12808,0,5.691755153029357%
12809,0,5.691310797095793%
12810,0,5.690866510538642%
12811,0,5.69042229334166%
12812,0,5.689978145488604%
12813,0,5.68953406696324%
12814,0,5.689090057749337%
12815,0,5.688646117830667%
12816,0,5.688202247191011%
12817,0,5.687758445814153%
12818,0,5.6873147136838815%
12819,0,5.686871050783992%
12820,0,5.686427457098284%
12821,0,5.6859839326105615%
12822,0,5.685540477304633%
12823,0,5.685097091164314%
12824,0,5.684653774173425%
12825,0,5.684210526315789%
12826,0,5.683767347575238%
12827,0,5.683324237935604%
12828,0,5.68288119738073%
12829,0,5.682438225894458%
12830,0,5.681995323460639%
12831,0,5.681552490063129%
12832,0,5.681109725685785%
12833,0,5.680667030312476%
12834,0,5.680224403927069%
12835,0,5.67978184651344%
12836,0,5.679339358055469%
12837,0,5.678896938537041%
12838,0,5.678454587942047%
12839,0,5.678012306254381%
12840,0,5.677570093457944%
12841,0,5.67712794953664%
12842,1,5.684472823547734%
12843,1,5.6918165537646965%
12844,1,5.699159140454687%
12845,1,5.70650058388478%
12846,1,5.713840884321968%
12847,0,5.713396123608624%
12848,1,5.7207347447073476%
12849,0,5.7202895166939065%
12850,0,5.719844357976654%
12851,0,5.719399268539413%
12852,0,5.718954248366013%
12853,0,5.718509297440287%
12854,0,5.718064415746071%
12855,0,5.717619603267211%
12856,0,5.717174859987555%
12857,0,5.716730185890954%
12858,0,5.716285580961269%
12859,0,5.715841045182363%
12860,0,5.715396578538103%
12861,0,5.714952181012363%
12862,0,5.714507852589022%
12863,0,5.7140635932519634%
12864,0,5.713619402985075%
12865,0,5.7131752817722505%
12866,0,5.712731229597388%
12867,0,5.712287246444393%
12868,0,5.711843332297171%
12869,0,5.711399487139638%
12870,0,5.710955710955711%
12871,0,5.710512003729314%
12872,0,5.710068365444376%
12873,0,5.709624796084829%
12874,0,5.709181295634613%
12875,0,5.70873786407767%
12876,0,5.708294501397949%
12877,0,5.707851207579405%
12878,0,5.707407982605995%
12879,0,5.7069648264616815%
12880,0,5.706521739130435%
12881,0,5.706078720596227%
12882,0,5.7056357708430365%
12883,0,5.705192889854847%
12884,0,5.704750077615647%
12885,0,5.70430733410943%
12886,0,5.7038646593201925%
12887,0,5.7034220532319395%
12888,0,5.7029795158286785%
12889,0,5.702537047094421%
12890,0,5.702094647013189%
12891,0,5.701652315569001%
12892,0,5.701210052745889%
12893,0,5.700767858527883%
12894,0,5.700325732899023%
12895,0,5.69988367584335%
12896,0,5.699441687344913%
12897,0,5.698999767387765%
12898,0,5.698557915955963%
12899,0,5.698116133033569%
12900,0,5.6976744186046515%
12901,0,5.697232772653283%
12902,0,5.696791195163541%
12903,0,5.696349686119507%
12904,0,5.69590824550527%
12905,0,5.6954668733049205%
12906,0,5.695025569502557%
12907,0,5.694584334082281%
12908,0,5.6941431670282%
12909,0,5.693702068324425%
12910,0,5.693261037955073%
12911,0,5.692820075904267%
12912,0,5.6923791821561345%
12913,0,5.691938356694804%
12914,0,5.691497599504414%
12915,0,5.691056910569105%
12916,0,5.690616289873026%
12917,0,5.690175737400325%
12918,0,5.68973525313516%
12919,0,5.689294837061691%
12920,0,5.688854489164086%
12921,0,5.688414209426515%
12922,0,5.6879739978331525%
12923,0,5.687533854368181%
12924,0,5.687093779015784%
12925,0,5.686653771760155%
12926,0,5.686213832585486%
12927,0,5.68577396147598%
12928,0,5.685334158415841%
12929,0,5.68489442338928%
12930,0,5.68445475638051%
12931,0,5.684015157373753%
12932,0,5.683575626353232%
12933,0,5.683136163303177%
12934,0,5.682696768207824%
12935,0,5.682257441051411%
12936,0,5.681818181818182%
12937,0,5.681378990492386%
12938,0,5.680939867058278%
12939,0,5.680500811500115%
12940,0,5.6800618238021645%
12941,0,5.67962290394869%
12942,0,5.6791840519239685%
12943,0,5.678745267712277%
12944,0,5.678306551297899%
12945,0,5.677867902665121%
12946,0,5.677429321798239%
12947,0,5.676990808681548%
12948,0,5.676552363299351%
12949,0,5.676113985635956%
12950,0,5.675675675675676%
12951,0,5.675237433402826%
12952,0,5.6747992588017295%
12953,0,5.674361151856712%
12954,0,5.6739231125521075%
12955,0,5.67348514087225%
12956,0,5.673047236801482%
12957,0,5.6726094003241485%
12958,0,5.672171631424602%
12959,0,5.671733930087198%
12960,0,5.671296296296297%
12961,0,5.6708587300362625%
12962,0,5.670421231291467%
12963,0,5.669983800046285%
12964,0,5.669546436285097%
12965,0,5.669109139992287%
12966,0,5.668671911152244%
12967,0,5.668234749749364%
12968,0,5.6677976557680445%
12969,0,5.66736062919269%
12970,0,5.6669236700077095%
12971,0,5.666486778197517%
12972,0,5.666049953746531%
12973,0,5.665613196639174%
12974,0,5.665176506859874%
12975,0,5.664739884393064%
12976,0,5.6643033292231815%
12977,0,5.663866841334669%
12978,0,5.6634304207119746%
12979,0,5.6629940673395485%
12980,0,5.6625577812018495%
12981,0,5.662121562283337%
12982,0,5.66168541056848%
12983,0,5.661249326041747%
12984,0,5.660813308687616%
12985,0,5.660377358490567%
12986,0,5.659941475435084%
12987,0,5.659505659505659%
12988,0,5.659069910686788%
12989,0,5.658634228962969%
12990,0,5.658198614318707%
12991,0,5.657763066738512%
12992,0,5.657327586206897%
12993,0,5.656892172708381%
12994,0,5.6564568262274895%
12995,0,5.656021546748749%
12996,0,5.655586334256695%
12997,0,5.6551511887358625%
12998,0,5.654716110170796%
12999,0,5.654281098546042%
13000,0,5.653846153846153%
13001,0,5.653411276055688%
13002,0,5.652976465159206%
13003,0,5.652541721141275%
13004,0,5.652107043986466%
13005,0,5.651672433679354%
13006,0,5.651237890204521%
13007,0,5.650803413546552%
13008,0,5.650369003690036%
13009,0,5.6499346606195715%
13010,0,5.649500384319754%
13011,0,5.64906617477519%
13012,0,5.648632031970489%
13013,0,5.6481979558902635%
13014,0,5.647763946519134%
13015,0,5.647330003841721%
13016,0,5.6468961278426555%
13017,0,5.646462318506568%
13018,0,5.646028575818098%
13019,0,5.645594899761886%
13020,0,5.64516129032258%
13021,0,5.644727747484833%
13022,0,5.6442942712332975%
13023,0,5.643860861552637%
13024,0,5.643427518427519%
13025,0,5.642994241842611%
13026,0,5.642561031782589%
13027,0,5.6421278882321335%
13028,0,5.641694811175929%
13029,0,5.641261800598665%
13030,0,5.640828856485035%
13031,0,5.640395978819738%
13032,0,5.639963167587477%
13033,0,5.63953042277296%
13034,0,5.639097744360902%
13035,0,5.638665132336018%
13036,0,5.638232586683031%
13037,0,5.637800107386669%
13038,0,5.637367694431662%
13039,0,5.636935347802745%
13040,0,5.636503067484663%
13041,0,5.636070853462158%
13042,0,5.635638705719981%
13043,0,5.635206624242889%
13044,0,5.634774609015639%
13045,0,5.634342660022997%
13046,0,5.633910777249731%
13047,0,5.633478960680616%
13048,0,5.633047210300429%
13049,0,5.632615526093954%
13050,0,5.632183908045977%
13051,0,5.631752356141292%
13052,0,5.631320870364695%
13053,0,5.630889450700988%
13054,0,5.630458097134978%
13055,0,5.630026809651475%
13056,0,5.629595588235294%
13057,0,5.6291644328712565%
13058,0,5.628733343544187%
13059,0,5.628302320238916%
13060,0,5.627871362940275%
13061,0,5.627440471633107%
13062,0,5.627009646302251%
13063,0,5.626578886932557%
13064,0,5.62614819350888%
13065,0,5.625717566016074%
13066,0,5.625287004439002%
13067,0,5.624856508762532%
13068,0,5.624426078971533%
13069,0,5.623995715050883%
13070,0,5.623565416985462%
13071,0,5.623135184760156%
13072,0,5.622705018359853%
13073,0,5.622274917769449%
13074,0,5.621844882973841%
13075,0,5.621414913957936%
13076,0,5.620985010706638%
13077,0,5.620555173204863%
13078,0,5.620125401437528%
13079,0,5.619695695389556%
13080,0,5.6192660550458715%
13081,0,5.6188364803914075%
13082,0,5.6184069714110985%
13083,0,5.617977528089887%
13084,0,5.617548150412718%
13085,0,5.61711883836454%
13086,0,5.6166895919303075%
13087,0,5.61626041109498%
13088,0,5.61583129584352%
13089,0,5.615402246160898%
13090,0,5.614973262032086%
13091,0,5.614544343442059%
13092,0,5.614115490375802%
13093,0,5.6136867028183%
13094,0,5.613257980754544%
13095,0,5.612829324169531%
13096,0,5.612400733048259%
13097,0,5.611972207375735%
13098,0,5.611543747136968%
13099,0,5.611115352316971%
13100,0,5.6106870229007635%
13101,0,5.610258758873369%
13102,0,5.609830560219814%
13103,0,5.609402426925132%
13104,0,5.6089743589743595%
13105,0,5.608546356352537%
13106,0,5.608118419044712%
13107,0,5.6076905470359355%
13108,0,5.607262740311261%
13109,0,5.606834998855748%
13110,0,5.606407322654462%
13111,0,5.6059797116924726%
13112,0,5.60555216595485%
13113,0,5.605124685426676%
13114,0,5.60469727009303%
13115,0,5.604269919939001%
13116,0,5.60384263494968%
13117,0,5.603415415110162%
13118,0,5.602988260405549%
13119,0,5.602561170820946%
13120,0,5.602134146341464%
13121,0,5.601707186952214%
13122,0,5.601280292638317%
13123,0,5.6008534633848965%
13124,0,5.60042669917708%
13125,0,5.6000000000000005%
13126,0,5.599573365838793%
13127,0,5.5991467966786015%
13128,0,5.598720292504571%
13129,0,5.5982938533018505%
13130,0,5.597867479055598%
13131,0,5.597441169750971%
13132,0,5.597014925373134%
13133,0,5.5965887459072565%
13134,0,5.596162631338511%
13135,0,5.5957365816520745%
13136,0,5.59531059683313%
13137,0,5.594884676866864%
13138,0,5.594458821738469%
13139,0,5.5940330314331375%
13140,0,5.5936073059360725%
13141,0,5.5931816452324785%
13142,0,5.592756049307564%
13143,0,5.592330518146542%
13144,0,5.591905051734631%
13145,0,5.591479650057056%
13146,0,5.5910543130990416%
13147,0,5.59062904084582%
13148,0,5.5902038332826285%
13149,0,5.589778690394707%
13150,0,5.589353612167301%
13151,0,5.5889285985856585%
13152,0,5.588503649635037%
13153,0,5.5880787653006925%
13154,0,5.5876539455678875%
13155,0,5.587229190421892%
13156,0,5.586804499847978%
13157,0,5.5863798738314205%
13158,0,5.585955312357501%
13159,0,5.585530815411506%
13160,0,5.585106382978723%
13161,0,5.584682015044449%
13162,0,5.584257711593983%
13163,0,5.583833472612626%
13164,0,5.583409298085688%
13165,0,5.582985187998481%
13166,0,5.582561142336321%
13167,0,5.582137161084529%
13168,0,5.581713244228433%
13169,0,5.58128939175336%
13170,0,5.5808656036446465%
13171,0,5.580441879887632%
13172,0,5.580018220467658%
13173,0,5.579594625370075%
13174,0,5.579171094580234%
13175,0,5.578747628083491%
13176,0,5.5783242258652095%
13177,0,5.5779008879107534%
13178,0,5.5774776142054945%
13179,0,5.577054404734805%
13180,0,5.576631259484067%
13181,0,5.5762081784386615%
13182,0,5.575785161583978%
13183,0,5.575362208905409%
13184,0,5.574939320388349%
13185,0,5.5745164960182025%
13186,0,5.574093735780373%
13187,0,5.5736710396602716%
13188,0,5.573248407643312%
13189,0,5.572825839714914%
13190,0,5.572403335860501%
13191,0,5.571980896065499%
13192,0,5.571558520315343%
13193,0,5.571136208595467%
13194,0,5.5707139608913145%
13195,0,5.570291777188329%
13196,0,5.569869657471961%
13197,0,5.569447601727665%
13198,0,5.5690256099409%
13199,0,5.5686036820971285%
13200,0,5.568181818181818%
13201,0,5.567760018180441%
13202,0,5.567338282078473%
13203,0,5.566916609861395%
13204,0,5.566495001514692%
13205,0,5.566073457023855%
13206,0,5.565651976374375%
13207,0,5.565230559551753%
13208,0,5.56480920654149%
13209,0,5.5643879173290935%
13210,0,5.563966691900076%
13211,0,5.563545530239952%
13212,0,5.5631244323342415%
13213,0,5.562703398168471%
13214,0,5.562282427728167%
13215,0,5.561861520998865%
13216,0,5.561440677966101%
13217,0,5.561019898615419%
13218,0,5.560599182932365%
13219,0,5.560178530902489%
13220,0,5.559757942511347%
13221,0,5.559337417744498%
13222,0,5.558916956587505%
13223,0,5.55849655902594%
13224,0,5.558076225045372%
13225,0,5.55765595463138%
13226,0,5.557235747769544%
13227,0,5.556815604445452%
13228,0,5.556395524644693%
13229,0,5.555975508352861%
13230,0,5.555555555555555%
13231,0,5.55513566623838%
13232,0,5.554715840386941%
13233,0,5.5542960779868515%
13234,0,5.553876379023727%
13235,0,5.5534567434831885%
13236,0,5.553037171350861%
13237,0,5.552617662612374%
13238,0,5.552198217253362%
13239,0,5.55177883525946%
13240,0,5.551359516616315%
13241,0,5.550940261309568%
13242,0,5.550521069324875%
13243,0,5.55010194064789%
13244,0,5.549682875264271%
13245,0,5.549263873159683%
13246,0,5.548844934319795%
13247,0,5.5484260587302785%
13248,0,5.5480072463768115%
13249,0,5.547588497245075%
13250,0,5.547169811320755%
13251,0,5.54675118858954%
13252,0,5.546332629037126%
13253,0,5.545914132649211%
13254,1,5.553040591519541%
13255,1,5.560165975103734%
13256,1,5.567290283645142%
13257,1,5.5744135173870415%
13258,1,5.581535676572635%
13259,1,5.588656761445057%
13260,1,5.595776772247361%
13261,1,5.602895709222532%
13262,0,5.602473231790077%
13263,0,5.602050818065295%
13264,0,5.601628468033776%
13265,0,5.601206181681116%
13266,0,5.600783958992914%
13267,0,5.600361799954775%
13268,0,5.599939704552306%
13269,0,5.59951767277112%
13270,0,5.599095704596834%
13271,0,5.598673800015071%
13272,0,5.598251959011453%
13273,0,5.597830181571611%
13274,0,5.5974084676811815%
13275,0,5.5969868173258%
13276,0,5.5965652304911115%
13277,0,5.596143707162763%
13278,0,5.595722247326405%
13279,0,5.595300850967693%
13280,0,5.594879518072289%
13281,0,5.594458248625857%
13282,0,5.5940370426140635%
13283,0,5.593615900022585%
13284,0,5.593194820837097%
13285,0,5.592773805043282%
13286,0,5.592352852626825%
13287,0,5.591931963573417%
13288,0,5.591511137868753%
13289,0,5.591090375498533%
13290,0,5.590669676448457%
13291,0,5.590249040704236%
13292,0,5.58982846825158%
13293,0,5.589407959076206%
13294,0,5.588987513163833%
13295,0,5.588567130500188%
13296,0,5.588146811070999%
13297,0,5.587726554861999%
13298,0,5.587306361858927%
13299,0,5.586886232047522%
13300,0,5.586466165413534%
13301,0,5.586046161942711%
13302,0,5.585626221620809%
13303,0,5.585206344433587%
13304,0,5.584786530366807%
13305,0,5.584366779406238%
13306,0,5.583947091537652%
13307,1,5.5910423085594045%
13308,1,5.598136459272618%
13309,1,5.605229543917649%
13310,1,5.6123215627347856%
13311,0,5.611899932386748%
13312,0,5.611478365384615%
13313,0,5.611056861714115%
13314,0,5.610635421360973%
13315,0,5.610214044310927%
13316,0,5.609792730549715%
13317,0,5.609371480063078%
13318,0,5.608950292836763%
13319,0,5.608529168856521%
13320,0,5.608108108108109%
13321,0,5.6076871105772845%
13322,0,5.607266176249812%
13323,0,5.606845305111461%
13324,0,5.606424497148003%
13325,0,5.606003752345216%
13326,0,5.605583070688879%
13327,0,5.6051624521647785%
13328,0,5.6047418967587035%
13329,0,5.604321404456448%
13330,0,5.603900975243811%
13331,0,5.603480609106594%
13332,0,5.603060306030603%
13333,0,5.60264006600165%
13334,0,5.60221988900555%
13335,0,5.601799775028121%
13336,0,5.601379724055189%
13337,0,5.600959736072579%
13338,0,5.600539811066127%
13339,0,5.600119949021666%
13340,0,5.599700149925037%
13341,0,5.599280413762086%
13342,0,5.5988607405186634%
13343,0,5.5984411301806185%
13344,0,5.5980215827338125%
13345,0,5.597602098164106%
13346,0,5.597182676457366%
13347,0,5.596763317599461%
13348,0,5.596344021576266%
13349,0,5.595924788373661%
13350,0,5.595505617977528%
13351,0,5.595086510373755%
13352,0,5.594667465548232%
13353,0,5.594248483486857%
13354,0,5.593829564175528%
13355,0,5.5934107076001505%
13356,0,5.592991913746631%
13357,0,5.5925731826008835%
13358,0,5.592154514148825%
13359,0,5.591735908376375%
13360,0,5.591317365269461%
13361,0,5.590898884814011%
13362,0,5.590480466995959%
13363,0,5.590062111801243%
13364,0,5.589643819215804%
13365,0,5.589225589225589%
13366,0,5.58880742181655%
13367,0,5.588389316974639%
13368,0,5.587971274685817%
13369,0,5.587553294936046%
13370,0,5.587135377711294%
13371,0,5.5867175229975325%
13372,0,5.586299730780736%
13373,0,5.585882001046886%
13374,0,5.585464333781965%
13375,0,5.585046728971962%
13376,0,5.5846291866028706%
13377,0,5.584211706660686%
13378,0,5.58379428913141%
13379,0,5.583376934001047%
13380,0,5.582959641255606%
13381,0,5.5825424108811%
13382,0,5.582125242863548%
13383,0,5.581708137188971%
13384,0,5.581291093843395%
13385,0,5.58087411281285%
13386,0,5.580457194083371%
13387,0,5.580040337640995%
13388,0,5.579623543471766%
13389,0,5.57920681156173%
13390,0,5.578790141896938%
13391,0,5.578373534463445%
13392,0,5.577956989247312%
13393,0,5.5775405062346%
13394,0,5.577124085411378%
13395,0,5.576707726763718%
13396,0,5.576291430277695%
13397,0,5.575875195939389%
13398,0,5.5754590237348856%
13399,0,5.575042913650273%
13400,0,5.574626865671642%
13401,0,5.574210879785091%
13402,0,5.57379495597672%
13403,0,5.573379094232635%
13404,0,5.572963294538943%
13405,0,5.57254755688176%
13406,0,5.572131881247203%
13407,0,5.571716267621392%
13408,0,5.5713007159904535%
13409,0,5.5708852263405175%
13410,0,5.570469798657718%
13411,0,5.570054432928194%
13412,0,5.569639129138086%
13413,0,5.56922388727354%
13414,0,5.568808707320709%
13415,0,5.568393589265748%
13416,0,5.567978533094812%
13417,0,5.567563538794067%
13418,0,5.567148606349679%
13419,0,5.56673373574782%
13420,0,5.566318926974664%
13421,0,5.565904180016392%
13422,0,5.565489494859186%
13423,0,5.565074871489235%
13424,0,5.564660309892729%
13425,0,5.564245810055866%
13426,0,5.563831371964845%
13427,0,5.563416995605869%
13428,0,5.563002680965147%
13429,0,5.562588428028892%
13430,0,5.562174236783321%
13431,0,5.561760107214653%
13432,0,5.561346039309113%
13433,0,5.5609320330529295%
13434,0,5.560518088432336%
13435,0,5.56010420543357%
13436,0,5.55969038404287%
13437,0,5.5592766242464835%
13438,0,5.55886292603066%
13439,0,5.558449289381651%
13440,0,5.5580357142857135%
13441,0,5.557622200729113%
13442,0,5.557208748698111%
13443,0,5.556795358178978%
13444,0,5.556382029157988%
13445,0,5.555968761621421%
13446,0,5.555555555555555%
13447,0,5.55514241094668%
13448,0,5.554729327781082%
13449,0,5.554316306045059%
13450,0,5.553903345724907%
13451,0,5.553490446806928%
13452,0,5.55307760927743%
13453,0,5.552664833122724%
13454,0,5.552252118329122%
13455,0,5.551839464882943%
13456,0,5.551426872770511%
13457,0,5.551014341978153%
13458,0,5.550601872492198%
13459,0,5.550189464298983%
13460,0,5.549777117384844%
13461,0,5.549364831736127%
13462,0,5.548952607339177%
13463,0,5.548540444180347%
13464,0,5.548128342245989%
13465,0,5.547716301522466%
13466,0,5.547304321996139%
13467,0,5.546892403653375%
13468,0,5.546480546480546%
13469,0,5.546068750464029%
13470,0,5.5456570155902005%
13471,0,5.545245341845446%
13472,0,5.544833729216152%
13473,0,5.544422177688711%
13474,0,5.544010687249518%
13475,0,5.543599257884972%
13476,0,5.543187889581478%
13477,0,5.542776582325444%
13478,0,5.54236533610328%
13479,0,5.541954150901402%
13480,0,5.541543026706231%
13481,0,5.541131963504191%
13482,0,5.540720961281709%
13483,0,5.540310020025217%
13484,0,5.539899139721151%
13485,0,5.539488320355951%
13486,0,5.539077561916061%
13487,0,5.538666864387929%
13488,0,5.538256227758008%
13489,0,5.537845652012751%
13490,0,5.537435137138621%
13491,0,5.537024683122081%
13492,0,5.5366142899496%
13493,0,5.536203957607649%
13494,1,5.543204387135023%
13495,0,5.542793627269359%
13496,0,5.542382928275044%
13497,1,5.549381344002371%
13498,1,5.5563787227737444%
13499,1,5.563375064819617%
13500,1,5.57037037037037%
13501,0,5.569957780905118%
13502,0,5.5695452525551765%
13503,0,5.569132785306969%
13504,0,5.568720379146919%
13505,0,5.568308034061459%
13506,0,5.56789575003702%
13507,0,5.567483527060043%
13508,0,5.567071365116968%
13509,0,5.566659264194241%
13510,0,5.566247224278312%
13511,0,5.565835245355636%
13512,0,5.56542332741267%
13513,0,5.565011470435877%
13514,0,5.5645996744117205%
13515,0,5.564187939326675%
13516,0,5.563776265167209%
13517,0,5.563364651919804%
13518,0,5.562953099570942%
13519,0,5.562541608107108%
13520,0,5.562130177514793%
13521,0,5.5617188077804895%
13522,0,5.561307498890697%
13523,0,5.560896250831917%
13524,0,5.5604850635906535%
13525,0,5.56007393715342%
13526,0,5.5596628715067276%
13527,0,5.559251866637096%
13528,0,5.558840922531047%
13529,0,5.558430039175105%
13530,0,5.558019216555802%
13531,0,5.55760845465967%
13532,0,5.557197753473249%
13533,0,5.556787112983078%
13534,0,5.556376533175706%
13535,0,5.55596601403768%
13536,1,5.5629432624113475%
13537,1,5.569919479943858%
13538,1,5.576894666863643%
13539,1,5.58386882339907%
13540,0,5.583456425406204%
13541,1,5.590429067277158%
13542,1,5.597400679367893%
13543,1,5.60437126190652%
13544,0,5.603957471943296%
13545,0,5.603543743078627%
13546,0,5.603130075298981%
13547,0,5.602716468590832%
13548,0,5.602302922940655%
13549,0,5.601889438334933%
13550,0,5.601476014760148%
13551,0,5.601062652202789%
13552,0,5.60064935064935%
13553,0,5.600236110086327%
13554,0,5.599822930500221%
13555,0,5.5994098118775355%
13556,0,5.59899675420478%
13557,0,5.598583757468466%
13558,0,5.598170821655112%
13559,0,5.597757946751235%
13560,0,5.597345132743363%
13561,0,5.596932379618022%
13562,0,5.596519687361746%
13563,0,5.59610705596107%
13564,0,5.595694485402536%
13565,0,5.595281975672687%
13566,0,5.594869526758071%
13567,0,5.594457138645242%
13568,0,5.594044811320755%
13569,0,5.59363254477117%
13570,0,5.593220338983051%
13571,0,5.592808193942966%
13572,0,5.592396109637489%
13573,0,5.591984086053194%
13574,0,5.591572123176661%
13575,0,5.5911602209944755%
13576,0,5.590748379493223%
13577,0,5.590336598659498%
13578,0,5.589924878479894%
13579,0,5.589513218941012%
13580,0,5.589101620029456%
13581,0,5.588690081731832%
13582,0,5.588278604034752%
13583,0,5.587867186924832%
13584,0,5.587455830388692%
13585,0,5.587044534412955%
13586,0,5.586633298984248%
13587,0,5.586222124089203%
13588,0,5.585811009714454%
13589,0,5.585399955846641%
13590,0,5.584988962472407%
13591,0,5.584578029578397%
13592,0,5.584167157151265%
13593,0,5.583756345177665%
13594,0,5.583345593644254%
13595,0,5.582934902537698%
13596,0,5.582524271844661%
13597,0,5.582113701551813%
13598,0,5.58170319164583%
13599,0,5.581292742113391%
13600,0,5.580882352941177%
13601,0,5.580472024115874%
13602,0,5.580061755624173%
13603,0,5.579651547452768%
13604,0,5.579241399588356%
13605,0,5.57883131201764%
13606,0,5.578421284727327%
13607,0,5.578011317704123%
13608,0,5.577601410934744%
13609,0,5.577191564405908%
13610,0,5.576781778104335%
13611,0,5.576372052016751%
13612,0,5.575962386129885%
13613,0,5.5755527804304705%
13614,0,5.575143234905244%
13615,0,5.574733749540948%
13616,0,5.574324324324325%
13617,0,5.573914959242124%
13618,0,5.573505654281099%
13619,0,5.573096409428005%
13620,0,5.572687224669604%
13621,0,5.572278099992658%
13622,0,5.571869035383938%
13623,0,5.571460030830214%
13624,0,5.571051086318262%
13625,0,5.570642201834863%
13626,0,5.570233377366799%
13627,0,5.569824612900859%
13628,0,5.569415908423833%
13629,0,5.569007263922518%
13630,0,5.568598679383712%
13631,0,5.568190154794219%
13632,1,5.575117370892019%
13633,1,5.582043570747451%
13634,1,5.588968754584128%
13635,0,5.588558855885588%
13636,0,5.588149017307128%
13637,0,5.587739238835521%
13638,0,5.587329520457545%
13639,0,5.5869198621599825%
13640,0,5.586510263929618%
13641,0,5.586100725753243%
13642,0,5.5856912476176515%
13643,0,5.585281829509638%
13644,0,5.584872471416007%
13645,0,5.584463173323561%
13646,0,5.584053935219112%
13647,0,5.583644757089471%
13648,0,5.583235638921454%
13649,0,5.582826580701883%
13650,0,5.582417582417582%
13651,0,5.582008644055381%
13652,0,5.5815997656021095%
13653,0,5.581190947044606%
13654,0,5.580782188369708%
13655,0,5.580373489564263%
13656,0,5.579964850615114%
13657,0,5.579556271509116%
13658,0,5.579147752233124%
13659,0,5.578739292773995%
13660,0,5.578330893118594%
13661,0,5.577922553253789%
13662,0,5.5775142731664475%
13663,0,5.577106052843446%
13664,0,5.576697892271663%
13665,0,5.57628979143798%
13666,0,5.575881750329284%
13667,0,5.575473768932465%
13668,0,5.5750658472344155%
13669,0,5.574657985222036%
13670,0,5.574250182882224%
13671,0,5.573842440201887%
13672,0,5.573434757167934%
13673,0,5.573027133767279%
13674,0,5.572619569986836%
13675,0,5.572212065813528%
13676,0,5.571804621234279%
13677,0,5.571397236236017%
13678,0,5.570989910805673%
13679,0,5.570582644930186%
13680,0,5.5701754385964914%
13681,0,5.569768291791536%
13682,0,5.569361204502266%
13683,0,5.568954176715633%
13684,0,5.5685472084185905%
13685,0,5.568140299598101%
13686,0,5.567733450241122%
13687,0,5.567326660334624%
13688,0,5.566919929865575%
13689,0,5.566513258820951%
13690,0,5.566106647187728%
13691,0,5.565700094952889%
13692,0,5.565293602103418%
13693,0,5.5648871686263055%
13694,0,5.564480794508544%
13695,0,5.564074479737131%
13696,0,5.563668224299065%
13697,0,5.563262028181354%
13698,0,5.562855891371004%
13699,0,5.562449813855026%
13700,0,5.562043795620438%
13701,0,5.561637836654259%
13702,0,5.561231936943512%
13703,0,5.560826096475225%
13704,0,5.560420315236427%
13705,0,5.560014593214156%
13706,0,5.559608930395448%
13707,0,5.559203326767345%
13708,0,5.558797782316895%
13709,0,5.558392297031147%
13710,0,5.557986870897155%
13711,0,5.557581503901977%
13712,0,5.557176196032672%
13713,0,5.556770947276307%
13714,0,5.55636575761995%
13715,0,5.555960627050674%
13716,0,5.555555555555555%
13717,0,5.555150543121674%
13718,0,5.554745589736113%
13719,0,5.554340695385961%
13720,0,5.553935860058309%
13721,0,5.553531083740252%
13722,0,5.55312636641889%
13723,0,5.552721708081323%
13724,1,5.559603614106674%
13725,1,5.56648451730419%
13726,1,5.57336441789305%
13727,0,5.572958403147083%
13728,1,5.57983682983683%
13729,0,5.579430402796999%
13730,0,5.579024034959942%
13731,0,5.578617726312722%
13732,0,5.578211476842411%
13733,0,5.577805286536082%
13734,0,5.577399155380807%
13735,0,5.57699308336367%
13736,0,5.576587070471753%
13737,0,5.576181116692145%
13738,0,5.575775222011938%
13739,0,5.575369386418226%
13740,0,5.5749636098981075%
13741,0,5.574557892438687%
13742,0,5.57415223402707%
13743,0,5.573746634650368%
13744,0,5.573341094295692%
13745,0,5.572935612950164%
13746,0,5.572530190600903%
13747,0,5.572124827235033%
13748,0,5.571719522839686%
13749,0,5.571314277401993%
13750,0,5.570909090909091%
13751,0,5.57050396334812%
13752,0,5.570098894706224%
13753,0,5.569693884970552%
13754,0,5.569288934128254%
13755,0,5.568884042166485%
13756,0,5.568479209072405%
13757,0,5.568074434833176%
13758,0,5.567669719435965%
13759,0,5.567265062867941%
13760,0,5.566860465116279%
13761,0,5.566455926168156%
13762,0,5.566051446010754%
13763,0,5.565647024631257%
13764,0,5.565242662016855%
13765,0,5.5648383581547405%
13766,0,5.564434113032108%
13767,0,5.564029926636159%
13768,0,5.563625798954097%
13769,0,5.563221729973128%
13770,0,5.562817719680465%
13771,0,5.562413768063322%
13772,0,5.562009875108917%
13773,0,5.561606040804472%
13774,0,5.561202265137215%
13775,0,5.5607985480943745%
13776,0,5.560394889663183%
13777,0,5.559991289830878%
13778,0,5.5595877485847005%
13779,0,5.559184265911895%
13780,0,5.5587808417997095%
13781,0,5.558377476235397%
13782,0,5.5579741692062115%
13783,0,5.557570920699413%
13784,0,5.557167730702264%
13785,0,5.556764599202031%
13786,0,5.556361526185985%
13787,0,5.555958511641402%
13788,0,5.555555555555555%
13789,0,5.55515265791573%
13790,0,5.554749818709209%
13791,0,5.554347037923283%
13792,0,5.553944315545244%
13793,0,5.553541651562386%
13794,0,5.553139045962013%
13795,0,5.5527364987314245%
13796,0,5.55233400985793%
13797,0,5.551931579328839%
13798,0,5.551529207131469%
13799,0,5.551126893253135%
13800,0,5.550724637681159%
13801,0,5.550322440402869%
13802,0,5.549920301405593%
13803,0,5.5495182206766644%
13804,0,5.54911619820342%
13805,0,5.5487142339731985%
13806,0,5.548312327973345%
13807,0,5.547910480191208%
13808,0,5.547508690614137%
13809,0,5.547106959229488%
13810,0,5.546705286024619%
13811,0,5.5463036709868945%
13812,0,5.5459021141036775%
13813,0,5.54550061536234%
13814,0,5.545099174750254%
13815,0,5.544697792254795%
13816,0,5.544296467863346%
13817,0,5.543895201563291%
13818,0,5.543493993342017%
13819,0,5.543092843186916%
13820,0,5.542691751085384%
13821,0,5.542290717024817%
13822,0,5.54188974099262%
13823,0,5.541488822976199%
13824,0,5.541087962962963%
13825,0,5.540687160940325%
13826,0,5.540286416895704%
13827,0,5.539885730816518%
13828,0,5.539485102690194%
13829,0,5.539084532504158%
13830,0,5.538684020245842%
13831,0,5.538283565902683%
13832,0,5.537883169462117%
13833,0,5.537482830911588%
13834,0,5.5370825502385435%
13835,0,5.53668232743043%
13836,0,5.536282162474704%
13837,0,5.535882055358821%
13838,0,5.535482006070241%
13839,0,5.535082014596431%
13840,0,5.534682080924855%
13841,0,5.534282205042988%
13842,0,5.533882386938304%
13843,0,5.533482626598281%
13844,0,5.533082924010402%
13845,0,5.5326832791621525%
13846,0,5.532283692041022%
13847,0,5.531884162634506%
13848,0,5.531484690930098%
13849,0,5.5310852769153005%
13850,0,5.530685920577618%
13851,0,5.530286621904556%
13852,0,5.529887380883626%
13853,0,5.529488197502346%
13854,0,5.529089071748232%
13855,0,5.528690003608806%
13856,0,5.528290993071593%
13857,0,5.527892040124125%
13858,0,5.527493144753932%
13859,0,5.527094306948553%
13860,0,5.526695526695527%
13861,0,5.5262968039823965%
13862,0,5.52589813879671%
13863,0,5.5254995311260195%
13864,0,5.525100980957876%
13865,0,5.524702488279842%
13866,0,5.524304053079475%
13867,0,5.523905675344343%
13868,0,5.523507355062014%
13869,0,5.523109092220059%
13870,0,5.522710886806056%
13871,0,5.522312738807584%
13872,0,5.521914648212226%
13873,0,5.5215166150075685%
13874,0,5.521118639181203%
13875,0,5.52072072072072%
13876,0,5.520322859613722%
13877,0,5.519925055847805%
13878,0,5.519527309410578%
13879,0,5.519129620289647%
13880,0,5.518731988472622%
13881,0,5.518334413947122%
13882,0,5.517936896700763%
13883,0,5.5175394367211705%
13884,0,5.517142033995967%
13885,0,5.516744688512784%
13886,0,5.516347400259254%
13887,0,5.515950169223014%
13888,0,5.5155529953917055%
13889,0,5.51515587875297%
13890,0,5.514758819294457%
13891,0,5.514361817003816%
13892,0,5.513964871868701%
13893,0,5.513567983876772%
13894,0,5.513171153015691%
13895,0,5.51277437927312%
13896,0,5.512377662636729%
13897,0,5.511981003094193%
13898,0,5.511584400633184%
13899,0,5.511187855241384%
13900,0,5.510791366906475%
13901,0,5.510394935616143%
13902,0,5.509998561358078%
13903,0,5.509602244119974%
13904,0,5.509205983889529%
13905,0,5.508809780654441%
13906,0,5.508413634402416%
13907,0,5.508017545121162%
13908,0,5.507621512798389%
13909,0,5.507225537421813%
13910,0,5.506829618979152%
13911,0,5.506433757458127%
13912,0,5.506037952846463%
13913,0,5.505642205131891%
13914,0,5.505246514302142%
13915,0,5.504850880344952%
13916,0,5.50445530324806%
13917,0,5.504059782999209%
13918,0,5.503664319586147%
13919,0,5.5032689129966235%
13920,0,5.50287356321839%
13921,0,5.502478270239207%
13922,0,5.502083034046833%
13923,1,5.508870214752568%
13924,1,5.515656420568802%
13925,1,5.522441651705566%
13926,1,5.529225908372828%
13927,0,5.528828893516192%
13928,0,5.528431935669156%
13929,1,5.535214301098428%
13930,1,5.541995692749461%
13931,0,5.541597875242266%
13932,0,5.541200114843526%
13933,0,5.540802411540946%
13934,0,5.540404765322234%
13935,0,5.540007176175099%
13936,1,5.54678530424799%
13937,0,5.546387314343115%
13938,0,5.54598938154685%
13939,0,5.545591505846905%
13940,0,5.54519368723099%
13941,0,5.544795925686823%
13942,0,5.544398221202123%
13943,0,5.544000573764613%
13944,0,5.54360298336202%
13945,0,5.543205449982072%
13946,0,5.542807973612505%
13947,0,5.542410554241055%
13948,0,5.542013191855463%
13949,0,5.541615886443473%
13950,0,5.541218637992832%
13951,0,5.540821446491291%
13952,0,5.540424311926605%
13953,0,5.5400272342865335%
13954,0,5.539630213558836%
13955,0,5.539233249731279%
13956,0,5.538836342791631%
13957,0,5.5384394927276634%
13958,0,5.538042699527153%
13959,0,5.537645963177877%
13960,0,5.537249283667622%
13961,0,5.53685266098417%
13962,0,5.536456095115313%
13963,0,5.536059586048844%
13964,0,5.535663133772558%
13965,0,5.535266738274257%
13966,0,5.534870399541744%
13967,0,5.5344741175628265%
13968,0,5.534077892325315%
13969,0,5.533681723817024%
13970,1,5.540443808160343%
13971,0,5.540047240712905%
13972,1,5.546807901517321%
13973,0,5.546410935375367%
13974,0,5.5460140260483755%
13975,1,5.552772808586762%
13976,0,5.552375500858615%
13977,0,5.551978249982113%
13978,0,5.551581055945057%
13979,0,5.551183918735246%
13980,0,5.550786838340486%
13981,0,5.550389814748588%
13982,0,5.549992847947361%
13983,0,5.549595937924623%
13984,0,5.549199084668192%
13985,0,5.548802288165891%
13986,0,5.548405548405548%
13987,0,5.5480088653749915%
13988,0,5.547612239062053%
13989,0,5.547215669454571%
13990,0,5.546819156540386%
13991,0,5.546422700307341%
13992,0,5.546026300743282%
13993,0,5.545629957836061%
13994,0,5.5452336715735315%
13995,0,5.544837441943551%
13996,0,5.544441268933982%
13997,0,5.544045152532686%
13998,0,5.543649092727533%
13999,0,5.543253089506393%
14000,0,5.542857142857143%
14001,0,5.5424612527676596%
14002,0,5.542065419225825%
14003,0,5.541669642219524%
14004,0,5.5412739217366465%
14005,0,5.540878257765084%
14006,0,5.540482650292732%
14007,0,5.540087099307489%
14008,0,5.539691604797259%
14009,0,5.5392961667499465%
14010,0,5.538900785153462%
14011,0,5.538505459995718%
14012,0,5.5381101912646304%
14013,0,5.537714978948119%
14014,0,5.5373198230341085%
14015,0,5.536924723510524%
14016,0,5.536529680365296%
14017,0,5.53613469358636%
14018,0,5.535739763161649%
14019,0,5.5353448890791075%
14020,0,5.534950071326676%
14021,0,5.534555309892304%
14022,0,5.534160604763942%
14023,0,5.533765955929544%
14024,0,5.533371363377068%
14025,0,5.532976827094474%
14026,0,5.532582347069727%
14027,0,5.532187923290796%
14028,0,5.531793555745652%
14029,0,5.531399244422268%
14030,0,5.531004989308625%
14031,0,5.530610790392702%
14032,0,5.530216647662486%
14033,0,5.529822561105965%
14034,0,5.52942853071113%
14035,0,5.529034556465978%
14036,0,5.528640638358507%
14037,0,5.528246776376719%
14038,0,5.5278529705086195%
14039,0,5.527459220742218%
14040,0,5.527065527065527%
14041,0,5.526671889466562%
14042,0,5.526278307933343%
14043,0,5.5258847824538915%
14044,0,5.525491313016235%
14045,0,5.525097899608402%
14046,0,5.5247045422184256%
14047,0,5.524311240834342%
14048,0,5.523917995444191%
14049,0,5.523524806036017%
14050,0,5.523131672597865%
14051,0,5.522738595117785%
14052,0,5.522345573583831%
14053,0,5.52195260798406%
14054,0,5.5215596983065325%
14055,0,5.52116684453931%
14056,0,5.520774046670461%
14057,0,5.520381304688056%
14058,0,5.519988618580167%
14059,0,5.519595988334874%
14060,0,5.519203413940256%
14061,0,5.518810895384397%
14062,0,5.518418432655383%
14063,0,5.518026025741307%
14064,0,5.517633674630262%
14065,0,5.517241379310345%
14066,0,5.516849139769657%
14067,0,5.516456955996303%
14068,0,5.516064827978391%
14069,0,5.5156727557040295%
14070,0,5.515280739161336%
14071,0,5.514888778338427%
14072,0,5.514496873223423%
14073,0,5.514105023804448%
14074,0,5.513713230069632%
14075,0,5.513321492007105%
14076,0,5.5129298096050015%
14077,0,5.5125381828514595%
14078,0,5.512146611734622%
14079,0,5.511755096242631%
14080,0,5.511363636363637%
14081,0,5.5109722320857895%
14082,0,5.510580883397244%
14083,0,5.51018959028616%
14084,0,5.509798352740699%
14085,0,5.509407170749023%
14086,0,5.509016044299305%
14087,0,5.508624973379712%
14088,0,5.508233957978422%
14089,0,5.507842998083611%
14090,0,5.5074520936834634%
14091,0,5.507061244766163%
14092,0,5.506670451319898%
14093,0,5.5062797133328605%
14094,0,5.505889030793246%
14095,0,5.505498403689252%
14096,0,5.50510783200908%
14097,0,5.504717315740938%
14098,0,5.504326854873032%
14099,0,5.503936449393574%
14100,0,5.50354609929078%
14101,0,5.503155804552868%
14102,0,5.502765565168062%
14103,0,5.502375381124583%
14104,0,5.501985252410663%
14105,0,5.501595179014534%
14106,0,5.501205160924429%
14107,0,5.500815198128588%
14108,0,5.5004252906152535%
14109,0,5.50003543837267%
14110,0,5.499645641389086%
14111,0,5.499255899652753%
14112,0,5.498866213151928%
14113,0,5.498476581874867%
14114,0,5.498087005809834%
14115,0,5.4976974849450935%
14116,0,5.497308019268915%
14117,0,5.496918608769569%
14118,0,5.496529253435331%
14119,0,5.49613995325448%
14120,0,5.495750708215297%
14121,0,5.495361518306069%
14122,0,5.4949723835150825%
14123,0,5.494583303830631%
14124,0,5.494194279241008%
14125,0,5.493805309734514%
14126,0,5.493416395299447%
14127,0,5.493027535924117%
14128,0,5.49263873159683%
14129,0,5.4922499823058955%
14130,0,5.491861288039631%
14131,0,5.491472648786356%
14132,0,5.49108406453439%
14133,0,5.490695535272058%
14134,0,5.490307060987689%
14135,0,5.489918641669615%
14136,0,5.4895302773061685%
14137,0,5.48914196788569%
14138,0,5.48875371339652%
14139,0,5.488365513827003%
14140,0,5.487977369165488%
14141,0,5.487589279400326%
14142,0,5.48720124451987%
14143,0,5.486813264512479%
14144,0,5.486425339366516%
14145,0,5.486037469070343%
14146,0,5.485649653612328%
14147,0,5.485261892980843%
14148,0,5.484874187164263%
14149,0,5.484486536150965%
14150,0,5.4840989399293285%
14151,0,5.483711398487739%
14152,0,5.483323911814584%
14153,0,5.482936479898255%
14154,0,5.482549102727145%
14155,0,5.48216178028965%
14156,0,5.481774512574174%
14157,0,5.481387299569118%
14158,0,5.48100014126289%
14159,0,5.480613037643901%
14160,0,5.480225988700565%
14161,0,5.479838994421298%
14162,0,5.47945205479452%
14163,0,5.479065169808656%
14164,0,5.478678339452133%
14165,0,5.478291563713378%
14166,0,5.477904842580827%
14167,0,5.477518176042916%
14168,0,5.4771315640880855%
14169,0,5.476745006704778%
14170,0,5.47635850388144%
14171,0,5.475972055606521%
14172,0,5.475585661868473%
14173,0,5.4751993226557545%
14174,0,5.474813037956823%
14175,0,5.474426807760141%
14176,0,5.474040632054176%
14177,0,5.473654510827396%
14178,0,5.4732684440682755%
14179,0,5.472882431765287%
14180,0,5.4724964739069115%
14181,0,5.47211057048163%
14182,0,5.47172472147793%
14183,0,5.4713389268842985%
14184,0,5.470953186689227%
14185,0,5.470567500881213%
14186,0,5.470181869448752%
14187,0,5.469796292380348%
14188,0,5.469410769664505%
14189,0,5.469025301289731%
14190,0,5.468639887244539%
14191,0,5.46825452751744%
14192,0,5.467869222096956%
14193,0,5.467483970971606%
14194,0,5.467098774129914%
14195,0,5.466713631560408%
14196,0,5.46632854325162%
14197,0,5.465943509192083%
14198,0,5.465558529370334%
14199,0,5.465173603774914%
14200,0,5.464788732394366%
14201,0,5.464403915217239%
14202,0,5.46401915223208%
14203,0,5.463634443427445%
14204,0,5.463249788791889%
14205,0,5.462865188313974%
14206,0,5.462480641982261%
14207,0,5.462096149785317%
14208,0,5.461711711711711%
14209,0,5.461327327750017%
14210,0,5.46094299788881%
14211,0,5.46055872211667%
14212,0,5.460174500422179%
14213,0,5.459790332793921%
14214,0,5.459406219220487%
14215,0,5.459022159690468%
14216,0,5.458638154192459%
14217,1,5.465288035450517%
14218,1,5.471936981291321%
14219,1,5.47858499191223%
14220,1,5.485232067510549%
14221,1,5.4918782082835245%
14222,0,5.491492054563352%
14223,0,5.4911059551430785%
14224,0,5.490719910011248%
14225,0,5.490333919156415%
14226,0,5.489947982567131%
14227,0,5.489562100231953%
14228,0,5.489176272139443%
14229,0,5.488790498278164%
14230,0,5.488404778636683%
14231,0,5.48801911320357%
14232,0,5.487633501967397%
14233,0,5.487247944916743%
14234,0,5.486862442040186%
14235,0,5.486476993326309%
14236,1,5.493116043832537%
14237,1,5.499754161691368%
14238,1,5.506391347099312%
14239,0,5.506004635156963%
14240,0,5.50561797752809%
14241,1,5.512253352994874%
14242,0,5.511866310911389%
14243,0,5.511479323176297%
14244,0,5.5110923897781525%
14245,0,5.510705510705511%
14246,0,5.510318685946933%
14247,0,5.509931915490981%
14248,0,5.509545199326221%
14249,0,5.509158537441224%
14250,0,5.508771929824562%
14251,0,5.50838537646481%
14252,0,5.5079988773505475%
14253,0,5.507612432470357%
14254,0,5.5072260418128245%
14255,0,5.506839705366538%
14256,0,5.50645342312009%
14257,0,5.506067195062075%
14258,0,5.505681021181092%
14259,0,5.505294901465741%
14260,0,5.5049088359046285%
14261,0,5.5045228244863615%
14262,0,5.504136867199551%
14263,0,5.503750964032812%
14264,0,5.503365114974761%
14265,0,5.5029793200140205%
14266,0,5.502593579139212%
14267,0,5.502207892338964%
14268,0,5.501822259601907%
14269,0,5.501436680916672%
14270,0,5.501051156271899%
14271,0,5.500665685656226%
14272,0,5.500280269058297%
14273,0,5.499894906466755%
14274,0,5.4995095978702535%
14275,0,5.499124343257443%
14276,0,5.49873914261698%
14277,0,5.498353995937522%
14278,0,5.497968903207733%
14279,0,5.497583864416276%
14280,0,5.497198879551821%
14281,0,5.496813948603039%
14282,0,5.496429071558605%
14283,0,5.496044248407197%
14284,0,5.495659479137497%
14285,0,5.495274763738187%
14286,0,5.494890102197956%
14287,0,5.4945054945054945%
14288,0,5.494120940649496%
14289,0,5.493736440618658%
14290,0,5.49335199440168%
14291,0,5.492967601987265%
14292,0,5.49258326336412%
14293,0,5.492198978520954%
14294,0,5.4918147474464805%
14295,0,5.491430570129416%
14296,0,5.491046446558478%
14297,0,5.490662376722389%
14298,0,5.490278360609876%
14299,0,5.489894398209665%
14300,0,5.489510489510489%
14301,0,5.489126634501084%
14302,0,5.488742833170186%
14303,0,5.488359085506537%
14304,0,5.487975391498882%
14305,0,5.487591751135967%
14306,0,5.4872081644065425%
14307,0,5.486824631299364%
14308,0,5.486441151803187%
14309,0,5.486057725906772%
14310,0,5.485674353598882%
14311,0,5.485291034868283%
14312,0,5.484907769703745%
14313,0,5.48452455809404%
14314,0,5.484141400027945%
14315,0,5.483758295494237%
14316,0,5.4833752444816986%
14317,0,5.482992246979116%
14318,0,5.482609302975276%
14319,1,5.489210140372931%
14320,0,5.488826815642458%
14321,0,5.488443544445221%
14322,0,5.488060326770004%
14323,0,5.4876771626056%
14324,0,5.487294051940799%
14325,0,5.486910994764398%
14326,0,5.486527991065196%
14327,0,5.486145040831995%
14328,0,5.485762144053601%
14329,0,5.485379300718822%
14330,0,5.484996510816469%
14331,0,5.484613774335357%
14332,0,5.484231091264304%
14333,0,5.48384846159213%
14334,0,5.483465885307661%
14335,0,5.4830833623997215%
14336,0,5.482700892857143%
14337,0,5.482318476668759%
14338,0,5.481936113823406%
14339,0,5.4815538043099234%
14340,0,5.481171548117155%
14341,0,5.480789345233945%
14342,0,5.480407195649143%
14343,0,5.4800250993516%
14344,0,5.479643056330173%
14345,0,5.479261066573719%
14346,0,5.4788791300711%
14347,0,5.47849724681118%
14348,0,5.478115416782827%
14349,0,5.477733639974911%
14350,0,5.477351916376307%
14351,0,5.47697024597589%
14352,0,5.476588628762542%
14353,0,5.476207064725144%
14354,0,5.475825553852585%
14355,0,5.475444096133751%
14356,0,5.475062691557537%
14357,0,5.474681340112837%
14358,0,5.47430004178855%
14359,0,5.473918796573578%
14360,0,5.4735376044568245%
14361,0,5.4731564654271985%
14362,0,5.472775379473611%
14363,0,5.472394346584975%
14364,0,5.472013366750208%
14365,0,5.471632439958231%
14366,0,5.471251566197967%
14367,1,5.477831140808798%
14368,1,5.484409799554565%
14369,1,5.490987542626487%
14370,1,5.497564370215727%
14371,1,5.504140282513395%
14372,1,5.510715279710548%
14373,1,5.517289361998191%
14374,0,5.51690552386253%
14375,0,5.516521739130434%
14376,0,5.5161380077907625%
14377,0,5.515754329832371%
14378,0,5.5153707052441225%
14379,0,5.514987134014883%
14380,0,5.5146036161335195%
14381,0,5.514220151588902%
14382,0,5.513836740369907%
14383,0,5.513453382465411%
14384,0,5.513070077864294%
14385,0,5.51268682655544%
14386,0,5.512303628527735%
14387,0,5.51192048377007%
14388,0,5.511537392271338%
14389,0,5.511154354020433%
14390,0,5.510771369006254%
14391,0,5.510388437217705%
14392,0,5.510005558643691%
14393,0,5.509622733273119%
14394,0,5.5092399610949006%
14395,0,5.5088572420979505%
14396,0,5.508474576271186%
14397,0,5.508091963603529%
14398,0,5.507709404083901%
14399,0,5.507326897701229%
14400,0,5.506944444444444%
14401,0,5.50656204430248%
14402,0,5.506179697264269%
14403,0,5.505797403318753%
14404,0,5.505415162454874%
14405,0,5.505032974661575%
14406,0,5.504650839927808%
14407,0,5.504268758242521%
14408,0,5.50388672959467%
14409,0,5.503504753973211%
14410,0,5.503122831367106%
14411,0,5.502740961765318%
14412,0,5.502359145156814%
14413,0,5.501977381530563%
14414,0,5.501595670875538%
14415,0,5.501214013180714%
14416,0,5.5008324084350715%
14417,0,5.500450856627593%
14418,0,5.50006935774726%
14419,0,5.499687911783064%
14420,0,5.499306518723994%
14421,0,5.498925178559046%
14422,0,5.498543891277215%
14423,0,5.498162656867503%
14424,0,5.497781475318913%
14425,0,5.49740034662045%
14426,0,5.497019270761125%
14427,0,5.49663824772995%
14428,0,5.496257277515941%
14429,0,5.495876360108116%
14430,0,5.495495495495495%
14431,0,5.495114683667106%
14432,0,5.494733924611974%
14433,0,5.49435321831913%
14434,0,5.493972564777608%
14435,0,5.493591963976447%
14436,0,5.493211415904683%
14437,0,5.492830920551361%
14438,0,5.492450477905527%
14439,0,5.492070087956229%
14440,0,5.491689750692521%
14441,0,5.491309466103456%
14442,0,5.4909292341780915%
14443,0,5.4905490549054905%
14444,0,5.490168928274716%
14445,0,5.489788854274836%
14446,0,5.489408832894918%
14447,0,5.489028864124039%
14448,0,5.4886489479512734%
14449,0,5.4882690843657%
14450,0,5.4878892733564015%
14451,0,5.487509514912463%
14452,0,5.4871298090229725%
14453,0,5.486750155677022%
14454,0,5.486370554863706%
14455,0,5.48599100657212%
14456,0,5.485611510791367%
14457,0,5.485232067510549%
14458,0,5.484852676718772%
14459,0,5.484473338405146%
14460,0,5.484094052558783%
14461,0,5.4837148191687985%
14462,0,5.483335638224312%
14463,0,5.482956509714444%
14464,0,5.482577433628318%
14465,0,5.482198409955064%
14466,0,5.481819438683811%
14467,0,5.481440519803691%
14468,0,5.481061653303843%
14469,0,5.480682839173405%
14470,0,5.48030407740152%
14471,0,5.479925367977334%
14472,0,5.479546710889995%
14473,0,5.479168106128653%
14474,0,5.478789553682465%
14475,0,5.4784110535405866%
14476,0,5.478032605692181%
14477,0,5.477654210126407%
14478,0,5.477275866832435%
14479,0,5.476897575799434%
14480,0,5.476519337016575%
14481,0,5.476141150473033%
14482,0,5.475763016157989%
14483,0,5.475384934060623%
14484,0,5.475006904170119%
14485,0,5.474628926475664%
14486,0,5.474251000966451%
14487,0,5.47387312763167%
14488,0,5.473495306460519%
14489,0,5.473117537442198%
14490,0,5.4727398205659075%
14491,0,5.472362155820854%
14492,0,5.471984543196246%
14493,0,5.471606982681294%
14494,0,5.471229474265213%
14495,0,5.4708520179372195%
14496,0,5.470474613686535%
14497,0,5.47009726150238%
14498,0,5.469719961373983%
14499,0,5.469342713290572%
14500,0,5.468965517241379%
14501,0,5.46858837321564%
14502,0,5.468211281202593%
14503,0,5.467834241191478%
14504,0,5.467457253171539%
14505,0,5.467080317132023%
14506,0,5.466703433062181%
14507,0,5.466326600951265%
14508,0,5.465949820788531%
14509,0,5.465573092563237%
14510,0,5.465196416264645%
14511,0,5.464819791882021%
14512,0,5.464443219404631%
14513,0,5.464066698821746%
14514,0,5.46369023012264%
14515,0,5.46331381329659%
14516,0,5.462937448332874%
14517,0,5.462561135220775%
14518,0,5.46218487394958%
14519,0,5.461808664508575%
14520,0,5.461432506887053%
14521,0,5.461056401074306%
14522,0,5.4606803470596335%
14523,0,5.460304344832335%
14524,0,5.459928394381713%
14525,0,5.459552495697074%
14526,0,5.459176648767727%
14527,0,5.458800853582983%
14528,0,5.458425110132159%
14529,0,5.4580494184045705%
14530,0,5.457673778389538%
14531,0,5.457298190076389%
14532,0,5.456922653454446%
14533,0,5.45654716851304%
14534,0,5.456171735241503%
14535,0,5.455796353629171%
14536,0,5.455421023665383%
14537,0,5.455045745339478%
14538,0,5.454670518640803%
14539,1,5.461173395694339%
14540,0,5.46079779917469%
14541,0,5.460422254315384%
14542,0,5.460046761105763%
14543,0,5.459671319535172%
14544,0,5.459295929592959%
14545,0,5.458920591268477%
14546,0,5.4585453045510794%
14547,0,5.458170069430123%
14548,0,5.457794885894969%
14549,0,5.457419753934978%
14550,0,5.457044673539519%
14551,0,5.456669644697959%
14552,0,5.45629466739967%
14553,0,5.455919741634027%
14554,0,5.455544867390408%
14555,0,5.455170044658193%
14556,0,5.4547952734267655%
14557,0,5.454420553685512%
14558,0,5.454045885423822%
14559,0,5.453671268631087%
14560,0,5.4532967032967035%
14561,0,5.452922189410068%
14562,0,5.452547726960582%
14563,0,5.45217331593765%
14564,0,5.451798956330679%
14565,0,5.451424648129077%
14566,0,5.451050391322258%
14567,0,5.450676185899636%
14568,0,5.450302031850632%
14569,0,5.449927929164665%
14570,0,5.44955387783116%
14571,0,5.449179877839545%
14572,0,5.448805929179247%
14573,0,5.448432031839704%
14574,0,5.448058185810347%
14575,1,5.454545454545454%
14576,1,5.461031833150384%
14577,0,5.460657199698154%
14578,0,5.460282617643024%
14579,0,5.459908086974416%
14580,0,5.459533607681756%
14581,0,5.459159179754475%
14582,0,5.458784803182006%
14583,0,5.458410477953782%
14584,0,5.458036204059243%
14585,0,5.4576619814878296%
14586,0,5.457287810228987%
14587,0,5.4569136902721604%
14588,0,5.4565396216068%
14589,0,5.45616560422236%
14590,0,5.455791638108294%
14591,0,5.455417723254061%
14592,0,5.455043859649123%
14593,0,5.454670047282944%
14594,0,5.4542962861449915%
14595,0,5.453922576224734%
14596,0,5.453548917511647%
14597,0,5.4531753099952045%
14598,0,5.452801753664885%
14599,0,5.452428248510172%
14600,0,5.4520547945205475%
14601,0,5.451681391685502%
14602,0,5.4513080399945215%
14603,0,5.450934739437102%
14604,0,5.450561490002738%
14605,0,5.450188291680931%
14606,0,5.44981514446118%
14607,0,5.449442048332991%
14608,0,5.449069003285871%
14609,0,5.44869600930933%
14610,0,5.448323066392882%
14611,1,5.454794333036753%
14612,1,5.461264713933753%
14613,0,5.460890987476904%
14614,0,5.460517312166416%
14615,0,5.460143687991789%
14616,0,5.459770114942529%
14617,0,5.459396593008141%
14618,0,5.459023122178137%
14619,0,5.4586497024420275%
14620,0,5.458276333789329%
14621,0,5.457903016209562%
14622,0,5.457529749692244%
14623,0,5.457156534226903%
14624,0,5.456783369803063%
14625,0,5.456410256410257%
14626,0,5.456037194038014%
14627,0,5.455664182675873%
14628,0,5.455291222313371%
14629,0,5.454918312940051%
14630,0,5.454545454545454%
14631,0,5.4541726471191305%
14632,0,5.453799890650629%
14633,0,5.4534271851295015%
14634,0,5.453054530545305%
14635,0,5.452681926887598%
14636,0,5.452309374145941%
14637,0,5.4519368723099%
14638,0,5.4515644213690395%
14639,0,5.451192021312931%
14640,0,5.450819672131148%
14641,0,5.450447373813264%
14642,0,5.450075126348859%
14643,0,5.449702929727515%
14644,0,5.449330783938815%
14645,0,5.448958688972345%
14646,0,5.448586644817698%
14647,0,5.448214651464464%
14648,0,5.447842708902239%
14649,0,5.447470817120623%
14650,0,5.447098976109215%
14651,0,5.446727185857621%
14652,0,5.446355446355446%
14653,1,5.452808298641916%
14654,1,5.459260270233384%
14655,1,5.465711361310134%
14656,1,5.472161572052402%
14657,0,5.471788224056764%
14658,1,5.4782371401282575%
14659,1,5.484685176342179%
14660,0,5.48431105047749%
14661,0,5.483936975649683%
14662,0,5.483562951848316%
14663,0,5.483188979062947%
14664,0,5.482815057283143%
14665,0,5.482441186498466%
14666,0,5.4820673666984865%
14667,0,5.481693597872775%
14668,0,5.481319880010909%
14669,0,5.480946213102461%
14670,0,5.480572597137014%
14671,0,5.480199032104151%
14672,0,5.479825517993457%
14673,0,5.47945205479452%
14674,0,5.479078642496933%
14675,0,5.478705281090289%
14676,0,5.478331970564186%
14677,0,5.477958710908224%
14678,0,5.477585502112004%
14679,0,5.477212344165134%
14680,0,5.47683923705722%
14681,0,5.476466180777876%
14682,0,5.476093175316715%
14683,0,5.475720220663352%
14684,0,5.475347316807409%
14685,0,5.4749744637385085%
14686,0,5.474601661446275%
14687,0,5.474228909920337%
14688,0,5.473856209150327%
14689,0,5.473483559125877%
14690,0,5.473110959836624%
14691,0,5.472738411272207%
14692,0,5.47236591342227%
14693,0,5.471993466276459%
14694,0,5.471621069824418%
14695,0,5.471248724055801%
14696,0,5.470876428960262%
14697,0,5.470504184527455%
14698,0,5.47013199074704%
14699,0,5.469759847608681%
14700,0,5.469387755102041%
14701,0,5.469015713216788%
14702,0,5.468643721942593%
14703,0,5.468271781269129%
14704,0,5.467899891186072%
14705,0,5.467528051683101%
14706,0,5.467156262749898%
14707,0,5.4667845243761475%
14708,0,5.4664128365515365%
14709,0,5.466041199265756%
14710,0,5.465669612508497%
14711,0,5.465298076269458%
14712,0,5.464926590538336%
14713,0,5.464555155304832%
14714,0,5.464183770558652%
14715,0,5.4638124362895%
14716,0,5.463441152487089%
14717,0,5.463069919141129%
14718,0,5.462698736241337%
14719,0,5.46232760377743%
14720,0,5.46195652173913%
14721,0,5.4615854901161605%
14722,0,5.461214508898247%
14723,0,5.460843578075121%
14724,0,5.460472697636512%
14725,0,5.460101867572156%
14726,0,5.459731087871791%
14727,0,5.459360358525158%
14728,0,5.4589896795219985%
14729,0,5.458619050852061%
14730,0,5.458248472505091%
14731,0,5.457877944470844%
14732,0,5.457507466739071%
14733,0,5.457137039299532%
14734,0,5.456766662141985%
14735,0,5.456396335256192%
14736,0,5.456026058631922%
14737,0,5.45565583225894%
14738,1,5.462070837291356%
14739,1,5.4684849718434085%
14740,1,5.474898236092266%
14741,0,5.474526829930127%
14742,1,5.480938814272148%
14743,1,5.48734992877976%
14744,0,5.486977753662506%
14745,0,5.486605629026789%
14746,0,5.486233554862335%
14747,0,5.485861531158879%
14748,0,5.485489557906157%
14749,0,5.485117635093905%
14750,0,5.4847457627118645%
14751,0,5.484373940749779%
14752,0,5.484002169197397%
14753,0,5.483630448044466%
14754,0,5.483258777280738%
14755,0,5.482887156895967%
14756,0,5.482515586879913%
14757,0,5.482144067222335%
14758,0,5.481772597912996%
14759,0,5.481401178941662%
14760,0,5.481029810298103%
14761,0,5.480658491972089%
14762,0,5.480287223953393%
14763,0,5.479916006231796%
14764,0,5.479544838797074%
14765,0,5.479173721639011%
14766,0,5.478802654747392%
14767,0,5.478431638112006%
14768,0,5.478060671722643%
14769,0,5.477689755569098%
14770,0,5.477318889641165%
14771,0,5.476948073928644%
14772,0,5.476577308421337%
14773,0,5.47620659310905%
14774,0,5.475835927981589%
14775,0,5.4754653130287645%
14776,0,5.47509474824039%
14777,0,5.474724233606279%
14778,0,5.474353769116254%
14779,0,5.473983354760133%
14780,0,5.47361299052774%
14781,0,5.473242676408904%
14782,0,5.472872412393452%
14783,0,5.472502198471217%
14784,0,5.472132034632034%
14785,0,5.471761920865742%
14786,0,5.471391857162181%
14787,0,5.471021843511192%
14788,0,5.470651879902624%
14789,0,5.470281966326324%
14790,0,5.469912102772144%
14791,0,5.4695422892299375%
14792,0,5.469172525689562%
14793,0,5.468802812140877%
14794,0,5.468433148573746%
14795,0,5.468063534978032%
14796,0,5.467693971343606%
14797,0,5.467324457660337%
14798,0,5.466954993918097%
14799,0,5.466585580106765%
14800,0,5.466216216216216%
14801,0,5.465846902236335%
14802,0,5.465477638157005%
14803,0,5.465108423968115%
14804,0,5.464739259659551%
14805,0,5.464370145221209%
14806,0,5.464001080642983%
14807,0,5.46363206591477%
14808,0,5.463263101026472%
14809,0,5.4628941859679925%
14810,0,5.462525320729237%
14811,0,5.462156505300115%
14812,0,5.461787739670537%
14813,0,5.461419023830419%
14814,0,5.461050357769677%
14815,0,5.460681741478232%
14816,0,5.4603131749460045%
14817,0,5.459944658162922%
14818,0,5.459576191118909%
14819,0,5.4592077738039%
14820,0,5.458839406207828%
14821,0,5.458471088320626%
14822,0,5.458102820132236%
14823,0,5.457734601632598%
14824,0,5.457366432811657%
14825,0,5.456998313659359%
14826,0,5.4566302441656545%
14827,0,5.456262224320496%
14828,0,5.455894254113839%
14829,0,5.45552633353564%
14830,0,5.455158462575859%
14831,0,5.454790641224462%
14832,0,5.454422869471413%
14833,0,5.454055147306681%
14834,0,5.453687474720238%
14835,0,5.453319851702056%
14836,0,5.452952278242114%
14837,0,5.45258475433039%
14838,0,5.452217279956868%
14839,1,5.458588853696341%
14840,1,5.464959568733153%
14841,1,5.471329425240887%
14842,1,5.477698423393074%
14843,0,5.477329380852927%
14844,1,5.4836971166801405%
14845,0,5.4833277197709664%
14846,0,5.482958372625623%
14847,0,5.482589075234054%
14848,0,5.482219827586207%
14849,0,5.4818506296720315%
14850,0,5.481481481481482%
14851,0,5.481112383004511%
14852,0,5.48074333423108%
14853,0,5.480374335151148%
14854,0,5.480005385754679%
14855,0,5.479636486031639%
14856,0,5.479267635971998%
14857,0,5.478898835565726%
14858,0,5.4785300848028%
14859,0,5.478161383673195%
14860,0,5.477792732166891%
14861,0,5.477424130273871%
14862,0,5.47705557798412%
14863,0,5.476687075287627%
14864,0,5.4763186221743805%
14865,0,5.4759502186343765%
14866,0,5.475581864657608%
14867,0,5.475213560234075%
14868,0,5.47484530535378%
14869,0,5.474477100006726%
14870,0,5.474108944182919%
14871,0,5.473740837872369%
14872,0,5.473372781065089%
14873,0,5.473004773751092%
14874,0,5.472636815920398%
14875,0,5.472268907563025%
14876,0,5.471901048668997%
14877,0,5.471533239228339%
14878,0,5.471165479231079%
14879,0,5.470797768667249%
14880,0,5.470430107526882%
14881,0,5.470062495800013%
14882,0,5.469694933476683%
14883,0,5.469327420546933%
14884,1,5.475678581026606%
14885,1,5.482028888142425%
14886,0,5.481660620717452%
14887,0,5.481292402767515%
14888,0,5.480924234282644%
14889,0,5.480556115252871%
14890,0,5.480188045668234%
14891,0,5.4798200255187695%
14892,0,5.47945205479452%
14893,0,5.4790841334855305%
14894,0,5.478716261581845%
14895,0,5.478348439073515%
14896,0,5.477980665950591%
14897,0,5.4776129422031286%
14898,0,5.477245267821184%
14899,0,5.476877642794818%
14900,0,5.476510067114094%
14901,0,5.476142540769076%
14902,0,5.475775063749833%
14903,0,5.475407636046434%
14904,0,5.475040257648954%
14905,0,5.474672928547467%
14906,0,5.474305648732054%
14907,0,5.4739384181927955%
14908,0,5.473571236919775%
14909,0,5.473204104903079%
14910,0,5.472837022132797%
14911,0,5.472469988599021%
14912,0,5.472103004291846%
14913,0,5.471736069201368%
14914,0,5.471369183317688%
14915,0,5.471002346630908%
14916,0,5.470635559131135%
14917,0,5.4702688208084735%
14918,0,5.469902131653036%
14919,0,5.469535491654937%
14920,0,5.46916890080429%
14921,0,5.468802359091214%
14922,0,5.46843586650583%
14923,0,5.468069423038263%
14924,0,5.467703028678638%
14925,0,5.467336683417085%
14926,0,5.466970387243736%
14927,0,5.466604140148724%
14928,0,5.466237942122187%
14929,0,5.465871793154264%
14930,0,5.465505693235097%
14931,0,5.465139642354832%
14932,0,5.4647736405036165%
14933,0,5.4644076876716%
14934,0,5.464041783848935%
14935,0,5.463675929025778%
14936,0,5.463310123192287%
14937,0,5.462944366338622%
14938,0,5.462578658454947%
14939,0,5.462212999531428%
14940,0,5.461847389558233%
14941,0,5.4614818285255335%
14942,0,5.461116316423504%
14943,0,5.460750853242321%
14944,0,5.460385438972163%
14945,0,5.460020073603212%
14946,0,5.459654757125652%
14947,0,5.459289489529671%
14948,0,5.458924270805459%
14949,0,5.458559100943207%
14950,0,5.45819397993311%
14951,0,5.457828907765367%
14952,0,5.457463884430177%
14953,0,5.457098909917742%
14954,0,5.456733984218269%
14955,0,5.456369107321966%
14956,0,5.456004279219043%
14957,0,5.455639499899712%
14958,0,5.455274769354192%
14959,0,5.454910087572698%
14960,0,5.454545454545454%
14961,0,5.454180870262683%
14962,0,5.4538163347146105%
14963,0,5.453451847891466%
14964,0,5.45308740978348%
14965,0,5.452723020380889%
14966,0,5.452358679673928%
14967,0,5.451994387652837%
14968,0,5.451630144307857%
14969,0,5.451265949629234%
14970,0,5.4509018036072145%
14971,0,5.450537706232049%
14972,0,5.4501736574939885%
14973,0,5.44980965738329%
14974,0,5.449445705890209%
14975,0,5.449081803005009%
14976,0,5.448717948717949%
14977,0,5.448354143019296%
14978,0,5.4479903858993195%
14979,0,5.447626677348287%
14980,0,5.447263017356476%
14981,0,5.446899405914158%
14982,0,5.446535843011614%
14983,0,5.446172328639124%
14984,0,5.445808862786973%
14985,0,5.445445445445445%
14986,0,5.445082076604831%
14987,0,5.444718756255421%
14988,0,5.44435548438751%
14989,0,5.4439922609913936%
14990,0,5.4436290860573715%
14991,0,5.443265959575745%
14992,0,5.44290288153682%
14993,0,5.442539851930901%
14994,0,5.442176870748299%
14995,0,5.441813937979326%
14996,0,5.441451053614297%
14997,0,5.441088217643529%
14998,0,5.44072543005734%
14999,0,5.440362690846056%
15000,0,5.4399999999999995%
15001,0,5.439637357509499%
15002,0,5.439274763364884%
15003,0,5.438912217556489%
15004,0,5.438549720074646%
15005,0,5.438187270909697%
15006,0,5.437824870051979%
15007,0,5.437462517491838%
15008,0,5.437100213219616%
15009,0,5.436737957225665%
15010,0,5.436375749500333%
15011,0,5.436013590033975%
15012,0,5.435651478816946%
15013,0,5.4352894158396055%
15014,0,5.434927401092314%
15015,0,5.434565434565434%
15016,0,5.434203516249334%
15017,0,5.433841646134381%
15018,0,5.433479824210947%
15019,0,5.433118050469406%
15020,0,5.432756324900133%
15021,0,5.432394647493509%
15022,0,5.432033018239915%
15023,0,5.431671437129734%
15024,0,5.431309904153355%
15025,0,5.430948419301164%
15026,0,5.430586982563557%
15027,0,5.430225593930924%
15028,0,5.429864253393665%
15029,0,5.4295029609421785%
15030,0,5.429141716566866%
15031,0,5.428780520258133%
15032,0,5.4284193720063865%
15033,0,5.428058271802035%
15034,0,5.427697219635493%
15035,0,5.427336215497173%
15036,0,5.426975259377494%
15037,0,5.426614351266875%
15038,0,5.426253491155738%
15039,0,5.42589267903451%
15040,0,5.425531914893617%
15041,0,5.425171198723489%
15042,0,5.424810530514559%
15043,0,5.4244499102572625%
15044,0,5.4240893379420365%
15045,0,5.423728813559322%
15046,0,5.423368337099562%
15047,0,5.4230079085532%
15048,1,5.42929292929293%
15049,0,5.428932154960463%
15050,0,5.428571428571429%
15051,0,5.428210750116271%
15052,0,5.427850119585438%
15053,0,5.427489536969375%
15054,0,5.4271290022585355%
15055,0,5.426768515443374%
15056,0,5.426408076514346%
15057,0,5.426047685461912%
15058,0,5.425687342276531%
15059,0,5.425327046948668%
15060,0,5.424966799468792%
15061,0,5.424606599827369%
15062,0,5.4242464480148715%
15063,0,5.423886344021775%
15064,0,5.4235262878385555%
15065,0,5.423166279455692%
15066,0,5.422806318863667%
15067,0,5.422446406052964%
15068,0,5.422086541014069%
15069,0,5.421726723737475%
15070,0,5.42136695421367%
15071,0,5.4210072324331495%
15072,0,5.420647558386412%
15073,0,5.420287932063955%
15074,0,5.4199283534562825%
15075,0,5.419568822553898%
15076,0,5.419209339347307%
15077,0,5.418849903827021%
15078,0,5.418490515983552%
15079,0,5.418131175807414%
15080,0,5.417771883289125%
15081,0,5.4174126384192025%
15082,0,5.4170534411881714%
15083,0,5.416694291586555%
15084,0,5.4163351896048795%
15085,0,5.4159761352336755%
15086,0,5.415617128463476%
15087,0,5.415258169284814%
15088,0,5.414899257688229%
15089,0,5.414540393664258%
15090,0,5.414181577203446%
15091,0,5.413822808296335%
15092,0,5.413464086933475%
15093,0,5.413105413105413%
15094,0,5.412746786802703%
15095,0,5.4123882080159%
15096,0,5.41202967673556%
15097,0,5.411671192952242%
15098,0,5.411312756656511%
15099,0,5.41095436783893%
15100,1,5.417218543046358%
15101,1,5.423481888616648%
15102,1,5.429744404714607%
15103,1,5.436006091504999%
15104,1,5.442266949152542%
15105,1,5.448526977821913%
15106,1,5.454786177677744%
15107,0,5.454425100946581%
15108,0,5.454064072014827%
15109,0,5.45370309087299%
15110,0,5.453342157511582%
15111,0,5.452981271921117%
15112,0,5.452620434092112%
15113,0,5.452259644015086%
15114,0,5.451898901680561%
15115,0,5.451538207079061%
15116,0,5.451177560201112%
15117,0,5.450816961037243%
15118,0,5.450456409577987%
15119,0,5.4500959058138765%
15120,0,5.449735449735449%
15121,0,5.449375041333245%
15122,0,5.449014680597805%
15123,0,5.448654367519672%
15124,1,5.454906109494843%
15125,0,5.454545454545454%
15126,0,5.454184847282825%
15127,0,5.453824287697494%
15128,0,5.45346377578001%
15129,0,5.453103311520921%
15130,0,5.452742894910774%
15131,0,5.452382525940123%
15132,0,5.452022204599524%
15133,0,5.451661930879535%
15134,0,5.451301704770715%
15135,0,5.450941526263628%
15136,0,5.450581395348837%
15137,0,5.450221312016913%
15138,0,5.449861276258423%
15139,0,5.449501288063941%
15140,0,5.449141347424042%
15141,0,5.448781454329304%
15142,0,5.448421608770308%
15143,0,5.448061810737634%
15144,0,5.44770206022187%
15145,0,5.447342357213602%
15146,0,5.44698270170342%
15147,0,5.446623093681917%
15148,0,5.446263533139688%
15149,0,5.445904020067331%
15150,0,5.445544554455446%
15151,0,5.445185136294635%
15152,0,5.4448257655755015%
15153,0,5.444466442288656%
15154,0,5.444107166424706%
15155,0,5.4437479379742655%
15156,0,5.443388756927949%
15157,0,5.443029623276374%
15158,0,5.44267053701016%
15159,0,5.442311498119929%
15160,0,5.441952506596306%
15161,0,5.441593562429919%
15162,0,5.441234665611397%
15163,0,5.440875816131372%
15164,0,5.440517013980481%
15165,0,5.440158259149357%
15166,0,5.439799551628643%
15167,0,5.43944089140898%
15168,0,5.4390822784810124%
15169,0,5.4387237128353885%
15170,0,5.438365194462755%
15171,0,5.438006723353768%
15172,0,5.437648299499077%
15173,0,5.4372899228893425%
15174,0,5.436931593515223%
15175,0,5.436573311367381%
15176,0,5.436215076436478%
15177,0,5.435856888713184%
15178,0,5.435498748188167%
15179,0,5.435140654852098%
15180,0,5.434782608695652%
15181,0,5.434424609709505%
15182,0,5.434066657884337%
15183,0,5.433708753210828%
15184,0,5.433350895679663%
15185,0,5.432993085281527%
15186,0,5.432635322007111%
15187,0,5.432277605847106%
15188,0,5.431919936792204%
15189,0,5.431562314833103%
15190,0,5.4312047399605%
15191,0,5.430847212165098%
15192,0,5.430489731437599%
15193,0,5.430132297768709%
15194,0,5.429774911149138%
15195,0,5.429417571569595%
15196,0,5.429060279020795%
15197,0,5.428703033493452%
15198,0,5.428345834978287%
15199,0,5.427988683466017%
15200,0,5.427631578947369%
15201,0,5.427274521413064%
15202,0,5.426917510853835%
15203,0,5.426560547260409%
15204,0,5.426203630623521%
15205,0,5.425846760933903%
15206,0,5.425489938182296%
15207,0,5.425133162359439%
15208,0,5.424776433456076%
15209,0,5.424419751462949%
15210,0,5.424063116370808%
15211,0,5.423706528170403%
15212,0,5.423349986852485%
15213,0,5.42299349240781%
15214,0,5.422637044827132%
15215,0,5.422280644101216%
15216,0,5.4219242902208205%
15217,0,5.42156798317671%
15218,0,5.4212117229596535%
15219,0,5.420855509560417%
15220,0,5.4204993429697765%
15221,0,5.420143223178504%
15222,0,5.419787150177375%
15223,0,5.41943112395717%
15224,0,5.41907514450867%
15225,0,5.41871921182266%
15226,0,5.418363325889925%
15227,0,5.418007486701255%
15228,0,5.417651694247439%
15229,0,5.417295948519272%
15230,0,5.416940249507551%
15231,0,5.416584597203072%
15232,0,5.416228991596639%
15233,0,5.415873432679052%
15234,0,5.415517920441118%
15235,0,5.415162454873646%
15236,0,5.414807035967446%
15237,0,5.414451663713329%
15238,0,5.414096338102113%
15239,0,5.4137410591246145%
15240,0,5.413385826771654%
15241,0,5.4130306410340525%
15242,0,5.412675501902638%
15243,0,5.412320409368235%
15244,0,5.411965363421674%
15245,0,5.411610364053788%
15246,0,5.411255411255411%
15247,0,5.410900505017381%
15248,0,5.410545645330536%
15249,0,5.410190832185717%
15250,0,5.409836065573771%
15251,0,5.409481345485542%
15252,0,5.4091266719118805%
15253,0,5.408772044843637%
15254,0,5.4084174642716665%
15255,0,5.408062930186824%
15256,0,5.407708442579969%
15257,0,5.407354001441961%
15258,0,5.406999606763665%
15259,0,5.406645258535947%
15260,0,5.406290956749673%
15261,0,5.4059367013957145%
15262,0,5.405582492464946%
15263,0,5.405228329948241%
15264,0,5.404874213836478%
15265,0,5.4045201441205375%
15266,0,5.404166120791301%
15267,0,5.403812143839654%
15268,0,5.403458213256484%
15269,0,5.40310432903268%
15270,0,5.402750491159136%
15271,0,5.402396699626744%
15272,0,5.402042954426401%
15273,0,5.401689255549008%
15274,0,5.401335602985466%
15275,0,5.400981996726677%
15276,0,5.400628436763551%
15277,0,5.400274923086994%
15278,0,5.399921455687917%
15279,0,5.399568034557236%
15280,0,5.399214659685864%
15281,0,5.398861331064721%
15282,0,5.398508048684727%
15283,0,5.398154812536806%
15284,0,5.3978016226118815%
15285,0,5.397448478900883%
15286,0,5.397095381394741%
15287,0,5.396742330084385%
15288,0,5.3963893249607535%
15289,0,5.396036366014782%
15290,0,5.39568345323741%
15291,0,5.39533058661958%
15292,0,5.394977766152236%
15293,0,5.394624991826326%
15294,0,5.394272263632797%
15295,0,5.393919581562602%
15296,0,5.393566945606695%
15297,0,5.39321435575603%
15298,0,5.392861812001569%
15299,0,5.39250931433427%
15300,0,5.392156862745098%
15301,0,5.391804457225018%
15302,0,5.391452097764998%
15303,0,5.391099784356008%
15304,0,5.390747516989022%
15305,0,5.390395295655015%
15306,0,5.390043120344963%
15307,0,5.3896909910498465%
15308,0,5.389338907760648%
15309,0,5.388986870468352%
15310,0,5.388634879163945%
15311,0,5.388282933838417%
15312,0,5.387931034482758%
15313,0,5.387579181087965%
15314,0,5.387227373645031%
15315,0,5.386875612144956%
15316,0,5.386523896578741%
15317,0,5.38617222693739%
15318,0,5.385820603211908%
15319,0,5.385469025393302%
15320,0,5.385117493472585%
15321,0,5.384766007440767%
15322,0,5.384414567288866%
15323,0,5.384063173007897%
15324,0,5.38371182458888%
15325,0,5.383360522022838%
15326,0,5.383009265300796%
15327,0,5.382658054413779%
15328,0,5.382306889352819%
15329,0,5.381955770108944%
15330,0,5.38160469667319%
15331,0,5.381253669036592%
15332,0,5.380902687190191%
15333,0,5.380551751125025%
15334,0,5.380200860832137%
15335,0,5.3798500163025755%
15336,0,5.379499217527386%
15337,0,5.37914846449762%
15338,0,5.378797757204329%
15339,0,5.378447095638569%
15340,0,5.378096479791395%
15341,0,5.377745909653869%
15342,0,5.377395385217051%
15343,0,5.3770449064720065%
15344,0,5.376694473409802%
15345,0,5.376344086021505%
15346,0,5.375993744298189%
15347,0,5.3756434482309245%
15348,0,5.37529319781079%
15349,0,5.374942993028862%
15350,0,5.374592833876222%
15351,0,5.374242720343951%
15352,0,5.373892652423137%
15353,0,5.373542630104866%
15354,0,5.373192653380227%
15355,0,5.372842722240312%
15356,0,5.3724928366762175%
15357,0,5.372142996679039%
15358,0,5.371793202239875%
15359,0,5.371443453349827%
15360,0,5.37109375%
15361,0,5.370744092181499%
15362,0,5.370394479885431%
15363,0,5.37004491310291%
15364,0,5.369695391825045%
15365,0,5.369345916042955%
15366,0,5.368996485747755%
15367,0,5.368647100930565%
15368,0,5.368297761582509%
15369,0,5.36794846769471%
15370,0,5.367599219258295%
15371,0,5.367250016264394%
15372,0,5.366900858704137%
15373,0,5.36655174656866%
15374,0,5.366202679849096%
15375,0,5.365853658536586%
15376,0,5.3655046826222685%
15377,1,5.371658971190739%
15378,0,5.371309663155157%
15379,0,5.370960400546199%
15380,0,5.370611183355006%
15381,0,5.37026201157272%
15382,0,5.369912885190482%
15383,0,5.369563804199442%
15384,0,5.369214768590743%
15385,0,5.3688657783555405%
15386,0,5.368516833484986%
15387,0,5.368167933970234%
15388,0,5.367819079802443%
15389,0,5.367470270972772%
15390,0,5.367121507472385%
15391,0,5.366772789292443%
15392,0,5.366424116424116%
15393,0,5.366075488858573%
15394,0,5.365726906586982%
15395,0,5.36537836960052%
15396,0,5.365029877890361%
15397,0,5.364681431447685%
15398,0,5.36433303026367%
15399,0,5.363984674329502%
15400,0,5.363636363636363%
15401,0,5.363288098175443%
15402,0,5.36293987793793%
15403,0,5.362591702915016%
15404,0,5.362243573097897%
15405,0,5.361895488477767%
15406,0,5.361547449045826%
15407,0,5.361199454793276%
15408,0,5.360851505711318%
15409,0,5.360503601791161%
15410,0,5.36015574302401%
15411,0,5.359807929401077%
15412,0,5.359460160913574%
15413,0,5.3591124375527155%
15414,0,5.358764759309718%
15415,0,5.3584171261758025%
15416,0,5.35806953814219%
15417,0,5.357721995200103%
15418,0,5.35737449734077%
15419,0,5.3570270445554184%
15420,0,5.3566796368352785%
15421,0,5.356332274171584%
15422,0,5.35598495655557%
15423,0,5.355637683978474%
15424,0,5.355290456431535%
15425,0,5.354943273905997%
15426,0,5.354596136393103%
15427,0,5.354249043884099%
15428,0,5.353901996370237%
15429,0,5.353554993842764%
15430,0,5.353208036292935%
15431,0,5.3528611237120085%
15432,0,5.352514256091239%
15433,0,5.352167433421888%
15434,0,5.351820655695218%
15435,0,5.351473922902494%
15436,0,5.351127235034983%
15437,0,5.350780592083955%
15438,0,5.350433994040679%
15439,0,5.350087440896431%
15440,0,5.3497409326424865%
15441,0,5.349394469270125%
15442,0,5.349048050770626%
15443,0,5.348701677135272%
15444,0,5.348355348355349%
15445,0,5.348009064422143%
15446,0,5.347662825326945%
15447,0,5.347316631061048%
15448,0,5.3469704816157435%
15449,0,5.346624376982329%
15450,0,5.3462783171521036%
15451,0,5.345932302116368%
15452,0,5.345586331866425%
15453,0,5.345240406393581%
15454,0,5.344894525689142%
15455,0,5.344548689744419%
15456,0,5.344202898550725%
15457,0,5.343857152099372%
15458,0,5.343511450381679%
15459,0,5.343165793388964%
15460,0,5.342820181112549%
15461,0,5.3424746135437555%
15462,0,5.34212909067391%
15463,0,5.341783612494341%
15464,0,5.341438178996379%
15465,0,5.341092790171355%
15466,0,5.340747446010604%
15467,0,5.340402146505463%
15468,0,5.340056891647272%
15469,0,5.339711681427371%
15470,0,5.339366515837104%
15471,0,5.339021394867817%
15472,0,5.338676318510858%
15473,0,5.338331286757578%
15474,0,5.337986299599328%
15475,0,5.337641357027464%
15476,0,5.337296459033342%
15477,0,5.336951605608322%
15478,0,5.336606796743766%
15479,0,5.336262032431035%
15480,0,5.335917312661499%
15481,0,5.335572637426523%
15482,0,5.335228006717478%
15483,0,5.334883420525738%
15484,0,5.334538878842676%
15485,0,5.334194381659671%
15486,0,5.3338499289681%
15487,0,5.3335055207593465%
15488,0,5.333161157024794%
15489,0,5.332816837755827%
15490,0,5.332472562943835%
15491,0,5.332128332580208%
15492,0,5.331784146656339%
15493,0,5.331440005163622%
15494,0,5.331095908093456%
15495,0,5.330751855437238%
15496,0,5.330407847186371%
15497,0,5.330063883332258%
15498,0,5.329719963866306%
15499,0,5.329376088779921%
15500,0,5.329032258064516%
15501,0,5.328688471711502%
15502,0,5.328344729712295%
15503,0,5.328001032058311%
15504,0,5.3276573787409705%
15505,0,5.327313769751693%
15506,0,5.326970205081904%
15507,0,5.326626684723029%
15508,0,5.326283208666495%
15509,0,5.325939776903733%
15510,0,5.325596389426177%
15511,0,5.32525304622526%
15512,0,5.324909747292419%
15513,0,5.324566492619094%
15514,0,5.3242232821967255%
15515,0,5.323880116016758%
15516,0,5.323536994070636%
15517,0,5.323193916349809%
15518,0,5.322850882845728%
15519,0,5.322507893549842%
15520,0,5.322164948453608%
15521,0,5.3218220475484825%
15522,0,5.321479190825924%
15523,0,5.321136378277394%
15524,0,5.320793609894357%
15525,0,5.3204508856682775%
15526,0,5.320108205590622%
15527,0,5.319765569652863%
15528,0,5.319422977846471%
15529,0,5.319080430162921%
15530,0,5.318737926593689%
15531,0,5.318395467130255%
15532,0,5.3180530517641%
15533,0,5.317710680486706%
15534,0,5.317368353289558%
15535,0,5.317026070164146%
15536,0,5.316683831101956%
15537,0,5.316341636094484%
15538,0,5.315999485133221%
15539,0,5.315657378209666%
15540,0,5.315315315315315%
15541,0,5.3149732964416705%
15542,0,5.314631321580234%
15543,0,5.314289390722512%
15544,0,5.31394750386001%
15545,0,5.31360566098424%
15546,0,5.3132638620867105%
15547,0,5.312922107158938%
15548,0,5.312580396192437%
15549,0,5.312238729178725%
15550,0,5.311897106109325%
15551,0,5.3115555269757575%
15552,0,5.311213991769547%
15553,0,5.310872500482223%
15554,0,5.3105310531053105%
15555,0,5.310189649630344%
15556,0,5.309848290048856%
15557,0,5.309506974352382%
15558,0,5.309165702532459%
15559,0,5.308824474580629%
15560,0,5.308483290488432%
15561,0,5.308142150247414%
15562,0,5.307801053849119%
15563,0,5.307460001285099%
15564,0,5.307118992546903%
15565,0,5.306778027626084%
15566,0,5.306437106514197%
15567,0,5.306096229202801%
15568,0,5.305755395683454%
15569,0,5.305414605947716%
15570,0,5.3050738599871545%
15571,0,5.304733157793334%
15572,0,5.304392499357822%
15573,0,5.304051884672189%
15574,0,5.303711313728008%
15575,0,5.3033707865168545%
15576,0,5.303030303030303%
15577,0,5.302689863259935%
15578,0,5.302349467197329%
15579,0,5.302009114834071%
15580,0,5.301668806161746%
15581,0,5.30132854117194%
15582,0,5.300988319856245%
15583,0,5.30064814220625%
15584,0,5.300308008213552%
15585,0,5.299967917869747%
15586,0,5.2996278711664315%
15587,0,5.299287868095207%
15588,0,5.298947908647678%
15589,0,5.298607992815447%
15590,0,5.298268120590121%
15591,0,5.297928291963312%
15592,0,5.297588506926629%
15593,0,5.297248765471687%
15594,0,5.296909067590098%
15595,0,5.2965694132734855%
15596,0,5.296229802513465%
15597,0,5.295890235301661%
15598,0,5.295550711629696%
15599,0,5.295211231489199%
15600,0,5.294871794871795%
15601,0,5.294532401769118%
15602,0,5.2941930521727985%
15603,0,5.293853746074473%
15604,0,5.293514483465778%
15605,0,5.293175264338354%
15606,0,5.292836088683839%
15607,0,5.29249695649388%
15608,0,5.292157867760123%
15609,0,5.291818822474213%
15610,0,5.291479820627803%
15611,0,5.291140862212543%
15612,0,5.290801947220087%
15613,0,5.290463075642093%
15614,0,5.290124247470219%
15615,0,5.289785462696125%
15616,1,5.295850409836065%
15617,0,5.295511301786514%
15618,0,5.295172237162249%
15619,0,5.294833215954927%
15620,0,5.294494238156211%
15621,0,5.294155303757762%
15622,0,5.293816412751248%
15623,0,5.293477565128336%
15624,0,5.293138760880697%
15625,0,5.292800000000001%
15626,0,5.292461282477921%
15627,0,5.292122608306136%
15628,0,5.2917839774763245%
15629,0,5.291445389980165%
15630,0,5.291106845809341%
15631,0,5.290768344955537%
15632,0,5.29042988741044%
15633,0,5.29009147316574%
15634,0,5.289753102213125%
15635,0,5.289414774544292%
15636,0,5.289076490150934%
15637,0,5.28873824902475%
15638,0,5.288400051157438%
15639,0,5.288061896540699%
15640,0,5.28772378516624%
15641,0,5.287385717025765%
15642,0,5.287047692110983%
15643,0,5.286709710413604%
15644,0,5.286371771925339%
15645,0,5.286033876637903%
15646,0,5.2856960245430145%
15647,0,5.28535821563239%
15648,0,5.28502044989775%
15649,0,5.284682727330821%
15650,0,5.284345047923323%
15651,0,5.284007411666987%
15652,0,5.283669818553539%
15653,0,5.283332268574714%
15654,0,5.282994761722244%
15655,0,5.282657297987863%
15656,0,5.282319877363311%
15657,0,5.2819824998403275%
15658,0,5.281645165410652%
15659,0,5.281307874066032%
15660,0,5.280970625798212%
15661,0,5.2806334205989405%
15662,0,5.280296258459967%
15663,0,5.279959139373045%
15664,0,5.279622063329929%
15665,0,5.279285030322375%
15666,0,5.278948040342142%
15667,0,5.2786110933809915%
15668,0,5.278274189430687%
15669,0,5.2779373284829925%
15670,0,5.277600510529674%
15671,0,5.277263735562504%
15672,0,5.276927003573252%
15673,0,5.276590314553691%
15674,0,5.276253668495598%
15675,0,5.2759170653907494%
15676,0,5.275580505230926%
15677,1,5.281622759456528%
15678,1,5.287664242888123%
15679,0,5.287326997895274%
15680,1,5.293367346938775%
15681,0,5.29302978126395%
15682,0,5.292692258640479%
15683,0,5.292354779060129%
15684,0,5.292017342514665%
15685,0,5.291679948995856%
15686,0,5.291342598495474%
15687,0,5.291005291005291%
15688,0,5.290668026517084%
15689,0,5.290330805022627%
15690,0,5.289993626513703%
15691,0,5.289656490982091%
15692,0,5.289319398419577%
15693,0,5.288982348817944%
15694,0,5.288645342168982%
15695,0,5.288308378464479%
15696,0,5.287971457696228%
15697,0,5.287634579856023%
15698,0,5.287297744935661%
15699,0,5.286960952926938%
15700,0,5.286624203821656%
15701,0,5.286287497611617%
15702,0,5.285950834288625%
15703,0,5.285614213844489%
15704,0,5.285277636271013%
15705,0,5.284941101560013%
15706,0,5.284604609703298%
15707,0,5.284268160692685%
15708,0,5.2839317545199895%
15709,0,5.283595391177032%
15710,0,5.2832590706556335%
15711,0,5.282922792947616%
15712,0,5.282586558044806%
15713,0,5.282250365939031%
15714,0,5.281914216622121%
15715,0,5.2815781100859045%
15716,0,5.28124204632222%
15717,0,5.280906025322898%
15718,0,5.280570047079782%
15719,0,5.280234111584706%
15720,0,5.2798982188295165%
15721,0,5.279562368806055%
15722,0,5.279226561506169%
15723,0,5.278890796921707%
15724,0,5.278555075044518%
15725,1,5.284578696343402%
15726,1,5.2906015515706475%
15727,1,5.296623640872386%
15728,1,5.30264496439471%
15729,0,5.3023078390234595%
15730,0,5.301970756516211%
15731,0,5.301633716864789%
15732,0,5.301296720061022%
15733,0,5.300959766096739%
15734,0,5.300622854963772%
15735,0,5.3002859866539564%
15736,0,5.299949161159125%
15737,0,5.299612378471119%
15738,0,5.2992756385817765%
15739,0,5.29893894148294%
15740,0,5.298602287166455%
15741,0,5.298265675624166%
15742,0,5.297929106847922%
15743,0,5.297592580829575%
15744,0,5.297256097560975%
15745,0,5.296919657033979%
15746,0,5.2965832592404425%
15747,0,5.296246904172223%
15748,0,5.295910591821184%
15749,0,5.295574322179187%
15750,0,5.295238095238095%
15751,0,5.294901910989778%
15752,0,5.294565769426105%
15753,0,5.294229670538945%
15754,0,5.293893614320173%
15755,0,5.2935576007616625%
15756,0,5.293221629855293%
15757,0,5.292885701592943%
15758,0,5.292549815966494%
15759,0,5.2922139729678275%
15760,0,5.291878172588833%
15761,0,5.291542414821395%
15762,0,5.291206699657404%
15763,0,5.290871027088752%
15764,0,5.290535397107334%
15765,0,5.290199809705043%
15766,0,5.289864264873779%
15767,1,5.295871123232067%
15768,1,5.301877219685439%
15769,0,5.301540998160949%
15770,1,5.307545973367152%
15771,1,5.313550187052185%
15772,1,5.319553639360892%
15773,1,5.32555633043809%
15774,1,5.331558260428553%
15775,0,5.33122028526149%
15776,0,5.330882352941177%
15777,0,5.330544463459466%
15778,0,5.330206616808214%
15779,0,5.329868812979276%
15780,0,5.329531051964512%
15781,0,5.329193333755782%
15782,0,5.32885565834495%
15783,0,5.32851802572388%
15784,0,5.32818043588444%
15785,0,5.327842888818498%
15786,0,5.327505384517927%
15787,0,5.327167922974599%
15788,0,5.32683050418039%
15789,0,5.3264931281271775%
15790,0,5.32615579480684%
15791,0,5.325818504211259%
15792,0,5.32548125633232%
15793,0,5.3251440511619075%
15794,0,5.324806888691908%
15795,0,5.324469768914213%
15796,0,5.324132691820714%
15797,0,5.323795657403305%
15798,0,5.32345866565388%
15799,0,5.323121716564339%
15800,0,5.322784810126582%
15801,0,5.3224479463325105%
15802,0,5.322111125174028%
15803,0,5.321774346643043%
15804,0,5.3214376107314605%
15805,0,5.321100917431193%
15806,0,5.320764266734152%
15807,0,5.320427658632251%
15808,0,5.320091093117409%
15809,0,5.3197545701815425%
15810,0,5.319418089816572%
15811,0,5.31908165201442%
15812,0,5.318745256767012%
15813,0,5.318408904066275%
15814,0,5.318072593904136%
15815,0,5.317736326272526%
15816,0,5.317400101163379%
15817,0,5.317063918568628%
15818,0,5.316727778480212%
15819,0,5.316391680890069%
15820,0,5.316055625790139%
15821,0,5.315719613172366%
15822,0,5.315383643028694%
15823,0,5.315047715351072%
15824,0,5.314711830131446%
15825,0,5.314375987361769%
15826,0,5.314040187033995%
15827,0,5.313704429140078%
15828,0,5.313368713671974%
15829,0,5.313033040621644%
15830,0,5.312697409981048%
15831,0,5.312361821742152%
15832,0,5.312026275896917%
15833,0,5.311690772437315%
15834,0,5.311355311355311%
15835,0,5.3110198926428795%
15836,0,5.3106845162919925%
15837,0,5.310349182294626%
15838,0,5.310013890642757%
15839,0,5.309678641328366%
15840,0,5.309343434343434%
15841,0,5.3090082696799445%
15842,0,5.308673147329883%
15843,0,5.308338067285236%
15844,0,5.308003029537995%
15845,0,5.307668034080152%
15846,0,5.307333080903698%
15847,0,5.3069981700006315%
15848,0,5.306663301362948%
15849,0,5.3063284749826485%
15850,0,5.305993690851736%
15851,0,5.305658948962211%
15852,0,5.305324249306081%
15853,0,5.304989591875355%
15854,0,5.304654976662041%
15855,0,5.304320403658152%
15856,0,5.3039858728557014%
15857,0,5.303651384246705%
15858,0,5.303316937823181%
15859,0,5.302982533577149%
15860,0,5.30264817150063%
15861,0,5.30231385158565%
15862,0,5.301979573824234%
15863,0,5.301645338208409%
15864,0,5.301311144730207%
15865,0,5.300976993381658%
15866,0,5.300642884154796%
15867,0,5.300308817041659%
15868,0,5.299974792034283%
15869,0,5.299640809124709%
15870,0,5.299306868304978%
15871,0,5.298972969567135%
15872,0,5.298639112903226%
15873,0,5.298305298305298%
15874,0,5.297971525765402%
15875,0,5.297637795275591%
15876,0,5.297304106827917%
15877,0,5.296970460414436%
15878,0,5.296636856027207%
15879,0,5.296303293658291%
15880,0,5.295969773299748%
15881,0,5.295636294943643%
15882,0,5.295302858582042%
15883,0,5.294969464207014%
15884,0,5.294636111810627%
15885,0,5.294302801384954%
15886,0,5.29396953292207%
15887,0,5.293636306414049%
15888,0,5.29330312185297%
15889,0,5.292969979230914%
15890,0,5.2926368785399625%
15891,0,5.292303819772198%
15892,0,5.291970802919708%
15893,0,5.29163782797458%
15894,0,5.291304894928904%
15895,0,5.2909720037747725%
15896,0,5.2906391545042775%
15897,0,5.290306347109517%
15898,0,5.289973581582589%
15899,0,5.289640857915592%
15900,0,5.289308176100628%
15901,0,5.2889755361298025%
15902,0,5.2886429379952204%
15903,0,5.28831038168899%
15904,0,5.287977867203219%
15905,0,5.2876453945300215%
15906,0,5.2873129636615115%
15907,0,5.286980574589803%
15908,0,5.2866482273070154%
15909,0,5.286315921805267%
15910,0,5.285983658076681%
15911,0,5.285651436113381%
15912,0,5.285319255907491%
15913,0,5.2849871174511405%
15914,0,5.284655020736459%
15915,0,5.284322965755576%
15916,0,5.283990952500629%
15917,0,5.283658980963749%
15918,0,5.283327051137078%
15919,0,5.282995163012752%
15920,0,5.282663316582915%
15921,0,5.2823315118397085%
15922,0,5.28199974877528%
15923,0,5.281668027381775%
15924,0,5.281336347651344%
15925,0,5.2810047095761385%
15926,0,5.280673113148311%
15927,0,5.280341558360018%
15928,0,5.280010045203416%
15929,0,5.2796785736706635%
15930,0,5.279347143753924%
15931,0,5.279015755445358%
15932,0,5.278684408737132%
15933,0,5.278353103621415%
15934,0,5.278021840090373%
15935,0,5.2776906181361785%
15936,0,5.277359437751004%
15937,0,5.277028298927025%
15938,0,5.276697201656418%
15939,0,5.276366145931363%
15940,0,5.276035131744041%
15941,0,5.275704159086632%
15942,0,5.275373227951324%
15943,0,5.275042338330302%
15944,0,5.274711490215756%
15945,0,5.274380683599874%
15946,0,5.274049918474852%
15947,0,5.273719194832884%
15948,0,5.273388512666164%
15949,0,5.273057871966894%
15950,0,5.2727272727272725%
15951,0,5.272396714939502%
15952,0,5.2720661985957875%
15953,0,5.271735723688335%
15954,0,5.271405290209352%
15955,0,5.27107489815105%
15956,0,5.2707445475056405%
15957,0,5.270414238265339%
15958,0,5.270083970422359%
15959,0,5.269753743968921%
15960,1,5.275689223057644%
15961,0,5.2753586867990725%
15962,0,5.2750281919558955%
15963,0,5.274697738520328%
15964,0,5.27436732648459%
15965,0,5.274036955840902%
15966,0,5.273706626581485%
15967,0,5.273376338698565%
15968,0,5.2730460921843685%
15969,0,5.272715887031123%
15970,0,5.272385723231058%
15971,0,5.272055600776407%
15972,0,5.2717255196594035%
15973,0,5.271395479872284%
15974,0,5.271065481407287%
15975,0,5.270735524256652%
15976,0,5.270405608412619%
15977,0,5.270075733867435%
15978,0,5.269745900613343%
15979,0,5.269416108642593%
15980,0,5.269086357947434%
15981,0,5.268756648520117%
15982,0,5.268426980352897%
15983,0,5.268097353438028%
15984,0,5.267767767767768%
15985,0,5.267438223334376%
15986,0,5.267108720130114%
15987,0,5.266779258147245%
15988,0,5.266449837378033%
15989,0,5.266120457814748%
15990,0,5.265791119449656%
15991,0,5.26546182227503%
15992,0,5.265132566283142%
15993,0,5.264803351466266%
15994,0,5.264474177816681%
15995,0,5.264145045326664%
15996,0,5.263815953988497%
15997,0,5.263486903794461%
15998,0,5.263157894736842%
15999,0,5.262828926807925%
16000,0,5.2625%
16001,0,5.262171114305356%
16002,0,5.261842269716285%
16003,0,5.261513466225082%
16004,0,5.2611847038240445%
16005,0,5.260855982505467%
16006,0,5.260527302261652%
16007,0,5.2601986630849%
16008,0,5.259870064967516%
16009,0,5.2595415079018055%
16010,0,5.259212991880076%
16011,0,5.258884516894636%
16012,0,5.258556082937797%
16013,0,5.258227690001874%
16014,0,5.257899338079181%
16015,0,5.257571027162036%
16016,0,5.257242757242757%
16017,0,5.256914528313667%
16018,0,5.256586340367087%
16019,0,5.256258193395343%
16020,0,5.2559300873907615%
16021,0,5.255602022345672%
16022,0,5.255273998252403%
16023,0,5.254946015103289%
16024,0,5.254618072890664%
16025,0,5.254290171606865%
16026,0,5.253962311244228%
16027,0,5.253634491795096%
16028,0,5.25330671325181%
16029,0,5.2529789756067125%
16030,0,5.252651278852152%
16031,0,5.252323622980475%
16032,0,5.251996007984032%
16033,0,5.251668433855174%
16034,0,5.251340900586254%
16035,0,5.251013408169629%
16036,0,5.250685956597655%
16037,0,5.250358545862692%
16038,0,5.250031175957102%
16039,0,5.249703846873246%
16040,0,5.249376558603491%
16041,0,5.249049311140204%
16042,0,5.2487221044757515%
16043,0,5.248394938602506%
16044,0,5.24806781351284%
16045,0,5.247740729199127%
16046,0,5.247413685653745%
16047,0,5.247086682869072%
16048,0,5.246759720837487%
16049,0,5.246432799551374%
16050,0,5.246105919003115%
16051,0,5.245779079185098%
16052,0,5.245452280089708%
16053,0,5.245125521709338%
16054,0,5.244798804036376%
16055,0,5.24447212706322%
16056,0,5.244145490782262%
16057,0,5.243818895185901%
16058,0,5.243492340266534%
16059,0,5.243165826016564%
16060,0,5.242839352428393%
16061,0,5.242512919494428%
16062,0,5.242186527207073%
16063,0,5.241860175558737%
16064,0,5.241533864541833%
16065,0,5.241207594148771%
16066,0,5.240881364371966%
16067,0,5.240555175203833%
16068,0,5.2402290266367935%
16069,0,5.239902918663264%
16070,0,5.239576851275669%
16071,0,5.23925082446643%
16072,0,5.238924838227974%
16073,0,5.238598892552728%
16074,0,5.238272987433122%
16075,0,5.237947122861587%
16076,0,5.237621298830555%
16077,0,5.2372955153324625%
16078,0,5.236969772359746%
16079,0,5.2366440699048455%
16080,0,5.236318407960199%
16081,0,5.235992786518252%
16082,0,5.235667205571446%
16083,0,5.23534166511223%
16084,0,5.235016165133052%
16085,0,5.2346907056263605%
16086,0,5.234365286584608%
16087,0,5.234039908000248%
16088,0,5.233714569865739%
16089,0,5.233389272173534%
16090,0,5.233064014916097%
16091,0,5.232738798085887%
16092,0,5.2324136216753665%
16093,1,5.23830236748897%
16094,0,5.237976885795949%
16095,1,5.243864554209382%
16096,0,5.243538767395626%
16097,0,5.243213021059825%
16098,1,5.249099266989688%
16099,1,5.254984781663458%
16100,0,5.254658385093168%
16101,1,5.260542823427116%
16102,1,5.266426530865731%
16103,1,5.272309507545178%
16104,1,5.27819175360159%
16105,1,5.284073269171065%
16106,1,5.289954054389669%
16107,1,5.295834109393431%
16108,0,5.295505338962006%
16109,1,5.301384319324601%
16110,1,5.307262569832402%
16111,0,5.306933151263112%
16112,0,5.306603773584905%
16113,0,5.3062744367901695%
16114,0,5.305945140871292%
16115,0,5.3056158858206635%
16116,0,5.305286671630678%
16117,0,5.304957498293727%
16118,0,5.304628365802209%
16119,0,5.30429927414852%
16120,0,5.303970223325062%
16121,0,5.303641213324235%
16122,0,5.303312244138445%
16123,0,5.302983315760095%
16124,0,5.302654428181593%
16125,0,5.3023255813953485%
16126,0,5.301996775393774%
16127,0,5.301668010169281%
16128,0,5.301339285714286%
16129,0,5.301010602021204%
16130,0,5.300681959082455%
16131,0,5.30035335689046%
16132,0,5.30002479543764%
16133,0,5.29969627471642%
16134,0,5.299367794719227%
16135,0,5.299039355438487%
16136,0,5.298710956866634%
16137,0,5.2983825989960955%
16138,0,5.298054281819308%
16139,0,5.297726005328707%
16140,0,5.297397769516729%
16141,0,5.297069574375813%
16142,0,5.296741419898401%
16143,0,5.296413306076937%
16144,0,5.296085232903866%
16145,0,5.295757200371632%
16146,0,5.295429208472687%
16147,0,5.295101257199479%
16148,0,5.2947733465444635%
16149,0,5.294445476500092%
16150,0,5.294117647058823%
16151,0,5.293789858213114%
16152,0,5.293462109955423%
16153,0,5.2931344022782145%
16154,0,5.292806735173951%
16155,0,5.2924791086350975%
16156,0,5.292151522654122%
16157,0,5.291823977223494%
16158,0,5.291496472335685%
16159,0,5.291169007983167%
16160,0,5.290841584158415%
16161,0,5.290514200853908%
16162,0,5.290186858062121%
16163,0,5.289859555775537%
16164,0,5.289532293986636%
16165,0,5.289205072687906%
16166,0,5.28887789187183%
16167,0,5.288550751530896%
16168,0,5.288223651657596%
16169,0,5.287896592244419%
16170,0,5.287569573283859%
16171,0,5.287242594768412%
16172,0,5.286915656690576%
16173,0,5.286588759042849%
16174,0,5.286261901817732%
16175,0,5.285935085007728%
16176,0,5.285608308605341%
16177,0,5.285281572603078%
16178,0,5.2849548769934485%
16179,0,5.284628221768959%
16180,0,5.284301606922126%
16181,0,5.28397503244546%
16182,0,5.2836484983314795%
16183,0,5.2833220045727%
16184,0,5.282995551161641%
16185,0,5.282669138090825%
16186,0,5.282342765352774%
16187,0,5.282016432940013%
16188,0,5.28169014084507%
16189,0,5.281363889060473%
16190,0,5.281037677578753%
16191,0,5.28071150639244%
16192,0,5.280385375494071%
16193,0,5.280059284876181%
16194,0,5.2797332345313075%
16195,0,5.279407224451991%
16196,0,5.279081254630773%
16197,0,5.278755325060196%
16198,0,5.278429435732806%
16199,0,5.2781035866411505%
16200,0,5.277777777777778%
16201,0,5.277452009135239%
16202,0,5.277126280706086%
16203,0,5.276800592482873%
16204,0,5.276474944458158%
16205,0,5.276149336624498%
16206,0,5.275823768974454%
16207,0,5.275498241500586%
16208,0,5.275172754195459%
16209,0,5.274847307051638%
16210,0,5.274521900061691%
16211,0,5.274196533218185%
16212,0,5.273871206513694%
16213,0,5.273545919940789%
16214,0,5.273220673492044%
16215,0,5.272895467160037%
16216,0,5.272570300937346%
16217,0,5.27224517481655%
16218,0,5.271920088790233%
16219,0,5.2715950428509775%
16220,0,5.2712700369913685%
16221,0,5.270945071203995%
16222,0,5.270620145481445%
16223,0,5.27029525981631%
16224,0,5.269970414201183%
16225,0,5.269645608628659%
16226,0,5.269320843091335%
16227,0,5.268996117581808%
16228,0,5.268671432092679%
16229,0,5.268346786616551%
16230,0,5.268022181146026%
16231,0,5.267697615673711%
16232,0,5.267373090192213%
16233,0,5.267048604694142%
16234,0,5.2667241591721075%
16235,0,5.2663997536187255%
16236,0,5.266075388026607%
16237,0,5.265751062388372%
16238,0,5.265426776696637%
16239,0,5.265102530944024%
16240,0,5.264778325123152%
16241,0,5.2644541592266485%
16242,0,5.264130033247137%
16243,0,5.263805947177246%
16244,0,5.2634819010096034%
16245,0,5.263157894736842%
16246,0,5.262833928351594%
16247,0,5.262510001846494%
16248,0,5.26218611521418%
16249,0,5.261862268447289%
16250,0,5.2615384615384615%
16251,0,5.26121469448034%
16252,0,5.260890967265568%
16253,0,5.26056727988679%
16254,0,5.260243632336656%
16255,1,5.266071977852968%
16256,0,5.265748031496063%
16257,1,5.271575321400012%
16258,1,5.2774018944519625%
16259,0,5.277077311027738%
16260,1,5.2829028290282904%
16261,1,5.288727630527028%
16262,1,5.294551715656131%
16263,0,5.29422615753551%
16264,0,5.29390063944909%
16265,1,5.299723332308639%
16266,0,5.299397516291651%
16267,0,5.29907174033319%
16268,0,5.298746004425866%
16269,0,5.298420308562296%
16270,0,5.298094652735095%
16271,0,5.297769036936882%
16272,0,5.297443461160276%
16273,0,5.297117925397899%
16274,0,5.296792429642375%
16275,0,5.296466973886329%
16276,0,5.296141558122389%
16277,0,5.2958161823431835%
16278,0,5.295490846541344%
16279,0,5.295165550709504%
16280,0,5.294840294840294%
16281,0,5.294515078926356%
16282,0,5.2941899029603245%
16283,0,5.29386476693484%
16284,0,5.293539670842544%
16285,0,5.293214614676082%
16286,0,5.292889598428098%
16287,0,5.292564622091239%
16288,0,5.292239685658153%
16289,0,5.291914789121493%
16290,0,5.291589932473911%
16291,0,5.291265115708059%
16292,0,5.290940338816597%
16293,0,5.29061560179218%
16294,0,5.29029090462747%
16295,0,5.289966247315127%
16296,0,5.289641629847815%
16297,0,5.289317052218199%
16298,0,5.288992514418947%
16299,0,5.288668016442727%
16300,0,5.288343558282209%
16301,0,5.288019139930065%
16302,0,5.287694761378972%
16303,0,5.287370422621604%
16304,0,5.287046123650637%
16305,0,5.286721864458755%
16306,0,5.286397645038636%
16307,0,5.286073465382964%
16308,0,5.285749325484425%
16309,0,5.285425225335704%
16310,0,5.2851011649294914%
16311,0,5.2847771442584754%
16312,0,5.284453163315351%
16313,0,5.284129222092809%
16314,0,5.283805320583547%
16315,0,5.283481458780264%
16316,0,5.283157636675656%
16317,0,5.282833854262425%
16318,0,5.282510111533276%
16319,0,5.2821864084809125%
16320,0,5.2818627450980395%
16321,0,5.281539121377367%
16322,0,5.281215537311604%
16323,0,5.280891992893463%
16324,0,5.280568488115658%
16325,0,5.280245022970904%
16326,0,5.279921597451917%
16327,0,5.279598211551418%
16328,0,5.279274865262126%
16329,0,5.2789515585767655%
16330,1,5.284751990202082%
16331,1,5.290551711468986%
16332,1,5.2963507225079605%
16333,1,5.302149023449458%
16334,1,5.3079466144239005%
16335,1,5.313743495561677%
16336,1,5.319539666993144%
16337,1,5.325335128848626%
16338,0,5.325009181050312%
16339,0,5.324683273150132%
16340,0,5.324357405140759%
16341,0,5.32403157701487%
16342,0,5.323705788765145%
16343,0,5.323380040384262%
16344,0,5.323054331864904%
16345,0,5.322728663199755%
16346,0,5.3224030343815%
16347,0,5.322077445402827%
16348,0,5.321751896256423%
16349,0,5.321426386934981%
16350,0,5.321100917431193%
16351,0,5.320775487737753%
16352,0,5.320450097847358%
16353,0,5.320124747752706%
16354,0,5.3197994374464965%
16355,0,5.319474166921431%
16356,0,5.319148936170213%
16357,0,5.318823745185548%
16358,0,5.318498593960142%
16359,0,5.318173482486705%
16360,0,5.3178484107579465%
16361,0,5.3175233787665785%
16362,0,5.317198386505318%
16363,0,5.316873433966877%
16364,0,5.316548521143974%
16365,0,5.316223648029331%
16366,0,5.315898814615667%
16367,0,5.3155740208957045%
16368,0,5.31524926686217%
16369,0,5.314924552507789%
16370,0,5.31459987782529%
16371,0,5.314275242807404%
16372,0,5.313950647446861%
16373,0,5.3136260917363956%
16374,0,5.313301575668743%
16375,0,5.312977099236641%
16376,0,5.3126526624328285%
16377,0,5.312328265250046%
16378,0,5.312003907681036%
16379,0,5.311679589718541%
16380,0,5.311355311355311%
16381,0,5.3110310725840915%
16382,0,5.310706873397632%
16383,0,5.310382713788683%
16384,0,5.31005859375%
16385,0,5.3097345132743365%
16386,0,5.3094104723544495%
16387,0,5.309086470983097%
16388,0,5.308762509153039%
16389,0,5.308438586857038%
16390,0,5.308114704087859%
16391,0,5.307790860838265%
16392,0,5.307467057101025%
16393,0,5.307143292868907%
16394,0,5.306819568134683%
16395,0,5.3064958828911255%
16396,0,5.306172237131008%
16397,0,5.305848630847106%
16398,0,5.3055250640321985%
16399,0,5.305201536679066%
16400,0,5.304878048780488%
16401,0,5.304554600329248%
16402,0,5.304231191318132%
16403,0,5.303907821739926%
16404,0,5.303584491587418%
16405,0,5.303261200853399%
16406,0,5.3029379495306594%
16407,0,5.302614737611995%
16408,0,5.3022915650902%
16409,0,5.301968431958072%
16410,0,5.301645338208409%
16411,0,5.301322283834014%
16412,0,5.300999268827687%
16413,0,5.300676293182233%
16414,0,5.30035335689046%
16415,0,5.300030459945172%
16416,0,5.299707602339181%
16417,0,5.299384784065298%
16418,0,5.299062005116336%
16419,0,5.298739265485109%
16420,0,5.298416565164434%
16421,0,5.298093904147129%
16422,0,5.297771282426013%
16423,0,5.297448699993911%
16424,0,5.297126156843643%
16425,0,5.296803652968037%
16426,0,5.296481188359917%
16427,0,5.296158763012114%
16428,0,5.295836376917458%
16429,0,5.29551403006878%
16430,0,5.295191722458917%
16431,0,5.2948694540807%
16432,0,5.294547224926972%
16433,0,5.294225034990568%
16434,0,5.29390288426433%
16435,0,5.293580772741102%
16436,1,5.2993429058165%
16437,0,5.299020502524791%
16438,0,5.298698138459667%
16439,0,5.2983758136139665%
16440,0,5.298053527980535%
16441,0,5.297731281552217%
16442,0,5.297409074321859%
16443,0,5.297086906282308%
16444,0,5.296764777426417%
16445,0,5.296442687747035%
16446,0,5.296120637237018%
16447,0,5.29579862588922%
16448,0,5.295476653696498%
16449,0,5.295154720651711%
16450,0,5.2948328267477205%
16451,0,5.294510971977387%
16452,0,5.294189156333577%
16453,0,5.293867379809154%
16454,0,5.293545642396986%
16455,0,5.293223944089942%
16456,0,5.292902284880895%
16457,0,5.292580664762715%
16458,0,5.292259083728278%
16459,0,5.2919375417704595%
16460,0,5.291616038882139%
16461,0,5.2912945750561935%
16462,0,5.290973150285506%
16463,0,5.290651764562959%
16464,0,5.290330417881439%
16465,0,5.29000911023383%
16466,0,5.289687841613021%
16467,0,5.289366612011903%
16468,0,5.289045421423366%
16469,1,5.294796283927379%
16470,0,5.294474802671524%
16471,0,5.294153360451704%
16472,0,5.293831957260807%
16473,0,5.2935105930917254%
16474,0,5.293189267937356%
16475,0,5.292867981790591%
16476,0,5.292546734644331%
16477,0,5.292225526491473%
16478,0,5.291904357324919%
16479,0,5.2915832271375685%
16480,0,5.29126213592233%
16481,0,5.290941083672108%
16482,0,5.290620070379808%
16483,0,5.290299096038343%
16484,0,5.289978160640621%
16485,0,5.289657264179557%
16486,0,5.289336406648065%
16487,0,5.289015588039061%
16488,0,5.288694808345464%
16489,0,5.288374067560191%
16490,0,5.288053365676167%
16491,0,5.287732702686314%
16492,0,5.287412078583556%
16493,0,5.28709149336082%
16494,0,5.286770947011035%
16495,0,5.28645043952713%
16496,0,5.286129970902037%
16497,0,5.28580954112869%
16498,0,5.285489150200024%
16499,0,5.285168798108977%
16500,0,5.284848484848484%
16501,0,5.284528210411491%
16502,0,5.2842079747909345%
16503,0,5.2838877779797615%
16504,0,5.283567619970916%
16505,0,5.283247500757346%
16506,1,5.288985823336969%
16507,1,5.294723450657297%
16508,0,5.294402713835716%
16509,0,5.294082015870131%
16510,1,5.299818291944276%
16511,1,5.305553873175459%
16512,0,5.305232558139535%
16513,0,5.304911282020226%
16514,0,5.304590044810464%
16515,0,5.304268846503179%
16516,0,5.303947687091306%
16517,0,5.303626566567779%
16518,0,5.303305484925536%
16519,0,5.302984442157515%
16520,0,5.302663438256658%
16521,0,5.302342473215907%
16522,0,5.302021547028205%
16523,0,5.301700659686498%
16524,0,5.3013798111837325%
16525,0,5.30105900151286%
16526,0,5.300738230666828%
16527,0,5.300417498638591%
16528,0,5.300096805421103%
16529,0,5.29977615100732%
16530,0,5.2994555353902%
16531,0,5.299134958562701%
16532,0,5.298814420517783%
16533,0,5.298493921248412%
16534,0,5.298173460747551%
16535,0,5.297853039008165%
16536,0,5.297532656023222%
16537,0,5.297212311785692%
16538,0,5.296892006288548%
16539,0,5.29657173952476%
16540,0,5.296251511487304%
16541,0,5.295931322169156%
16542,0,5.295611171563293%
16543,0,5.295291059662697%
16544,0,5.294970986460348%
16545,0,5.2946509519492295%
16546,0,5.294330956122326%
16547,0,5.294010998972624%
16548,0,5.293691080493111%
16549,0,5.293371200676778%
16550,0,5.293051359516617%
16551,0,5.292731557005619%
16552,0,5.292411793136781%
16553,0,5.292092067903099%
16554,0,5.291772381297571%
16555,0,5.291452733313198%
16556,0,5.2911331239429815%
16557,0,5.290813553179924%
16558,0,5.290494021017031%
16559,0,5.290174527447309%
16560,0,5.289855072463768%
16561,0,5.2895356560594164%
16562,0,5.289216278227267%
16563,0,5.288896938960333%
16564,0,5.28857763825163%
16565,0,5.288258376094174%
16566,0,5.287939152480985%
16567,0,5.287619967405082%
16568,0,5.287300820859488%
16569,0,5.2869817128372265%
16570,0,5.286662643331322%
16571,0,5.286343612334802%
16572,0,5.286024619840695%
16573,0,5.285705665842032%
16574,0,5.285386750331845%
16575,0,5.285067873303167%
16576,0,5.2847490347490345%
16577,0,5.2844302346624845%
16578,0,5.284111473036555%
16579,0,5.283792749864286%
16580,0,5.283474065138721%
16581,0,5.283155418852904%
16582,0,5.282836810999879%
16583,0,5.282518241572695%
16584,0,5.2821997105644%
16585,0,5.281881217968044%
16586,0,5.281562763776679%
16587,1,5.2872731657322%
16588,1,5.292982879189776%
16589,0,5.2926638133703054%
16590,1,5.298372513562387%
16591,0,5.298053161352541%
16592,0,5.297733847637415%
16593,0,5.2974145724100525%
16594,0,5.297095335663493%
16595,0,5.29677613739078%
16596,0,5.296456977584961%
16597,0,5.296137856239079%
16598,0,5.295818773346187%
16599,0,5.2954997288993315%
16600,0,5.295180722891566%
16601,0,5.294861755315945%
16602,0,5.2945428261655225%
16603,0,5.294223935433355%
16604,0,5.293905083112503%
16605,0,5.293586269196025%
16606,0,5.293267493676984%
16607,0,5.292948756548443%
16608,0,5.292630057803469%
16609,0,5.2923113974351255%
16610,0,5.291992775436484%
16611,0,5.291674191800614%
16612,0,5.2913556465205875%
16613,0,5.291037139589478%
16614,0,5.290718671000361%
16615,0,5.2904002407463135%
16616,0,5.290081848820414%
16617,0,5.289763495215743%
16618,0,5.289445179925382%
16619,0,5.2891269029424155%
16620,0,5.288808664259928%
16621,0,5.288490463871007%
16622,0,5.288172301768741%
16623,0,5.287854177946219%
16624,0,5.287536092396535%
16625,0,5.287218045112782%
16626,0,5.2869000360880545%
16627,0,5.286582065315451%
16628,0,5.286264132788069%
16629,0,5.285946238499008%
16630,0,5.285628382441371%
16631,0,5.285310564608261%
16632,0,5.2849927849927845%
16633,0,5.284675043588048%
16634,0,5.284357340387158%
16635,0,5.2840396753832275%
16636,0,5.283722048569368%
16637,0,5.283404459938692%
16638,0,5.283086909484313%
16639,0,5.282769397199351%
16640,0,5.282451923076923%
16641,0,5.28213448711015%
16642,0,5.2818170892921525%
16643,0,5.281499729616055%
16644,0,5.281182408074982%
16645,0,5.280865124662061%
16646,0,5.2805478793704195%
16647,0,5.280230672193189%
16648,0,5.279913503123498%
16649,0,5.279596372154484%
16650,0,5.2792792792792795%
16651,0,5.278962224491022%
16652,0,5.278645207782849%
16653,0,5.278328229147902%
16654,0,5.27801128857932%
16655,0,5.27769438607025%
16656,0,5.2773775216138334%
16657,0,5.277060695203218%
16658,0,5.276743906831553%
16659,0,5.2764271564919865%
16660,0,5.276110444177671%
16661,0,5.27579376988176%
16662,0,5.275477133597407%
16663,0,5.27516053531777%
16664,0,5.274843975036006%
16665,0,5.274527452745274%
16666,0,5.274210968438737%
16667,0,5.273894522109558%
16668,0,5.2735781137509%
16669,0,5.27326174335593%
16670,0,5.272945410917816%
16671,0,5.272629116429728%
16672,0,5.2723128598848366%
16673,0,5.271996641276315%
16674,0,5.271680460597337%
16675,0,5.27136431784108%
16676,0,5.27104821300072%
16677,0,5.270732146069436%
16678,0,5.270416117040413%
16679,0,5.270100125906829%
16680,1,5.275779376498801%
16681,1,5.281457946166297%
16682,1,5.287135835031771%
16683,1,5.292813043217646%
16684,0,5.292495804363462%
16685,0,5.29217860353611%
16686,0,5.291861440728755%
16687,0,5.29154431593456%
16688,0,5.291227229146692%
16689,0,5.29091018035832%
16690,0,5.290593169562612%
16691,0,5.290276196752741%
16692,0,5.289959261921879%
16693,0,5.289642365063201%
16694,0,5.289325506169881%
16695,0,5.289008685235101%
16696,0,5.288691902252037%
16697,0,5.288375157213871%
16698,0,5.288058450113786%
16699,0,5.287741780944967%
16700,0,5.287425149700599%
16701,0,5.28710855637387%
16702,0,5.286792000957969%
16703,0,5.286475483446088%
16704,0,5.2861590038314175%
16705,0,5.285842562107153%
16706,0,5.285526158266491%
16707,0,5.285209792302627%
16708,0,5.284893464208762%
16709,0,5.284577173978096%
16710,0,5.284260921603829%
16711,0,5.283944707079169%
16712,0,5.283628530397319%
16713,0,5.283312391551487%
16714,0,5.282996290534881%
16715,0,5.2826802273407125%
16716,0,5.282364201962192%
16717,0,5.2820482143925345%
16718,0,5.281732264624956%
16719,0,5.281416352652671%
16720,0,5.2811004784688995%
16721,0,5.2807846420668625%
16722,0,5.28046884343978%
16723,0,5.280153082580877%
16724,0,5.279837359483378%
16725,0,5.279521674140508%
16726,0,5.279206026545498%
16727,0,5.278890416691576%
16728,0,5.278574844571975%
16729,0,5.278259310179927%
16730,0,5.277943813508667%
16731,0,5.277628354551432%
16732,0,5.277312933301459%
16733,0,5.276997549751987%
16734,0,5.276682203896259%
16735,0,5.2763668957275165%
16736,0,5.276051625239006%
16737,0,5.275736392423971%
16738,0,5.27542119727566%
16739,0,5.275106039787323%
16740,0,5.27479091995221%
16741,0,5.274475837763575%
16742,0,5.274160793214669%
16743,0,5.273845786298752%
16744,0,5.273530817009077%
16745,0,5.273215885338907%
16746,0,5.2729009912814995%
16747,0,5.272586134830118%
16748,0,5.272271315978027%
16749,0,5.271956534718491%
16750,0,5.271641791044776%
16751,0,5.271327084950152%
16752,0,5.271012416427889%
16753,0,5.270697785471259%
16754,0,5.270383192073535%
16755,0,5.270068636227991%
16756,0,5.269754117927906%
16757,0,5.269439637166557%
16758,0,5.269125193937224%
16759,0,5.268810788233188%
16760,0,5.268496420047733%
16761,0,5.268182089374142%
16762,0,5.267867796205703%
16763,0,5.267553540535704%
16764,0,5.267239322357432%
16765,0,5.266925141664181%
16766,0,5.266610998449242%
16767,0,5.266296892705911%
16768,0,5.265982824427481%
16769,0,5.265668793607251%
16770,0,5.265354800238521%
16771,0,5.265040844314591%
16772,0,5.264726925828763%
16773,0,5.264413044774339%
16774,0,5.264099201144629%
16775,0,5.263785394932936%
16776,0,5.26347162613257%
16777,0,5.263157894736842%
16778,0,5.262844200739063%
16779,0,5.262530544132547%
16780,0,5.262216924910608%
16781,0,5.261903343066563%
16782,0,5.261589798593731%
16783,0,5.261276291485432%
16784,0,5.260962821734986%
16785,0,5.2606493893357165%
16786,0,5.260335994280949%
16787,0,5.260022636564008%
16788,0,5.259709316178222%
16789,0,5.259396033116922%
16790,0,5.259082787373436%
16791,0,5.2587695789410995%
16792,0,5.258456407813244%
16793,0,5.258143273983207%
16794,0,5.257830177444325%
16795,0,5.257517118189938%
16796,0,5.257204096213384%
16797,0,5.256891111508008%
16798,0,5.256578164067151%
16799,0,5.25626525388416%
16800,0,5.255952380952381%
16801,0,5.255639545265163%
16802,0,5.2553267468158555%
16803,0,5.2550139855978095%
16804,0,5.25470126160438%
16805,0,5.25438857482892%
16806,0,5.254075925264787%
16807,0,5.253763312905337%
16808,0,5.253450737743932%
16809,0,5.253138199773931%
16810,0,5.252825698988698%
16811,0,5.2525132353815955%
16812,0,5.25220080894599%
16813,0,5.251888419675251%
16814,0,5.251576067562745%
16815,0,5.251263752601844%
16816,0,5.250951474785919%
16817,0,5.250639234108342%
16818,0,5.2503270305624925%
16819,0,5.250014864141744%
16820,0,5.2497027348394765%
16821,0,5.24939064264907%
16822,0,5.249078587563904%
16823,0,5.248766569577365%
16824,0,5.248454588682834%
16825,0,5.2481426448737%
16826,0,5.2478307381433495%
16827,0,5.247518868485172%
16828,0,5.24720703589256%
16829,0,5.246895240358905%
16830,0,5.246583481877599%
16831,0,5.246271760442042%
16832,0,5.245960076045628%
16833,0,5.245648428681756%
16834,0,5.245336818343828%
16835,0,5.245025245025245%
16836,0,5.244713708719411%
16837,0,5.2444022094197305%
16838,0,5.2440907471196105%
16839,0,5.243779321812459%
16840,0,5.2434679334916865%
16841,0,5.243156582150704%
16842,0,5.242845267782924%
16843,0,5.242533990381761%
16844,0,5.242222749940631%
16845,0,5.241911546452953%
16846,0,5.241600379912145%
16847,0,5.241289250311628%
16848,0,5.240978157644824%
16849,0,5.240667101905157%
16850,0,5.240356083086054%
16851,0,5.240045101180939%
16852,0,5.239734156183242%
16853,0,5.239423248086394%
16854,0,5.239112376883826%
16855,0,5.238801542568971%
16856,0,5.238490745135263%
16857,0,5.23817998457614%
16858,0,5.23786926088504%
16859,0,5.2375585740554005%
16860,0,5.237247924080664%
16861,0,5.236937310954273%
16862,0,5.236626734669671%
16863,0,5.236316195220305%
16864,0,5.236005692599621%
16865,0,5.2356952268010675%
16866,0,5.235384797818096%
16867,0,5.235074405644157%
16868,0,5.234764050272705%
16869,0,5.2344537316971955%
16870,0,5.234143449911085%
16871,0,5.23383320490783%
16872,0,5.233522996680891%
16873,0,5.23321282522373%
16874,0,5.2329026905298095%
16875,0,5.232592592592593%
16876,0,5.232282531405547%
16877,0,5.231972506962138%
16878,0,5.231662519255836%
16879,0,5.231352568280111%
16880,0,5.231042654028436%
16881,0,5.230732776494283%
16882,0,5.230422935671129%
16883,0,5.230113131552449%
16884,0,5.2298033641317225%
16885,0,5.229493633402428%
16886,0,5.229183939358048%
16887,0,5.2288742819920655%
16888,0,5.228564661297963%
16889,0,5.228255077269228%
16890,0,5.2279455298993485%
16891,0,5.227636019181812%
16892,0,5.227326545110111%
16893,0,5.227017107677737%
16894,0,5.226707706878182%
16895,0,5.226398342704942%
16896,0,5.226089015151516%
16897,0,5.225779724211399%
16898,0,5.2254704698780925%
16899,0,5.225161252145098%
16900,0,5.224852071005917%
16901,0,5.224542926454056%
16902,0,5.22423381848302%
16903,0,5.223924747086317%
16904,0,5.223615712257454%
16905,0,5.223306713989944%
16906,0,5.222997752277299%
16907,0,5.222688827113029%
16908,0,5.222379938490655%
16909,0,5.22207108640369%
16910,0,5.2217622708456535%
16911,0,5.221453491810064%
16912,0,5.221144749290445%
16913,0,5.220836043280317%
16914,0,5.220527373773206%
16915,0,5.220218740762637%
16916,0,5.219910144242138%
16917,0,5.219601584205237%
16918,0,5.219293060645466%
16919,0,5.218984573556357%
16920,0,5.218676122931442%
16921,0,5.218367708764257%
16922,0,5.218059331048339%
16923,0,5.217750989777226%
16924,0,5.217442684944458%
16925,0,5.2171344165435745%
16926,0,5.21682618456812%
16927,0,5.216517989011638%
16928,0,5.216209829867675%
16929,0,5.2159017071297775%
16930,0,5.215593620791494%
16931,0,5.215285570846376%
16932,0,5.214977557287975%
16933,0,5.214669580109844%
16934,0,5.214361639305539%
16935,0,5.214053734868615%
16936,0,5.213745866792631%
16937,0,5.213438035071146%
16938,0,5.213130239697721%
16939,0,5.21282248066592%
16940,0,5.212514757969303%
16941,0,5.21220707160144%
16942,0,5.211899421555897%
16943,0,5.211591807826241%
16944,0,5.211284230406044%
16945,0,5.210976689288875%
16946,0,5.210669184468311%
16947,0,5.210361715937925%
16948,0,5.21005428369129%
16949,0,5.209746887721989%
16950,0,5.209439528023599%
16951,0,5.209132204589699%
16952,0,5.2088249174138745%
16953,0,5.2085176664897075%
16954,0,5.208210451810783%
16955,0,5.207903273370687%
16956,0,5.20759613116301%
16957,0,5.207289025181341%
16958,0,5.206981955419271%
16959,0,5.206674921870393%
16960,0,5.206367924528302%
16961,0,5.206060963386593%
16962,0,5.205754038438863%
16963,0,5.2054471496787125%
16964,0,5.2051402970997405%
16965,0,5.20483348069555%
16966,0,5.204526700459743%
16967,0,5.204219956385925%
16968,0,5.203913248467703%
16969,0,5.203606576698686%
16970,0,5.203299941072482%
16971,0,5.2029933415827%
16972,0,5.202686778222955%
16973,0,5.202380250986861%
16974,0,5.202073759868033%
16975,0,5.201767304860088%
16976,0,5.201460885956645%
16977,0,5.201154503151322%
16978,0,5.200848156437743%
16979,0,5.200541845809529%
16980,0,5.200235571260306%
16981,0,5.199929332783699%
16982,0,5.199623130373336%
16983,0,5.199316964022847%
16984,0,5.199010833725859%
16985,0,5.198704739476008%
16986,0,5.198398681266926%
16987,0,5.1980926590922465%
16988,0,5.197786672945608%
16989,0,5.197480722820648%
16990,0,5.197174808711007%
16991,0,5.196868930610323%
16992,0,5.196563088512241%
16993,0,5.196257282410404%
16994,0,5.195951512298459%
16995,0,5.19564577817005%
16996,1,5.201223817368793%
16997,1,5.206801200211801%
16998,0,5.206494881750794%
16999,0,5.206188599329372%
17000,0,5.205882352941176%
17001,0,5.205576142579849%
17002,0,5.205269968239031%
17003,0,5.204963829912368%
17004,0,5.204657727593507%
17005,0,5.204351661276095%
17006,0,5.2040456309537815%
17007,0,5.203739636620215%
17008,0,5.203433678269049%
17009,0,5.203127755893938%
17010,0,5.2028218694885355%
17011,0,5.202516019046499%
17012,0,5.202210204561486%
17013,0,5.201904426027156%
17014,0,5.20159868343717%
17015,1,5.207170143990596%
17016,1,5.212740949694405%
17017,0,5.2124346241993305%
17018,0,5.212128334704431%
17019,0,5.211822081203361%
17020,0,5.211515863689777%
17021,0,5.211209682157334%
17022,0,5.2109035365996945%
17023,0,5.210597427010515%
17024,0,5.210291353383459%
17025,0,5.209985315712188%
17026,0,5.209679313990367%
17027,0,5.209373348211664%
17028,0,5.209067418369744%
17029,0,5.208761524458277%
17030,0,5.208455666470933%
17031,0,5.208149844401386%
17032,0,5.207844058243307%
17033,0,5.207538307990371%
17034,0,5.207232593636257%
17035,0,5.20692691517464%
17036,0,5.206621272599202%
17037,0,5.206315665903621%
17038,0,5.206010095081583%
17039,0,5.205704560126768%
17040,0,5.205399061032864%
17041,0,5.205093597793557%
17042,0,5.2047881704025345%
17043,0,5.204482778853489%
17044,0,5.2041774231401075%
17045,0,5.203872103256087%
17046,0,5.203566819195119%
17047,0,5.2032615709509%
17048,0,5.202956358517128%
17049,0,5.202651181887501%
17050,0,5.202346041055718%
17051,0,5.202040936015482%
17052,0,5.201735866760497%
17053,0,5.2014308332844665%
17054,0,5.201125835581095%
17055,0,5.200820873644093%
17056,0,5.200515947467167%
17057,0,5.2002110570440285%
17058,0,5.19990620236839%
17059,0,5.199601383433965%
17060,0,5.199296600234467%
17061,0,5.198991852763613%
17062,0,5.198687141015122%
17063,0,5.1983824649827115%
17064,0,5.198077824660103%
17065,0,5.19777322004102%
17066,0,5.197468651119184%
17067,0,5.197164117888323%
17068,0,5.196859620342161%
17069,0,5.196555158474427%
17070,0,5.196250732278852%
17071,0,5.195946341749165%
17072,0,5.1956419868791%
17073,0,5.1953376676623915%
17074,0,5.195033384092772%
17075,0,5.194729136163982%
17076,1,5.200281096275474%
17077,1,5.205832406160332%
17078,0,5.205527579341843%
17079,0,5.205222788219451%
17080,0,5.204918032786885%
17081,0,5.204613313037878%
17082,0,5.204308628966163%
17083,0,5.204003980565474%
17084,0,5.203699367829548%
17085,0,5.203394790752122%
17086,0,5.203090249326935%
17087,0,5.202785743547726%
17088,0,5.20248127340824%
17089,0,5.202176838902218%
17090,0,5.201872440023406%
17091,0,5.2015680767655486%
17092,0,5.201263749122396%
17093,0,5.200959457087697%
17094,0,5.2006552006552%
17095,0,5.20035097981866%
17096,0,5.20004679457183%
17097,0,5.199742644908464%
17098,0,5.199438530822318%
17099,0,5.1991344523071525%
17100,0,5.1988304093567255%
17101,0,5.198526401964798%
17102,0,5.198222430125131%
17103,0,5.197918493831492%
17104,0,5.197614593077643%
17105,0,5.197310727857351%
17106,0,5.197006898164386%
17107,0,5.196703103992518%
17108,0,5.196399345335515%
17109,0,5.196095622187153%
17110,0,5.195791934541203%
17111,0,5.195488282391445%
17112,0,5.1951846657316505%
17113,0,5.194881084555601%
17114,0,5.194577538857076%
17115,0,5.194274028629857%
17116,0,5.193970553867726%
17117,0,5.193667114564468%
17118,0,5.193363710713869%
17119,0,5.193060342309715%
17120,0,5.192757009345794%
17121,0,5.192453711815899%
17122,0,5.192150449713819%
17123,0,5.191847223033347%
17124,0,5.191544031768278%
17125,0,5.191240875912409%
17126,0,5.190937755459536%
17127,0,5.1906346704034565%
17128,0,5.190331620737973%
17129,0,5.190028606456886%
17130,0,5.189725627553999%
17131,0,5.189422684023116%
17132,0,5.189119775858043%
17133,0,5.188816903052588%
17134,0,5.18851406560056%
17135,0,5.188211263495769%
17136,0,5.187908496732026%
17137,0,5.187605765303145%
17138,0,5.18730306920294%
17139,0,5.187000408425229%
17140,0,5.186697782963828%
17141,0,5.1863951928125545%
17142,0,5.186092637965232%
17143,0,5.18579011841568%
17144,0,5.185487634157723%
17145,0,5.185185185185185%
17146,0,5.184882771491893%
17147,0,5.184580393071674%
17148,0,5.184278049918358%
17149,0,5.1839757420257735%
17150,0,5.183673469387755%
17151,0,5.183371231998135%
17152,0,5.1830690298507465%
17153,0,5.1827668629394275%
17154,0,5.182464731258015%
17155,0,5.18216263480035%
17156,0,5.181860573560271%
17157,0,5.18155854753162%
17158,0,5.181256556708242%
17159,0,5.180954601083979%
17160,0,5.180652680652681%
17161,0,5.180350795408193%
17162,0,5.180048945344366%
17163,0,5.179747130455048%
17164,0,5.1794453507340945%
17165,0,5.179143606175357%
17166,0,5.17884189677269%
17167,0,5.178540222519952%
17168,0,5.178238583410997%
17169,0,5.177936979439688%
17170,0,5.177635410599883%
17171,0,5.177333876885446%
17172,0,5.1770323782902405%
17173,0,5.176730914808129%
17174,0,5.17642948643298%
17175,0,5.176128093158661%
17176,0,5.175826734979041%
17177,0,5.17552541188799%
17178,0,5.175224123879381%
17179,0,5.1749228709470865%
17180,0,5.174621653084983%
17181,0,5.174320470286945%
17182,0,5.174019322546852%
17183,0,5.173718209858581%
17184,0,5.173417132216015%
17185,0,5.173116089613035%
17186,0,5.172815082043524%
17187,0,5.172514109501368%
17188,0,5.172213171980451%
17189,0,5.171912269474664%
17190,0,5.171611401977894%
17191,0,5.1713105694840324%
17192,0,5.171009771986971%
17193,0,5.1707090094806025%
17194,0,5.170408281958823%
17195,0,5.170107589415528%
17196,1,5.175622237729705%
17197,1,5.181136244693842%
17198,1,5.186649610419816%
17199,1,5.192162335019478%
17200,1,5.197674418604651%
17201,0,5.197372245799663%
17202,1,5.202883385652831%
17203,1,5.208393884787537%
17204,0,5.208091141594978%
17205,0,5.207788433594885%
17206,0,5.207485760781123%
17207,0,5.207183123147556%
17208,0,5.206880520688053%
17209,0,5.206577953396478%
17210,0,5.206275421266706%
17211,0,5.205972924292603%
17212,0,5.205670462468046%
17213,0,5.205368035786905%
17214,0,5.205065644243058%
17215,0,5.204763287830381%
17216,0,5.204460966542751%
17217,0,5.204158680374049%
17218,0,5.203856429318155%
17219,0,5.203554213368953%
17220,0,5.203252032520325%
17221,0,5.202949886766158%
17222,0,5.202647776100337%
17223,0,5.202345700516751%
17224,0,5.20204366000929%
17225,0,5.201741654571843%
17226,0,5.201439684198305%
17227,0,5.201137748882568%
17228,0,5.200835848618528%
17229,0,5.200533983400081%
17230,0,5.200232153221126%
17231,0,5.199930358075561%
17232,0,5.199628597957289%
17233,0,5.19932687286021%
17234,0,5.199025182778229%
17235,0,5.198723527705251%
17236,0,5.198421907635182%
17237,0,5.19812032256193%
17238,0,5.197818772479406%
17239,0,5.197517257381519%
17240,0,5.197215777262181%
17241,0,5.196914332115306%
17242,0,5.19661292193481%
17243,0,5.196311546714609%
17244,0,5.196010206448619%
17245,0,5.195708901130763%
17246,0,5.195407630754958%
17247,0,5.195106395315127%
17248,0,5.194805194805195%
17249,0,5.194504029219085%
17250,0,5.194202898550724%
17251,0,5.193901802794041%
17252,0,5.193600741942963%
17253,0,5.193299715991421%
17254,0,5.192998724933349%
17255,0,5.192697768762677%
17256,0,5.192396847473343%
17257,0,5.19209596105928%
17258,0,5.191795109514428%
17259,0,5.191494292832725%
17260,0,5.191193511008111%
17261,0,5.190892764034529%
17262,0,5.190592051905921%
17263,0,5.190291374616232%
17264,0,5.189990732159407%
17265,0,5.1896901245293945%
17266,0,5.189389551720144%
17267,0,5.189089013725604%
17268,0,5.188788510539727%
17269,0,5.188488042156465%
17270,0,5.188187608569774%
17271,0,5.187887209773609%
17272,0,5.187586845761927%
17273,0,5.187286516528687%
17274,0,5.186986222067848%
17275,0,5.186685962373372%
17276,0,5.186385737439222%
17277,0,5.1860855472593625%
17278,0,5.185785391827758%
17279,0,5.185485271138376%
17280,0,5.185185185185185%
17281,0,5.184885133962155%
17282,0,5.184585117463256%
17283,0,5.184285135682463%
17284,0,5.183985188613747%
17285,1,5.189470639282615%
17286,0,5.1891704269350925%
17287,0,5.188870249320299%
17288,0,5.188570106432207%
17289,0,5.188269998264793%
17290,0,5.18796992481203%
17291,0,5.187669886067896%
17292,0,5.1873698820263705%
17293,0,5.187069912681432%
17294,0,5.186769978027062%
17295,0,5.1864700780572415%
17296,0,5.1861702127659575%
17297,0,5.185870382147193%
17298,0,5.185570586194936%
17299,0,5.185270824903173%
17300,0,5.184971098265896%
17301,0,5.1846714062770936%
17302,0,5.184371748930759%
17303,0,5.184072126220887%
17304,0,5.18377253814147%
17305,0,5.183472984686507%
17306,0,5.183173465849994%
17307,0,5.1828739816259315%
17308,1,5.188352207071874%
17309,1,5.193829799526259%
17310,1,5.1993067590987865%
17311,0,5.199006412107908%
17312,0,5.198706099815157%
17313,0,5.1984058222145215%
17314,0,5.198105579299988%
17315,0,5.1978053710655505%
17316,0,5.197505197505198%
17317,0,5.197205058612924%
17318,0,5.196904954382723%
17319,0,5.1966048848085915%
17320,0,5.196304849884527%
17321,0,5.196004849604527%
17322,0,5.195704883962591%
17323,0,5.195404952952722%
17324,0,5.195105056568922%
17325,0,5.194805194805195%
17326,0,5.194505367655546%
17327,0,5.194205575113984%
17328,0,5.193905817174515%
17329,0,5.193606093831151%
17330,0,5.193306405077899%
17331,0,5.1930067509087765%
17332,0,5.192707131317794%
17333,0,5.192407546298967%
17334,0,5.192107995846314%
17335,0,5.191808479953851%
17336,0,5.191508998615597%
17337,0,5.191209551825575%
17338,0,5.190910139577806%
17339,0,5.190610761866313%
17340,0,5.190311418685121%
17341,0,5.190012110028257%
17342,0,5.189712835889748%
17343,0,5.1894135962636225%
17344,0,5.189114391143911%
17345,0,5.1888152205246465%
17346,0,5.188516084399861%
17347,0,5.18821698276359%
17348,0,5.1879179156098685%
17349,0,5.187618882932734%
17350,0,5.187319884726225%
17351,0,5.187020920984382%
17352,0,5.186721991701245%
17353,0,5.1864230968708585%
17354,0,5.186124236487266%
17355,0,5.185825410544512%
17356,0,5.1855266190366445%
17357,0,5.185227861957712%
17358,0,5.184929139301763%
17359,0,5.18463045106285%
17360,0,5.184331797235023%
17361,0,5.1840331778123385%
17362,0,5.183734592788849%
17363,0,5.183436042158613%
17364,0,5.183137525915687%
17365,0,5.182839044054132%
17366,0,5.182540596568006%
17367,0,5.182242183451374%
17368,0,5.181943804698295%
17369,0,5.181645460302838%
17370,0,5.181347150259067%
17371,0,5.18104887456105%
17372,0,5.180750633202855%
17373,0,5.180452426178553%
17374,0,5.180154253482215%
17375,0,5.179856115107913%
17376,0,5.179558011049724%
17377,0,5.17925994130172%
17378,0,5.178961905857982%
17379,0,5.178663904712584%
17380,0,5.178365937859609%
17381,0,5.178068005293136%
17382,0,5.177770107007249%
17383,0,5.17747224299603%
17384,0,5.177174413253566%
17385,0,5.176876617773943%
17386,0,5.176578856551249%
17387,0,5.1762811295795705%
17388,0,5.175983436853002%
17389,0,5.175685778365634%
17390,0,5.175388154111558%
17391,0,5.175090564084871%
17392,0,5.174793008279669%
17393,0,5.174495486690048%
17394,0,5.174197999310107%
17395,0,5.173900546133947%
17396,0,5.173603127155668%
17397,0,5.173305742369374%
17398,0,5.173008391769169%
17399,0,5.1727110753491585%
17400,0,5.172413793103448%
17401,0,5.172116545026148%
17402,0,5.171819331111367%
17403,0,5.171522151353216%
17404,0,5.171225005745805%
17405,0,5.170927894283252%
17406,0,5.170630816959669%
17407,0,5.1703337737691735%
17408,0,5.170036764705882%
17409,0,5.169739789763915%
17410,0,5.1694428489373925%
17411,0,5.169145942220435%
17412,0,5.168849069607168%
17413,0,5.168552231091713%
17414,0,5.168255426668198%
17415,0,5.167958656330749%
17416,0,5.1676619200734955%
17417,0,5.167365217890567%
17418,0,5.1670685497760935%
17419,0,5.166771915724209%
17420,0,5.1664753157290475%
17421,0,5.166178749784742%
17422,0,5.165882217885432%
17423,0,5.165585720025255%
17424,0,5.1652892561983474%
17425,0,5.164992826398852%
17426,0,5.164696430620911%
17427,0,5.164400068858668%
17428,0,5.164103741106266%
17429,0,5.1638074473578515%
17430,0,5.163511187607573%
17431,0,5.163214961849579%
17432,0,5.162918770078018%
17433,0,5.162622612287042%
17434,0,5.162326488470804%
17435,0,5.162030398623458%
17436,0,5.161734342739161%
17437,0,5.161438320812066%
17438,0,5.161142332836334%
17439,0,5.1608463788061245%
17440,0,5.160550458715597%
17441,0,5.160254572558913%
17442,0,5.159958720330237%
17443,0,5.159662902023735%
17444,0,5.15936711763357%
17445,0,5.159071367153913%
17446,0,5.158775650578929%
17447,0,5.1584799679027915%
17448,0,5.15818431911967%
17449,0,5.157888704223738%
17450,0,5.157593123209169%
17451,0,5.157297576070139%
17452,0,5.157002062800825%
17453,0,5.156706583395405%
17454,0,5.156411137848058%
17455,0,5.156115726152965%
17456,0,5.155820348304308%
17457,0,5.155525004296271%
17458,0,5.155229694123038%
17459,0,5.154934417778796%
17460,0,5.154639175257731%
17461,0,5.154343966554035%
17462,0,5.154048791661895%
17463,0,5.153753650575502%
17464,0,5.153458543289052%
17465,0,5.153163469796737%
17466,0,5.152868430092751%
17467,0,5.152573424171295%
17468,0,5.152278452026563%
17469,0,5.151983513652756%
17470,0,5.151688609044076%
17471,0,5.151393738194723%
17472,0,5.151098901098901%
17473,1,5.156527213414983%
17474,1,5.161954904429438%
17475,1,5.167381974248927%
17476,0,5.167086289768825%
17477,1,5.172512444927619%
17478,1,5.1779379791738185%
17479,1,5.183362892613994%
17480,0,5.183066361556064%
17481,0,5.182769864424232%
17482,0,5.182473401212676%
17483,0,5.182176971915576%
17484,0,5.181880576527111%
17485,0,5.181584215041464%
17486,0,5.181287887452819%
17487,0,5.180991593755361%
17488,0,5.180695333943276%
17489,0,5.18039910801075%
17490,0,5.180102915951972%
17491,0,5.179806757761134%
17492,0,5.179510633432426%
17493,0,5.1792145429600405%
17494,0,5.178918486338173%
17495,0,5.178622463561018%
17496,0,5.178326474622771%
17497,0,5.178030519517632%
17498,0,5.177734598239799%
17499,0,5.177438710783473%
17500,0,5.177142857142857%
17501,0,5.176847037312154%
17502,0,5.176551251285567%
17503,0,5.176255499057304%
17504,0,5.1759597806215725%
17505,0,5.1756640959725795%
17506,0,5.175368445104535%
17507,0,5.175072828011652%
17508,0,5.174777244688142%
17509,0,5.17448169512822%
17510,0,5.1741861793260995%
17511,0,5.173890697275998%
17512,0,5.173595248972133%
17513,0,5.173299834408724%
17514,0,5.173004453579993%
17515,0,5.17270910648016%
17516,0,5.172413793103448%
17517,0,5.172118513444083%
17518,0,5.17182326749629%
17519,0,5.171528055254295%
17520,0,5.171232876712329%
17521,0,5.170937731864619%
17522,0,5.170642620705399%
17523,0,5.1703475432289%
17524,0,5.170052499429354%
17525,0,5.1697574893009985%
17526,0,5.169462512838069%
17527,0,5.169167570034803%
17528,0,5.16887266088544%
17529,0,5.168577785384221%
17530,0,5.168282943525385%
17531,0,5.167988135303178%
17532,0,5.167693360711842%
17533,0,5.167398619745622%
17534,0,5.167103912398768%
17535,0,5.166809238665526%
17536,0,5.166514598540146%
17537,0,5.166219992016878%
17538,0,5.165925419089977%
17539,0,5.165630879753691%
17540,0,5.165336374002281%
17541,0,5.165041901829999%
17542,0,5.164747463231103%
17543,0,5.164453058199852%
17544,0,5.164158686730507%
17545,0,5.163864348817327%
17546,0,5.163570044454577%
17547,0,5.163275773636519%
17548,0,5.162981536357419%
17549,0,5.162687332611545%
17550,1,5.168091168091168%
17551,1,5.173494387784173%
17552,0,5.173199635369189%
17553,0,5.172904916538483%
17554,0,5.172610231286316%
17555,0,5.172315579606949%
17556,0,5.1720209614946455%
17557,0,5.17172637694367%
17558,0,5.171431825948285%
17559,0,5.171137308502762%
17560,0,5.170842824601367%
17561,0,5.170548374238369%
17562,0,5.17025395740804%
17563,0,5.169959574104651%
17564,0,5.169665224322477%
17565,0,5.169370908055793%
17566,0,5.169076625298873%
17567,0,5.168782376045995%
17568,0,5.168488160291439%
17569,0,5.168193978029484%
17570,0,5.167899829254411%
17571,0,5.167605713960503%
17572,0,5.167311632142044%
17573,0,5.167017583793319%
17574,0,5.166723568908615%
17575,0,5.166429587482219%
17576,0,5.166135639508421%
17577,0,5.16584172498151%
17578,0,5.165547843895779%
17579,0,5.165253996245521%
17580,0,5.164960182025029%
17581,0,5.164666401228599%
17582,0,5.164372653850529%
17583,0,5.164078939885116%
17584,0,5.16378525932666%
17585,0,5.163491612169463%
17586,0,5.163197998407824%
17587,0,5.1629044180360495%
17588,0,5.162610871048442%
17589,0,5.162317357439309%
17590,0,5.162023877202956%
17591,0,5.1617304303336935%
17592,0,5.16143701682583%
17593,0,5.161143636673677%
17594,0,5.160850289871547%
17595,0,5.160556976413754%
17596,0,5.160263696294613%
17597,0,5.159970449508439%
17598,0,5.159677236049551%
17599,0,5.159384055912268%
17600,0,5.159090909090909%
17601,0,5.158797795579797%
17602,0,5.158504715373253%
17603,0,5.1582116684656025%
17604,0,5.15791865485117%
17605,0,5.157625674524283%
17606,0,5.157332727479268%
17607,0,5.157039813710456%
17608,0,5.156746933212177%
17609,0,5.156454085978761%
17610,0,5.156161272004542%
17611,0,5.155868491283857%
17612,0,5.155575743811038%
17613,0,5.155283029580423%
17614,0,5.1549903485863515%
17615,0,5.154697700823162%
17616,0,5.154405086285195%
17617,0,5.154112504966793%
17618,0,5.1538199568623%
17619,0,5.15352744196606%
17620,0,5.1532349602724175%
17621,0,5.152942511775723%
17622,0,5.152650096470321%
17623,0,5.152357714350565%
17624,0,5.152065365410803%
17625,0,5.15177304964539%
17626,0,5.151480767048678%
17627,1,5.156861632722528%
17628,1,5.162241887905605%
17629,1,5.167621532701798%
17630,1,5.173000567214975%
17631,1,5.178378991548977%
17632,1,5.183756805807622%
17633,1,5.189134010094708%
17634,0,5.188839741408642%
17635,0,5.188545506095831%
17636,0,5.188251304150601%
17637,1,5.19362703407609%
17638,1,5.199002154439278%
17639,1,5.20437666534384%
17640,0,5.204081632653061%
17641,1,5.209455246301229%
17642,1,5.21482825076522%
17643,1,5.220200646148614%
17644,0,5.219904783495806%
17645,0,5.21960895437801%
17646,0,5.219313158789527%
17647,0,5.219017396724656%
17648,0,5.218721668177697%
17649,0,5.2184259731429545%
17650,0,5.218130311614731%
17651,0,5.217834683587332%
17652,0,5.217539089055065%
17653,0,5.217243528012236%
17654,0,5.216948000453155%
17655,0,5.2166525063721325%
17656,0,5.21635704576348%
17657,0,5.21606161862151%
17658,0,5.215766224940537%
17659,0,5.2154708647148755%
17660,0,5.215175537938845%
17661,0,5.214880244606761%
17662,0,5.214584984712943%
17663,0,5.214289758251713%
17664,0,5.213994565217392%
17665,0,5.213699405604302%
17666,0,5.21340427940677%
17667,0,5.21310918661912%
17668,0,5.2128141272356805%
17669,0,5.212519101250778%
17670,0,5.212224108658744%
17671,0,5.2119291494539075%
17672,0,5.211634223630602%
17673,0,5.211339331183161%
17674,0,5.211044472105918%
17675,0,5.210749646393211%
17676,0,5.210454854039375%
17677,0,5.210160095038751%
17678,0,5.209865369385677%
17679,0,5.209570677074495%
17680,0,5.209276018099548%
17681,0,5.208981392455178%
17682,0,5.208686800135731%
17683,0,5.208392241135554%
17684,0,5.208097715448994%
17685,0,5.207803223070399%
17686,0,5.207508763994119%
17687,0,5.207214338214508%
17688,0,5.206919945725915%
17689,0,5.206625586522698%
17690,0,5.2063312605992085%
17691,0,5.206036967949805%
17692,0,5.205742708568844%
17693,0,5.205448482450687%
17694,0,5.205154289589691%
17695,0,5.20486012998022%
17696,0,5.204566003616637%
17697,0,5.204271910493304%
17698,0,5.203977850604588%
17699,0,5.203683823944855%
17700,0,5.203389830508474%
17701,0,5.203095870289815%
17702,0,5.202801943283244%
17703,0,5.202508049483138%
17704,0,5.202214188883867%
17705,0,5.201920361479808%
17706,0,5.2016265672653335%
17707,0,5.201332806234822%
17708,0,5.201039078382652%
17709,0,5.200745383703201%
17710,0,5.200451722190853%
17711,0,5.2001580938399865%
17712,0,5.1998644986449865%
17713,0,5.199570936600237%
17714,0,5.199277407700125%
17715,0,5.198983911939035%
17716,0,5.198690449311357%
17717,0,5.19839701981148%
17718,0,5.198103623433796%
17719,0,5.197810260172695%
17720,0,5.197516930022574%
17721,0,5.197223632977823%
17722,0,5.196930369032841%
17723,0,5.196637138182023%
17724,0,5.196343940419769%
17725,0,5.1960507757404795%
17726,0,5.195757644138554%
17727,0,5.195464545608394%
17728,0,5.195171480144404%
17729,0,5.194878447740989%
17730,0,5.194585448392555%
17731,0,5.194292482093508%
17732,0,5.193999548838259%
17733,0,5.193706648621214%
17734,0,5.193413781436789%
17735,0,5.19312094727939%
17736,0,5.192828146143437%
17737,0,5.192535378023341%
17738,0,5.192242642913519%
17739,0,5.191949940808388%
17740,0,5.1916572717023675%
17741,0,5.191364635589876%
17742,0,5.191072032465336%
17743,0,5.190779462323169%
17744,0,5.1904869251578%
17745,0,5.1901944209636515%
17746,0,5.189901949735152%
17747,0,5.189609511466727%
17748,0,5.1893171061528065%
17749,0,5.189024733787819%
17750,0,5.188732394366197%
17751,0,5.188440087882372%
17752,0,5.1881478143307795%
17753,0,5.1878555737058525%
17754,0,5.187563366002028%
17755,0,5.187271191213743%
17756,0,5.186979049335435%
17757,0,5.186686940361548%
17758,0,5.186394864286519%
17759,0,5.186102821104792%
17760,0,5.1858108108108105%
17761,0,5.18551883339902%
17762,0,5.185226888863867%
17763,0,5.184934977199798%
17764,0,5.184643098401261%
17765,0,5.184351252462707%
17766,0,5.184059439378588%
17767,0,5.1837676591433555%
17768,0,5.183475911751463%
17769,0,5.183184197197367%
17770,0,5.182892515475521%
17771,0,5.182600866580383%
17772,0,5.182309250506415%
17773,0,5.182017667248073%
17774,0,5.18172611679982%
17775,0,5.181434599156118%
17776,0,5.181143114311431%
17777,0,5.180851662260224%
17778,0,5.180560242996963%
17779,0,5.180268856516115%
17780,0,5.179977502812148%
17781,0,5.179686181879535%
17782,0,5.179394893712743%
17783,0,5.179103638306247%
17784,0,5.178812415654521%
17785,0,5.178521225752038%
17786,0,5.178230068593276%
17787,0,5.17793894417271%
17788,0,5.177647852484822%
17789,0,5.177356793524088%
17790,0,5.177065767284991%
17791,0,5.1767747737620144%
17792,0,5.17648381294964%
17793,0,5.1761928848423535%
17794,0,5.1759019894346405%
17795,0,5.175611126720989%
17796,0,5.175320296695887%
17797,0,5.175029499353824%
17798,0,5.174738734689291%
17799,0,5.1744480026967805%
17800,0,5.174157303370786%
17801,0,5.173866636705803%
17802,0,5.1735760026963264%
17803,0,5.173285401336853%
17804,0,5.172994832621883%
17805,0,5.1727042965459145%
17806,0,5.172413793103448%
17807,0,5.1721233222889875%
17808,0,5.171832884097035%
17809,0,5.171542478522095%
17810,0,5.171252105558675%
17811,0,5.17096176520128%
17812,0,5.17067145744442%
17813,0,5.170381182282602%
17814,0,5.17009093971034%
17815,0,5.169800729722144%
17816,0,5.169510552312528%
17817,0,5.169220407476006%
17818,0,5.168930295207094%
17819,0,5.168640215500309%
17820,0,5.168350168350169%
17821,0,5.168060153751193%
17822,0,5.167770171697902%
17823,0,5.1674802221848175%
17824,0,5.1671903052064625%
17825,0,5.166900420757363%
17826,0,5.166610568832043%
17827,0,5.166320749425029%
17828,0,5.16603096253085%
17829,0,5.165741208144035%
17830,0,5.165451486259114%
17831,0,5.165161796870619%
17832,0,5.164872139973082%
17833,0,5.1645825155610385%
17834,0,5.164292923629024%
17835,0,5.164003364171572%
17836,0,5.163713837183225%
17837,0,5.1634243426585185%
17838,0,5.163134880591995%
17839,0,5.162845450978193%
17840,0,5.1625560538116595%
17841,0,5.162266689086935%
17842,0,5.161977356798565%
17843,0,5.161688056941097%
17844,0,5.161398789509079%
17845,0,5.161109554497058%
17846,0,5.160820351899585%
17847,0,5.160531181711212%
17848,0,5.16024204392649%
17849,0,5.159952938539974%
17850,0,5.159663865546219%
17851,0,5.159374824939779%
17852,0,5.159085816715214%
17853,0,5.1587968408670815%
17854,0,5.15850789738994%
17855,0,5.158218986278353%
17856,0,5.157930107526882%
17857,0,5.157641261130089%
17858,0,5.15735244708254%
17859,0,5.157063665378801%
17860,0,5.156774916013438%
17861,0,5.15648619898102%
17862,0,5.1561975142761165%
17863,0,5.155908861893299%
17864,0,5.155620241827139%
17865,0,5.155331654072208%
17866,0,5.155043098623083%
17867,0,5.154754575474338%
17868,0,5.154466084620551%
17869,0,5.154177626056298%
17870,0,5.153889199776161%
17871,0,5.153600805774719%
17872,0,5.153312444046553%
17873,0,5.153024114586247%
17874,0,5.152735817388385%
17875,0,5.152447552447552%
17876,0,5.152159319758335%
17877,0,5.151871119315321%
17878,0,5.1515829511131%
17879,0,5.151294815146261%
17880,0,5.151006711409396%
17881,0,5.150718639897097%
17882,0,5.1504306006039595%
17883,0,5.150142593524577%
17884,0,5.149854618653546%
17885,0,5.149566675985462%
17886,0,5.149278765514928%
17887,0,5.148990887236541%
17888,0,5.148703041144902%
17889,0,5.148415227234613%
17890,0,5.148127445500279%
17891,0,5.147839695936504%
17892,0,5.147551978537894%
17893,0,5.147264293299055%
17894,0,5.146976640214597%
17895,0,5.146689019279129%
17896,0,5.146401430487259%
17897,0,5.146113873833603%
17898,0,5.145826349312772%
17899,0,5.145538856919381%
17900,0,5.145251396648045%
17901,0,5.14496396849338%
17902,0,5.144676572450005%
17903,0,5.14438920851254%
17904,0,5.144101876675603%
17905,0,5.143814576933817%
17906,0,5.143527309281805%
17907,0,5.14324007371419%
17908,0,5.1429528702255976%
17909,0,5.142665698810654%
17910,0,5.142378559463986%
17911,0,5.142091452180225%
17912,0,5.141804376953997%
17913,0,5.1415173337799365%
17914,0,5.1412303226526745%
17915,0,5.1409433435668435%
17916,0,5.14065639651708%
17917,0,5.140369481498019%
17918,0,5.140082598504297%
17919,0,5.139795747530554%
17920,0,5.139508928571428%
17921,0,5.139222141621561%
17922,0,5.138935386675595%
17923,0,5.13864866372817%
17924,0,5.138361972773935%
17925,0,5.138075313807532%
17926,0,5.137788686823608%
17927,0,5.137502091816812%
17928,0,5.137215528781794%
17929,0,5.136928997713202%
17930,0,5.136642498605689%
17931,0,5.136356031453906%
17932,0,5.13606959625251%
17933,0,5.135783192996152%
17934,0,5.135496821679491%
17935,0,5.135210482297184%
17936,0,5.134924174843889%
17937,0,5.134637899314266%
17938,0,5.134351655702977%
17939,0,5.1340654440046825%
17940,0,5.133779264214047%
17941,0,5.1334931163257345%
17942,0,5.133207000334411%
17943,0,5.132920916234744%
17944,0,5.1326348640214%
17945,0,5.13234884368905%
17946,0,5.1320628552323635%
17947,0,5.131776898646014%
17948,0,5.131490973924671%
17949,0,5.131205081063012%
17950,0,5.13091922005571%
17951,0,5.130633390897444%
17952,0,5.130347593582887%
17953,0,5.130061828106723%
17954,0,5.1297760944636295%
17955,0,5.129490392648287%
17956,0,5.12920472265538%
17957,0,5.12891908447959%
17958,0,5.128633478115603%
17959,0,5.1283479035581045%
17960,0,5.128062360801781%
17961,0,5.1277768498413225%
17962,0,5.127491370671417%
17963,0,5.127205923286756%
17964,0,5.126920507682031%
17965,0,5.126635123851934%
17966,0,5.126349771791161%
17967,0,5.126064451494406%
17968,0,5.125779162956367%
17969,0,5.12549390617174%
17970,0,5.125208681135225%
17971,0,5.124923487841523%
17972,0,5.124638326285333%
17973,0,5.1243531964613585%
17974,0,5.124068098364304%
17975,0,5.123783031988873%
17976,0,5.123497997329773%
17977,0,5.12321299438171%
17978,0,5.1229280231393926%
17979,0,5.122643083597531%
17980,0,5.1223581757508345%
17981,0,5.122073299594017%
17982,0,5.121788455121788%
17983,0,5.121503642328866%
17984,0,5.1212188612099645%
17985,0,5.1209341117598%
17986,0,5.12064939397309%
17987,0,5.120364707844555%
17988,0,5.120080053368913%
17989,0,5.119795430540886%
17990,0,5.119510839355197%
17991,0,5.11922627980657%
17992,0,5.118941751889729%
17993,0,5.1186572555994%
17994,0,5.1183727909303105%
17995,0,5.1180883578771885%
17996,0,5.117803956434763%
17997,0,5.1175195865977665%
17998,0,5.117235248360929%
17999,0,5.116950941718985%
18000,0,5.116666666666666%
18001,0,5.116382423198711%
18002,0,5.116098211309854%
18003,0,5.115814030994835%
18004,0,5.1155298822483894%
18005,1,5.120799777839489%
18006,1,5.126069088081751%
18007,1,5.131337813072694%
18008,0,5.131052865393158%
18009,0,5.130767949358654%
18010,0,5.130483064963909%
18011,0,5.130198212203654%
18012,0,5.129913391072619%
18013,0,5.129628601565536%
18014,0,5.12934384367714%
18015,0,5.129059117402165%
18016,0,5.128774422735346%
18017,0,5.128489759671422%
18018,0,5.128205128205128%
18019,0,5.127920528331206%
18020,0,5.127635960044395%
18021,0,5.127351423339437%
18022,0,5.127066918211075%
18023,0,5.126782444654053%
18024,0,5.126498002663116%
18025,0,5.126213592233009%
18026,0,5.125929213358482%
18027,0,5.125644866034282%
18028,0,5.1253605502551585%
18029,0,5.1250762660158635%
18030,0,5.124792013311148%
18031,0,5.124507792135766%
18032,0,5.124223602484472%
18033,0,5.123939444352022%
18034,0,5.123655317733171%
18035,0,5.123371222622678%
18036,0,5.123087159015303%
18037,0,5.122803126905804%
18038,0,5.122519126288946%
18039,0,5.122235157159487%
18040,0,5.121951219512195%
18041,0,5.121667313341832%
18042,0,5.121383438643166%
18043,0,5.121099595410962%
18044,0,5.1208157836399915%
18045,0,5.120532003325021%
18046,0,5.120248254460822%
18047,0,5.119964537042168%
18048,0,5.11968085106383%
18049,0,5.119397196520583%
18050,0,5.119113573407202%
18051,0,5.118829981718465%
18052,0,5.118546421449147%
18053,0,5.118262892594029%
18054,0,5.11797939514789%
18055,0,5.117695929105511%
18056,0,5.117412494461675%
18057,0,5.117129091211164%
18058,0,5.116845719348765%
18059,0,5.116562378869262%
18060,0,5.116279069767442%
18061,0,5.115995792038093%
18062,0,5.115712545676005%
18063,0,5.115429330675967%
18064,0,5.115146147032772%
18065,0,5.1148629947412125%
18066,0,5.114579873796081%
18067,0,5.114296784192174%
18068,0,5.114013725924286%
18069,0,5.113730698987216%
18070,0,5.113447703375761%
18071,0,5.113164739084721%
18072,0,5.112881806108898%
18073,0,5.112598904443092%
18074,0,5.112316034082107%
18075,0,5.1120331950207465%
18076,0,5.111750387253817%
18077,0,5.111467610776124%
18078,0,5.111184865582476%
18079,0,5.110902151667681%
18080,0,5.110619469026548%
18081,0,5.1103368176538915%
18082,0,5.110054197544519%
18083,0,5.109771608693247%
18084,0,5.109489051094891%
18085,0,5.1092065247442635%
18086,0,5.108924029636182%
18087,0,5.108641565765467%
18088,0,5.108359133126935%
18089,0,5.108076731715407%
18090,0,5.107794361525705%
18091,0,5.10751202255265%
18092,0,5.107229714791068%
18093,0,5.106947438235782%
18094,0,5.106665192881618%
18095,0,5.106382978723404%
18096,0,5.106100795755968%
18097,0,5.105818643974139%
18098,0,5.1055365233727485%
18099,0,5.105254433946627%
18100,0,5.104972375690608%
18101,0,5.104690348599525%
18102,1,5.10993260413214%
18103,1,5.115174280505993%
18104,1,5.120415377817057%
18105,0,5.12013256006628%
18106,1,5.125372804595162%
18107,0,5.125089744297785%
18108,0,5.124806715263971%
18109,0,5.124523717488541%
18110,0,5.124240750966317%
18111,0,5.123957815692121%
18112,0,5.123674911660777%
18113,0,5.123392038867112%
18114,0,5.1231091973059515%
18115,0,5.122826386972123%
18116,0,5.122543607860455%
18117,0,5.1222608599657775%
18118,0,5.121978143282923%
18119,0,5.121695457806722%
18120,0,5.121412803532009%
18121,0,5.121130180453617%
18122,0,5.120847588566384%
18123,0,5.120565027865144%
18124,0,5.120282498344736%
18125,0,5.12%
18126,0,5.119717532825775%
18127,0,5.119435096816903%
18128,0,5.119152691968226%
18129,0,5.118870318274587%
18130,0,5.118587975730833%
18131,0,5.118305664331808%
18132,0,5.118023384072358%
18133,0,5.117741134947334%
18134,0,5.117458916951582%
18135,0,5.117176730079956%
18136,0,5.116894574327305%
18137,0,5.116612449688482%
18138,0,5.1163303561583415%
18139,0,5.116048293731739%
18140,0,5.115766262403528%
18141,0,5.115484262168568%
18142,0,5.115202293021717%
18143,0,5.114920354957835%
18144,0,5.114638447971781%
18145,0,5.114356572058418%
18146,0,5.114074727212609%
18147,0,5.113792913429217%
18148,0,5.113511130703108%
18149,0,5.113229379029147%
18150,0,5.112947658402204%
18151,0,5.1126659688171445%
18152,0,5.11238431026884%
18153,0,5.1121026827521625%
18154,0,5.111821086261981%
18155,0,5.11153952079317%
18156,0,5.111257986340604%
18157,0,5.110976482899157%
18158,0,5.110695010463708%
18159,0,5.110413569029131%
18160,0,5.110132158590308%
18161,0,5.109850779142118%
18162,0,5.109569430679441%
18163,0,5.1092881131971595%
18164,0,5.109006826690156%
18165,0,5.108725571153317%
18166,0,5.108444346581527%
18167,0,5.108163152969671%
18168,0,5.107881990312638%
18169,0,5.107600858605317%
18170,1,5.112823335167859%
18171,1,5.118045236915965%
18172,0,5.117763592339863%
18173,0,5.117481978759699%
18174,0,5.117200396170353%
18175,0,5.116918844566713%
18176,0,5.116637323943662%
18177,0,5.116355834296089%
18178,0,5.11607437561888%
18179,0,5.115792947906925%
18180,0,5.115511551155116%
18181,0,5.115230185358341%
18182,0,5.114948850511495%
18183,0,5.11466754660947%
18184,0,5.114386273647162%
18185,0,5.1141050316194665%
18186,0,5.11382382052128%
18187,0,5.113542640347501%
18188,0,5.113261491093028%
18189,0,5.112980372752763%
18190,0,5.112699285321605%
18191,0,5.112418228794459%
18192,0,5.112137203166227%
18193,0,5.111856208431814%
18194,0,5.1115752445861276%
18195,0,5.111294311624072%
18196,0,5.111013409540558%
18197,0,5.110732538330494%
18198,1,5.115946807341467%
18199,0,5.115665695917358%
18200,1,5.120879120879121%
18201,0,5.120597769353332%
18202,0,5.120316448741896%
18203,0,5.120035159039719%
18204,1,5.12524719841793%
18205,1,5.130458665201868%
18206,1,5.135669559485883%
18207,0,5.135387488328664%
18208,0,5.135105448154658%
18209,0,5.134823438958756%
18210,0,5.13454146073586%
18211,0,5.134259513480863%
18212,0,5.133977597188666%
18213,0,5.13369571185417%
18214,0,5.1334138574722745%
18215,0,5.133132034037881%
18216,0,5.132850241545894%
18217,0,5.132568479991217%
18218,0,5.132286749368756%
18219,0,5.132005049673418%
18220,0,5.13172338090011%
18221,0,5.131441743043741%
18222,0,5.13116013609922%
18223,0,5.130878560061461%
18224,0,5.130597014925374%
18225,0,5.130315500685871%
18226,0,5.130034017337869%
18227,0,5.1297525648762825%
18228,0,5.129471143296028%
18229,0,5.129189752592024%
18230,0,5.128908392759189%
18231,0,5.128627063792441%
18232,0,5.128345765686705%
18233,0,5.1280644984369%
18234,0,5.127783262037951%
18235,0,5.127502056484782%
18236,0,5.127220881772319%
18237,0,5.126939737895487%
18238,0,5.126658624849216%
18239,0,5.1263775426284335%
18240,0,5.12609649122807%
18241,0,5.125815470643056%
18242,0,5.125534480868326%
18243,0,5.125253521898811%
18244,0,5.124972593729446%
18245,0,5.124691696355166%
18246,0,5.124410829770909%
18247,0,5.124129993971612%
18248,0,5.123849188952214%
18249,0,5.123568414707655%
18250,0,5.123287671232877%
18251,0,5.123006958522821%
18252,0,5.122726276572431%
18253,0,5.12244562537665%
18254,0,5.122165004930427%
18255,0,5.121884415228704%
18256,0,5.121603856266433%
18257,0,5.121323328038561%
18258,0,5.121042830540038%
18259,0,5.120762363765814%
18260,0,5.120481927710843%
18261,0,5.1202015223700785%
18262,0,5.119921147738473%
18263,0,5.119640803810984%
18264,0,5.119360490582567%
18265,0,5.11908020804818%
18266,0,5.118799956202781%
18267,0,5.118519735041331%
18268,0,5.118239544558791%
18269,0,5.117959384750123%
18270,0,5.11767925561029%
18271,0,5.1173991571342565%
18272,0,5.117119089316987%
18273,0,5.11683905215345%
18274,0,5.116559045638612%
18275,0,5.116279069767442%
18276,0,5.115999124534909%
18277,0,5.115719209935985%
18278,0,5.115439325965642%
18279,0,5.115159472618852%
18280,0,5.11487964989059%
18281,0,5.114599857775833%
18282,0,5.114320096269555%
18283,0,5.114040365366734%
18284,0,5.113760665062349%
18285,0,5.113480995351381%
18286,0,5.113201356228809%
18287,0,5.112921747689616%
18288,0,5.112642169728784%
18289,0,5.112362622341298%
18290,0,5.112083105522143%
18291,0,5.111803619266306%
18292,0,5.111524163568773%
18293,1,5.116711310337287%
18294,1,5.121897890018586%
18295,0,5.121617928395737%
18296,0,5.121337997376476%
18297,0,5.121058096955785%
18298,0,5.120778227128648%
18299,0,5.1204983878900485%
18300,0,5.120218579234972%
18301,0,5.119938801158407%
18302,0,5.119659053655338%
18303,0,5.1193793367207565%
18304,0,5.11909965034965%
18305,0,5.118819994537012%
18306,0,5.118540369277833%
18307,0,5.118260774567106%
18308,0,5.117981210399825%
18309,0,5.117701676770987%
18310,0,5.117422173675587%
18311,0,5.117142701108623%
18312,0,5.116863259065093%
18313,0,5.1165838475399985%
18314,0,5.116304466528339%
18315,0,5.116025116025116%
18316,0,5.115745796025333%
18317,0,5.115466506523994%
18318,0,5.115187247516104%
18319,0,5.11490801899667%
18320,0,5.114628820960699%
18321,0,5.114349653403198%
18322,0,5.114070516319178%
18323,0,5.113791409703651%
18324,0,5.113512333551626%
18325,0,5.113233287858118%
18326,0,5.112954272618138%
18327,0,5.112675287826704%
18328,0,5.112396333478831%
18329,0,5.112117409569534%
18330,0,5.111838516093836%
18331,0,5.1115596530467515%
18332,0,5.111280820423303%
18333,0,5.111002018218514%
18334,0,5.110723246427402%
18335,0,5.110444505044996%
18336,0,5.110165794066317%
18337,0,5.109887113486393%
18338,0,5.109608463300251%
18339,0,5.109329843502917%
18340,0,5.109051254089422%
18341,0,5.108772695054795%
18342,0,5.108494166394069%
18343,0,5.1082156681022735%
18344,0,5.107937200174444%
18345,0,5.107658762605614%
18346,0,5.107380355390821%
18347,0,5.107101978525099%
18348,0,5.106823632003488%
18349,0,5.106545315821025%
18350,0,5.106267029972752%
18351,0,5.105988774453708%
18352,0,5.105710549258936%
18353,0,5.105432354383479%
18354,0,5.1051541898223824%
18355,0,5.1048760555706885%
18356,0,5.104597951623448%
18357,0,5.104319877975704%
18358,0,5.1040418346225085%
18359,0,5.103763821558909%
18360,0,5.103485838779957%
18361,0,5.103207886280703%
18362,0,5.1029299640562025%
18363,0,5.102652072101509%
18364,0,5.102374210411675%
18365,0,5.102096378981759%
18366,0,5.101818577806816%
18367,0,5.101540806881908%
18368,0,5.10126306620209%
18369,0,5.100985355762426%
18370,0,5.100707675557975%
18371,0,5.1004300255838%
18372,0,5.100152405834966%
18373,0,5.099874816306537%
18374,0,5.099597256993578%
18375,0,5.099319727891157%
18376,0,5.099042228994341%
18377,0,5.098764760298199%
18378,0,5.098487321797802%
18379,0,5.098209913488221%
18380,0,5.097932535364526%
18381,0,5.097655187421794%
18382,0,5.097377869655097%
18383,0,5.097100582059511%
18384,0,5.096823324630114%
18385,0,5.09654609736198%
18386,0,5.096268900250191%
18387,0,5.095991733289824%
18388,0,5.095714596475963%
18389,0,5.095437489803687%
18390,0,5.09516041326808%
18391,0,5.094883366864227%
18392,0,5.094606350587212%
18393,0,5.094329364432121%
18394,0,5.094052408394042%
18395,0,5.093775482468062%
18396,0,5.093498586649272%
18397,0,5.09322172093276%
18398,0,5.092944885313621%
18399,0,5.092668079786945%
18400,0,5.092391304347826%
18401,0,5.0921145589913595%
18402,0,5.09183784371264%
18403,0,5.0915611585067655%
18404,0,5.091284503368833%
18405,0,5.091007878293942%
18406,0,5.090731283277193%
18407,0,5.090454718313684%
18408,0,5.090178183398522%
18409,0,5.089901678526807%
18410,0,5.089625203693645%
18411,0,5.08934875889414%
18412,0,5.089072344123398%
18413,0,5.088795959376528%
18414,0,5.088519604648637%
18415,0,5.088243279934836%
18416,0,5.087966985230235%
18417,0,5.087690720529945%
18418,0,5.08741448582908%
18419,0,5.087138281122754%
18420,0,5.08686210640608%
18421,0,5.086585961674176%
18422,0,5.086309846922158%
18423,0,5.086033762145145%
18424,0,5.085757707338255%
18425,0,5.085481682496608%
18426,0,5.085205687615326%
18427,0,5.084929722689532%
18428,0,5.084653787714348%
18429,0,5.084377882684899%
18430,0,5.084102007596311%
18431,0,5.083826162443708%
18432,0,5.083550347222222%
18433,0,5.083274561926979%
18434,0,5.082998806553109%
18435,0,5.082723081095742%
18436,0,5.082447385550011%
18437,0,5.082171719911049%
18438,0,5.081896084173988%
18439,0,5.081620478333966%
18440,0,5.0813449023861175%
18441,0,5.081069356325578%
18442,0,5.080793840147489%
18443,0,5.080518353846989%
18444,0,5.080242897419215%
18445,0,5.079967470859311%
18446,0,5.07969207416242%
18447,0,5.079416707323684%
18448,0,5.079141370338248%
18449,0,5.078866063201257%
18450,0,5.078590785907859%
18451,0,5.078315538453201%
18452,0,5.0780403208324305%
18453,0,5.077765133040698%
18454,0,5.0774899750731555%
18455,0,5.077214846924952%
18456,0,5.076939748591244%
18457,0,5.076664680067183%
18458,0,5.076389641347926%
18459,0,5.0761146324286255%
18460,0,5.075839653304442%
18461,0,5.0755647039705325%
18462,0,5.075289784422056%
18463,0,5.075014894654172%
18464,0,5.074740034662045%
18465,0,5.074465204440834%
18466,0,5.074190403985703%
18467,0,5.073915633291818%
18468,0,5.073640892354343%
18469,0,5.073366181168444%
18470,0,5.073091499729291%
18471,0,5.07281684803205%
18472,0,5.072542226071892%
18473,0,5.072267633843989%
18474,0,5.07199307134351%
18475,0,5.071718538565629%
18476,0,5.071444035505521%
18477,0,5.071169562158359%
18478,0,5.070895118519321%
18479,0,5.070620704583581%
18480,0,5.07034632034632%
18481,0,5.0700719658027165%
18482,0,5.069797640947949%
18483,0,5.069523345777201%
18484,0,5.069249080285652%
18485,0,5.068974844468488%
18486,0,5.068700638320892%
18487,0,5.068426461838048%
18488,0,5.068152315015145%
18489,0,5.067878197847369%
18490,0,5.067604110329908%
18491,0,5.067330052457953%
18492,0,5.067056024226693%
18493,0,5.06678202563132%
18494,0,5.066508056667027%
18495,0,5.0662341173290075%
18496,0,5.065960207612457%
18497,1,5.07109260961237%
18498,1,5.0762244566980215%
18499,0,5.075950051354127%
18500,0,5.075675675675676%
18501,0,5.075401329657856%
18502,0,5.07512701329586%
18503,0,5.074852726584878%
18504,0,5.0745784695201035%
18505,0,5.074304242096731%
18506,0,5.0740300443099535%
18507,0,5.073755876154968%
18508,0,5.073481737626972%
18509,0,5.073207628721162%
18510,0,5.072933549432739%
18511,0,5.0726594997569014%
18512,0,5.07238547968885%
18513,0,5.072111489223788%
18514,0,5.0718375283569195%
18515,0,5.071563597083446%
18516,0,5.071289695398574%
18517,0,5.07101582329751%
18518,0,5.070741980775462%
18519,0,5.070468167827637%
18520,0,5.070194384449244%
18521,0,5.069920630635495%
18522,0,5.0696469063816005%
18523,0,5.069373211682772%
18524,0,5.069099546534226%
18525,0,5.068825910931174%
18526,0,5.068552304868833%
18527,0,5.0682787283424195%
18528,0,5.06800518134715%
18529,0,5.067731663878245%
18530,0,5.067458175930923%
18531,1,5.072581080351843%
18532,1,5.0777034319015755%
18533,1,5.0828252306696164%
18534,0,5.082550987374555%
18535,0,5.082276773671433%
18536,0,5.08200258955546%
18537,0,5.081728435021848%
18538,0,5.081454310065811%
18539,0,5.081180214682561%
18540,0,5.080906148867314%
18541,0,5.080632112615286%
18542,0,5.080358105921691%
18543,0,5.080084128781751%
18544,0,5.079810181190682%
18545,0,5.079536263143704%
18546,0,5.0792623746360395%
18547,0,5.07898851566291%
18548,0,5.078714686219539%
18549,0,5.0784408863011485%
18550,0,5.078167115902965%
18551,0,5.077893375020215%
18552,0,5.077619663648124%
18553,0,5.077345981781923%
18554,0,5.077072329416837%
18555,0,5.0767987065481%
18556,0,5.076525113170942%
18557,0,5.076251549280595%
18558,0,5.075978014872292%
18559,0,5.075704509941269%
18560,0,5.075431034482759%
18561,0,5.075157588491999%
18562,0,5.074884171964228%
18563,0,5.074610784894682%
18564,0,5.0743374272786035%
18565,0,5.074064099111231%
18566,0,5.073790800387806%
18567,0,5.073517531103571%
18568,0,5.07324429125377%
18569,0,5.072971080833647%
18570,0,5.072697899838449%
18571,0,5.072424748263422%
18572,0,5.072151626103812%
18573,0,5.0718785333548695%
18574,0,5.0716054700118445%
18575,0,5.071332436069986%
18576,0,5.071059431524548%
18577,0,5.070786456370781%
18578,0,5.0705135106039405%
18579,0,5.070240594219279%
18580,0,5.069967707212056%
18581,0,5.069694849577525%
18582,0,5.069422021310946%
18583,0,5.069149222407577%
18584,0,5.0688764528626775%
18585,0,5.068603712671509%
18586,0,5.068331001829334%
18587,0,5.0680583203314145%
18588,0,5.067785668173015%
18589,0,5.067513045349401%
18590,0,5.067240451855836%
18591,0,5.066967887687591%
18592,0,5.066695352839931%
18593,0,5.066422847308127%
18594,0,5.066150371087447%
18595,0,5.065877924173165%
18596,0,5.0656055065605505%
18597,0,5.065333118244878%
18598,0,5.065060759221422%
18599,0,5.064788429485456%
18600,0,5.064516129032258%
18601,0,5.064243857857105%
18602,0,5.063971615955273%
18603,0,5.063699403322045%
18604,0,5.063427219952699%
18605,0,5.0631550658425155%
18606,0,5.062882940986778%
18607,0,5.062610845380771%
18608,0,5.062338779019777%
18609,0,5.062066741899081%
18610,0,5.061794734013971%
18611,0,5.061522755359733%
18612,0,5.061250805931658%
18613,0,5.060978885725031%
18614,0,5.0607069947351455%
18615,0,5.060435132957292%
18616,0,5.0601633003867645%
18617,0,5.059891497018853%
18618,0,5.059619722848856%
18619,0,5.059347977872066%
18620,0,5.059076262083781%
18621,0,5.058804575479297%
18622,1,5.0639029105359255%
18623,1,5.0690006980615365%
18624,1,5.07409793814433%
18625,0,5.073825503355705%
18626,0,5.073553097820251%
18627,0,5.0732807215332585%
18628,0,5.073008374490015%
18629,0,5.072736056685812%
18630,0,5.072463768115942%
18631,0,5.072191508775696%
18632,0,5.07191927866037%
18633,0,5.071647077765255%
18634,0,5.07137490608565%
18635,0,5.0711027636168495%
18636,0,5.070830650354153%
18637,0,5.070558566292858%
18638,0,5.0702865114282645%
18639,0,5.0700144857556735%
18640,0,5.069742489270386%
18641,0,5.069470521967705%
18642,0,5.069198583842936%
18643,0,5.06892667489138%
18644,0,5.068654795108346%
18645,0,5.068382944489139%
18646,0,5.068111123029068%
18647,0,5.067839330723441%
18648,0,5.0675675675675675%
18649,0,5.067295833556759%
18650,0,5.067024128686327%
18651,0,5.066752452951585%
18652,0,5.066480806347845%
18653,0,5.066209188870423%
18654,0,5.065937600514634%
18655,0,5.065666041275797%
18656,0,5.065394511149228%
18657,0,5.065123010130246%
18658,0,5.06485153821417%
18659,0,5.064580095396323%
18660,0,5.064308681672026%
18661,0,5.0640372970366005%
18662,0,5.0637659414853715%
18663,0,5.0634946150136635%
18664,0,5.063223317616802%
18665,0,5.062952049290115%
18666,0,5.06268081002893%
18667,0,5.062409599828575%
18668,0,5.06213841868438%
18669,0,5.061867266591676%
18670,0,5.0615961435457955%
18671,0,5.06132504954207%
18672,0,5.061053984575835%
18673,0,5.060782948642425%
18674,0,5.0605119417371744%
18675,0,5.0602409638554215%
18676,0,5.059970014992503%
18677,0,5.05969909514376%
18678,0,5.059428204304529%
18679,0,5.0591573424701535%
18680,0,5.0588865096359745%
18681,0,5.058615705797334%
18682,0,5.058344930949577%
18683,0,5.058074185088048%
18684,0,5.057803468208093%
18685,0,5.057532780305057%
18686,0,5.057262121374291%
18687,0,5.056991491411141%
18688,0,5.056720890410959%
18689,0,5.0564503183690945%
18690,0,5.056179775280898%
18691,0,5.055909261141726%
18692,0,5.055638775946929%
18693,0,5.055368319691863%
18694,0,5.055097892371884%
18695,0,5.054827493982348%
18696,0,5.054557124518613%
18697,0,5.054286783976039%
18698,0,5.054016472349984%
18699,0,5.053746189635809%
18700,0,5.053475935828877%
18701,0,5.05320571092455%
18702,0,5.0529355149181905%
18703,0,5.052665347805165%
18704,0,5.052395209580839%
18705,0,5.052125100240577%
18706,0,5.051855019779749%
18707,0,5.051584968193724%
18708,0,5.05131494547787%
18709,0,5.051044951627559%
18710,0,5.050774986638162%
18711,0,5.05050505050505%
18712,0,5.0502351432236%
18713,1,5.055309143376262%
18714,1,5.060382601261089%
18715,0,5.060112209457654%
18716,0,5.059841846548408%
18717,0,5.059571512528717%
18718,0,5.059301207393952%
18719,0,5.059030931139484%
18720,0,5.058760683760684%
18721,0,5.058490465252925%
18722,0,5.05822027561158%
18723,0,5.057950114832025%
18724,0,5.057679982909635%
18725,0,5.057409879839787%
18726,0,5.057139805617857%
18727,0,5.056869760239227%
18728,0,5.056599743699273%
18729,0,5.05632975599338%
18730,0,5.056059797116925%
18731,0,5.055789867065292%
18732,0,5.055519965833867%
18733,0,5.055250093418032%
18734,0,5.054980249813174%
18735,0,5.0547104350146785%
18736,0,5.054440649017933%
18737,0,5.054170891818328%
18738,0,5.05390116341125%
18739,0,5.053631463792092%
18740,0,5.053361792956243%
18741,0,5.053092150899098%
18742,0,5.052822537616049%
18743,0,5.0525529531024915%
18744,0,5.05228339735382%
18745,0,5.052013870365431%
18746,0,5.051744372132721%
18747,0,5.051474902651091%
18748,0,5.051205461915938%
18749,0,5.0509360499226625%
18750,0,5.050666666666666%
18751,0,5.050397312143352%
18752,0,5.050127986348123%
18753,0,5.049858689276383%
18754,0,5.049589420923536%
18755,0,5.04932018128499%
18756,0,5.049050970356152%
18757,0,5.04878178813243%
18758,0,5.048512634609233%
18759,1,5.053574284343515%
18760,1,5.0586353944562905%
18761,0,5.058365758754864%
18762,0,5.058096151796184%
18763,0,5.057826573575654%
18764,0,5.0575570240886805%
18765,0,5.057287503330668%
18766,0,5.057018011297027%
18767,0,5.056748547983162%
18768,0,5.056479113384484%
18769,0,5.056209707496404%
18770,0,5.055940330314331%
18771,0,5.05567098183368%
18772,1,5.060728744939271%
18773,1,5.065785969211102%
18774,0,5.065516139341643%
18775,0,5.0652463382157125%
18776,0,5.064976565828718%
18777,0,5.064706822176066%
18778,0,5.064437107253168%
18779,0,5.064167421055434%
18780,0,5.063897763578275%
18781,0,5.063628134817103%
18782,0,5.06335853476733%
18783,0,5.063088963424374%
18784,0,5.062819420783645%
18785,0,5.062549906840564%
18786,0,5.062280421590546%
18787,0,5.0620109650290095%
18788,0,5.061741537151374%
18789,0,5.061472137953057%
18790,0,5.061202767429484%
18791,0,5.060933425576073%
18792,0,5.06066411238825%
18793,0,5.060394827861438%
18794,0,5.060125571991061%
18795,0,5.059856344772546%
18796,0,5.059587146201319%
18797,0,5.05931797627281%
18798,0,5.059048834982445%
18799,0,5.058779722325656%
18800,0,5.058510638297872%
18801,0,5.058241582894527%
18802,0,5.057972556111052%
18803,0,5.057703557942881%
18804,0,5.0574345883854495%
18805,0,5.057165647434194%
18806,0,5.056896735084548%
18807,0,5.056627851331951%
18808,0,5.056358996171842%
18809,0,5.05609016959966%
18810,0,5.055821371610845%
18811,0,5.05555260220084%
18812,0,5.055283861365086%
18813,1,5.060330622441929%
18814,1,5.0653768470288085%
18815,1,5.070422535211268%
18816,0,5.07015306122449%
18817,0,5.069883615879258%
18818,0,5.069614199171006%
18819,0,5.06934481109517%
18820,0,5.069075451647183%
18821,0,5.068806120822486%
18822,0,5.068536818616512%
18823,0,5.068267545024704%
18824,0,5.0679983000424995%
18825,0,5.067729083665339%
18826,0,5.067459895888664%
18827,0,5.06719073670792%
18828,0,5.066921606118547%
18829,0,5.066652504115991%
18830,0,5.066383430695699%
18831,0,5.066114385853115%
18832,0,5.065845369583688%
18833,0,5.065576381882865%
18834,0,5.0653074227460975%
18835,0,5.065038492168834%
18836,0,5.064769590146527%
18837,0,5.06450071667463%
18838,0,5.064231871748593%
18839,0,5.063963055363873%
18840,1,5.06900212314225%
18841,1,5.074040656016135%
18842,0,5.0737713618511835%
18843,0,5.073502096269172%
18844,0,5.0732328592655485%
18845,0,5.072963650835765%
18846,0,5.072694470975273%
18847,0,5.072425319679525%
18848,0,5.072156196943973%
18849,0,5.071887102764072%
18850,0,5.071618037135279%
18851,0,5.071349000053048%
18852,0,5.071079991512837%
18853,0,5.070811011510105%
18854,0,5.070542060040309%
18855,0,5.070273137098913%
18856,0,5.0700042426813745%
18857,0,5.069735376783157%
18858,0,5.069466539399724%
18859,0,5.069197730526539%
18860,0,5.068928950159067%
18861,0,5.068660198292774%
18862,0,5.068391474923126%
18863,0,5.0681227800455915%
18864,0,5.067854113655641%
18865,0,5.067585475748741%
18866,0,5.067316866320365%
18867,0,5.067048285365983%
18868,0,5.066779732881069%
18869,0,5.066511208861095%
18870,0,5.066242713301537%
18871,0,5.06597424619787%
18872,1,5.071004662992793%
18873,1,5.076034546706936%
18874,1,5.081063897425029%
18875,1,5.086092715231788%
18876,1,5.09112100021191%
18877,0,5.090851300524448%
18878,0,5.090581629409895%
18879,0,5.0903119868637114%
18880,0,5.0900423728813555%
18881,0,5.089772787458291%
18882,0,5.08950323058998%
18883,0,5.089233702271885%
18884,0,5.08896420249947%
18885,1,5.09398993910511%
18886,1,5.099015143492534%
18887,1,5.1040398157462805%
18888,1,5.109063955950869%
18889,1,5.114087564190799%
18890,0,5.113816834303864%
18891,0,5.113546133079244%
18892,0,5.113275460512386%
18893,0,5.11300481659874%
18894,0,5.1127342013337564%
18895,0,5.112463614712888%
18896,0,5.112193056731583%
18897,0,5.1119225273853%
18898,0,5.111652026669489%
18899,0,5.111381554579608%
18900,0,5.111111111111112%
18901,0,5.110840696259457%
18902,0,5.110570310020104%
18903,0,5.11029995238851%
18904,0,5.110029623360136%
18905,0,5.109759322930442%
18906,0,5.109489051094891%
18907,0,5.109218807848944%
18908,0,5.108948593188069%
18909,0,5.1086784071077265%
18910,0,5.108408249603384%
18911,0,5.108138120670509%
18912,1,5.113155668358714%
18913,1,5.118172685454449%
18914,1,5.123189172041874%
18915,1,5.128205128205128%
18916,0,5.127934024106576%
18917,1,5.132949199133055%
18918,1,5.1379638439581345%
18919,1,5.142977958665892%
18920,1,5.147991543340381%
18921,0,5.147719465144548%
18922,1,5.1527322693161395%
18923,1,5.1577445436770075%
18924,0,5.157471993236102%
18925,0,5.157199471598415%
18926,0,5.156926978759379%
18927,0,5.156654514714429%
18928,0,5.156382079459002%
18929,0,5.156109672988536%
18930,0,5.155837295298468%
18931,0,5.155564946384238%
18932,0,5.155292626241285%
18933,0,5.155020334865051%
18934,0,5.154748072250977%
18935,0,5.154475838394507%
18936,0,5.154203633291086%
18937,0,5.1539314569361565%
18938,0,5.153659309325167%
18939,0,5.153387190453562%
18940,0,5.15311510031679%
18941,0,5.152843038910301%
18942,0,5.152571006229543%
18943,0,5.152299002269968%
18944,0,5.152027027027027%
18945,0,5.151755080496173%
18946,0,5.15148316267286%
18947,0,5.151211273552541%
18948,0,5.150939413130674%
18949,0,5.150667581402713%
18950,0,5.150395778364116%
18951,0,5.150124004010342%
18952,0,5.149852258336852%
18953,0,5.149580541339102%
18954,0,5.149308853012557%
18955,0,5.149037193352678%
18956,0,5.148765562354927%
18957,0,5.14849396001477%
18958,0,5.148222386327672%
18959,0,5.147950841289098%
18960,0,5.147679324894515%
18961,0,5.147407837139392%
18962,0,5.147136378019197%
18963,0,5.1468649475294%
18964,0,5.146593545665471%
18965,0,5.146322172422884%
18966,0,5.146050827797111%
18967,0,5.1457795117836245%
18968,0,5.1455082243779%
18969,0,5.145236965575412%
18970,0,5.144965735371639%
18971,0,5.144694533762058%
18972,0,5.144423360742147%
18973,0,5.1441522163073845%
18974,0,5.143881100453252%
18975,0,5.1436100131752305%
18976,0,5.143338954468803%
18977,0,5.1430679243294515%
18978,1,5.1480661818948255%
18979,0,5.147794931239791%
18980,1,5.152792413066385%
18981,0,5.152520941994626%
18982,1,5.157517648298389%
18983,1,5.162513828162039%
18984,1,5.167509481668773%
18985,1,5.1725046089017646%
18986,1,5.17749920994417%
18987,0,5.177226523410755%
18988,0,5.176953865599326%
18989,0,5.176681236505345%
18990,0,5.176408636124276%
18991,0,5.176136064451582%
18992,0,5.1758635214827295%
18993,0,5.175591007213184%
18994,0,5.175318521638412%
18995,0,5.175046064753882%
18996,0,5.174773636555064%
18997,0,5.174501237037427%
18998,0,5.174228866196442%
18999,0,5.173956524027581%
19000,0,5.173684210526316%
19001,0,5.173411925688122%
19002,0,5.173139669508473%
19003,0,5.172867441982844%
19004,0,5.172595243106715%
19005,0,5.172323072875559%
19006,0,5.172050931284857%
19007,0,5.171778818330089%
19008,0,5.1715067340067336%
19009,0,5.171234678310274%
19010,0,5.1709626512361915%
19011,0,5.17069065277997%
19012,0,5.170418682937092%
19013,0,5.170146741703046%
19014,0,5.169874829073314%
19015,0,5.169602945043387%
19016,0,5.16933108960875%
19017,0,5.169059262764895%
19018,0,5.168787464507309%
19019,0,5.168515694831485%
19020,0,5.168243953732913%
19021,0,5.167972241207087%
19022,0,5.167700557249501%
19023,0,5.167428901855648%
19024,0,5.167157275021026%
19025,0,5.16688567674113%
19026,0,5.166614107011458%
19027,0,5.166342565827509%
19028,0,5.16607105318478%
19029,0,5.165799569078774%
19030,0,5.165528113504992%
19031,0,5.165256686458935%
19032,0,5.164985287936108%
19033,0,5.164713917932013%
19034,0,5.164442576442156%
19035,0,5.164171263462044%
19036,0,5.163899978987182%
19037,0,5.16362872301308%
19038,0,5.163357495535245%
19039,0,5.163086296549189%
19040,0,5.16281512605042%
19041,0,5.162543984034452%
19042,0,5.162272870496796%
19043,0,5.162001785432968%
19044,0,5.16173072883848%
19045,0,5.161459700708847%
19046,0,5.161188701039588%
19047,0,5.160917729826219%
19048,0,5.160646787064259%
19049,0,5.160375872749225%
19050,0,5.16010498687664%
19051,0,5.159834129442023%
19052,0,5.159563300440899%
19053,0,5.159292499868787%
19054,0,5.159021727721214%
19055,0,5.158750983993703%
19056,1,5.163727959697733%
19057,0,5.163456997428766%
19058,1,5.168433203903873%
19059,1,5.173408888189307%
19060,1,5.178384050367262%
19061,0,5.178112376055821%
19062,1,5.1830867694890355%
19063,1,5.188060641032367%
19064,1,5.1930339907679395%
19065,1,5.198006818777865%
19066,0,5.197734186510018%
19067,1,5.2027062463942935%
19068,1,5.207677784770296%
19069,1,5.212648801720069%
19070,0,5.212375458835868%
19071,0,5.212102144617482%
19072,0,5.211828859060403%
19073,0,5.2115556021601215%
19074,0,5.211282373912131%
19075,0,5.2110091743119265%
19076,0,5.2107360033550005%
19077,0,5.21046286103685%
19078,0,5.210189747352972%
19079,0,5.209916662298863%
19080,0,5.209643605870021%
19081,0,5.209370578061947%
19082,0,5.209097578870139%
19083,0,5.208824608290101%
19084,0,5.208551666317334%
19085,0,5.208278752947341%
19086,0,5.2080058681756265%
19087,0,5.207733011997695%
19088,0,5.207460184409053%
19089,0,5.207187385405207%
19090,0,5.206914614981666%
19091,0,5.206641873133937%
19092,0,5.206369159857531%
19093,0,5.206096475147961%
19094,0,5.205823819000733%
19095,0,5.205551191411365%
19096,0,5.205278592375366%
19097,0,5.205006021888255%
19098,0,5.204733479945544%
19099,0,5.204460966542751%
19100,0,5.204188481675392%
19101,0,5.203916025338987%
19102,0,5.203643597529055%
19103,0,5.203371198241114%
19104,0,5.203098827470686%
19105,0,5.202826485213295%
19106,0,5.202554171464461%
19107,0,5.20228188621971%
19108,0,5.202009629474565%
19109,0,5.201737401224554%
19110,0,5.201465201465202%
19111,0,5.201193030192036%
19112,0,5.200920887400586%
19113,0,5.200648773086381%
19114,0,5.200376687244952%
19115,0,5.200104629871828%
19116,0,5.199832600962544%
19117,0,5.199560600512633%
19118,0,5.199288628517627%
19119,0,5.1990166849730635%
19120,0,5.198744769874477%
19121,0,5.198472883217406%
19122,0,5.198201024997385%
19123,0,5.197929195209956%
19124,0,5.197657393850659%
19125,0,5.197385620915033%
19126,0,5.197113876398619%
19127,0,5.1968421602969626%
19128,0,5.196570472605604%
19129,0,5.19629881332009%
19130,0,5.196027182435965%
19131,0,5.1957555799487745%
19132,0,5.195484005854067%
19133,0,5.195212460147389%
19134,0,5.194940942824291%
19135,0,5.194669453880324%
19136,0,5.1943979933110365%
19137,0,5.1941265611119825%
19138,0,5.193855157278712%
19139,0,5.193583781806782%
19140,0,5.193312434691745%
19141,0,5.193041115929158%
19142,0,5.192769825514575%
19143,0,5.192498563443556%
19144,0,5.19222732971166%
19145,0,5.1919561243144425%
19146,0,5.1916849472474675%
19147,0,5.191413798506293%
19148,0,5.191142678086484%
19149,0,5.1908715859836025%
19150,0,5.190600522193211%
19151,0,5.190329486710877%
19152,0,5.190058479532164%
19153,0,5.189787500652639%
19154,0,5.189516550067871%
19155,0,5.189245627773427%
19156,0,5.188974733764877%
19157,0,5.188703868037793%
19158,0,5.188433030587744%
19159,0,5.188162221410303%
19160,0,5.187891440501044%
19161,0,5.1876206878555395%
19162,0,5.187349963469366%
19163,0,5.1870792673381%
19164,0,5.186808599457316%
19165,0,5.186537959822593%
19166,0,5.186267348429511%
19167,0,5.185996765273647%
19168,0,5.185726210350585%
19169,0,5.185455683655903%
19170,0,5.185185185185185%
19171,0,5.184914714934015%
19172,0,5.184644272897977%
19173,0,5.184373859072655%
19174,0,5.184103473453635%
19175,0,5.183833116036506%
19176,0,5.183562786816855%
19177,0,5.18329248579027%
19178,0,5.183022212952341%
19179,0,5.1827519682986605%
19180,0,5.182481751824818%
19181,0,5.1822115635264066%
19182,0,5.18194140339902%
19183,0,5.181671271438253%
19184,0,5.1814011676397%
19185,0,5.1811310919989575%
19186,0,5.180861044511623%
19187,0,5.180591025173294%
19188,0,5.1803210339795704%
19189,0,5.180051070926051%
19190,0,5.179781136008338%
19191,0,5.179511229222031%
19192,0,5.179241350562735%
19193,0,5.1789715000260514%
19194,0,5.178701677607585%
19195,0,5.1784318833029435%
19196,0,5.17816211710773%
19197,0,5.177892379017555%
19198,0,5.177622669028024%
19199,0,5.177352987134746%
19200,0,5.177083333333334%
19201,0,5.176813707619394%
19202,0,5.1765441099885425%
19203,0,5.17627454043639%
19204,0,5.17600499895855%
19205,0,5.175735485550638%
19206,0,5.175466000208268%
19207,0,5.1751965429270586%
19208,0,5.174927113702624%
19209,0,5.174657712530585%
19210,0,5.174388339406559%
19211,0,5.174118994326167%
19212,0,5.1738496772850295%
19213,0,5.173580388278769%
19214,0,5.173311127303008%
19215,0,5.17304189435337%
19216,0,5.172772689425479%
19217,0,5.172503512514961%
19218,0,5.172234363617442%
19219,0,5.171965242728549%
19220,0,5.171696149843913%
19221,0,5.171427084959159%
19222,0,5.17115804806992%
19223,0,5.170889039171826%
19224,0,5.170620058260508%
19225,0,5.1703511053316%
19226,0,5.170082180380734%
19227,0,5.169813283403547%
19228,0,5.169544414395673%
19229,0,5.169275573352748%
19230,0,5.169006760270411%
19231,0,5.168737975144298%
19232,0,5.16846921797005%
19233,0,5.168200488743306%
19234,0,5.1679317874597075%
19235,0,5.1676631141148945%
19236,0,5.167394468704512%
19237,0,5.1671258512242035%
19238,0,5.1668572616696125%
19239,0,5.166588700036384%
19240,0,5.166320166320166%
19241,0,5.166051660516605%
19242,0,5.165783182621349%
19243,0,5.165514732630047%
19244,0,5.1652463105383495%
19245,0,5.164977916341907%
19246,0,5.164709550036371%
19247,0,5.164441211617395%
19248,0,5.164172901080632%
19249,0,5.1639046184217365%
19250,0,5.163636363636363%
19251,0,5.1633681367201705%
19252,0,5.163099937668814%
19253,0,5.162831766477952%
19254,0,5.162563623143243%
19255,0,5.162295507660348%
19256,0,5.162027420024928%
19257,0,5.161759360232643%
19258,0,5.161491328279157%
19259,0,5.161223324160133%
19260,0,5.160955347871235%
19261,0,5.16068739940813%
19262,0,5.160419478766483%
19263,0,5.1601515859419615%
19264,0,5.159883720930233%
19265,0,5.159615883726966%
19266,0,5.1593480743278315%
19267,0,5.1590802927284996%
19268,0,5.158812538924642%
19269,0,5.158544812911932%
19270,0,5.15827711468604%
19271,0,5.158009444242644%
19272,0,5.157741801577418%
19273,0,5.157474186686038%
19274,0,5.15720659956418%
19275,0,5.156939040207523%
19276,0,5.156671508611745%
19277,0,5.156404004772527%
19278,0,5.156136528685548%
19279,0,5.155869080346491%
19280,0,5.155601659751037%
19281,0,5.1553342668948705%
19282,0,5.155066901773675%
19283,0,5.1547995643831355%
19284,0,5.154532254718938%
19285,0,5.15426497277677%
19286,0,5.1539977185523185%
19287,0,5.153730492041271%
19288,0,5.15346329323932%
19289,0,5.153196122142154%
19290,0,5.152928978745464%
19291,0,5.152661863044943%
19292,0,5.152394775036284%
19293,0,5.152127714715181%
19294,0,5.15186068207733%
19295,1,5.156776366934439%
19296,0,5.15650912106136%
19297,0,5.156241902886459%
19298,0,5.15597471240543%
19299,0,5.15570754961397%
19300,0,5.155440414507772%
19301,0,5.155173307082535%
19302,0,5.154906227333955%
19303,0,5.154639175257731%
19304,0,5.154372150849565%
19305,0,5.154105154105154%
19306,0,5.1538381850202%
19307,0,5.153571243590408%
19308,0,5.153304329811477%
19309,0,5.153037443679113%
19310,0,5.152770585189021%
19311,0,5.152503754336907%
19312,0,5.152236951118475%
19313,0,5.151970175529437%
19314,0,5.151703427565497%
19315,0,5.151436707222366%
19316,0,5.151170014495754%
19317,0,5.150903349381374%
19318,0,5.150636711874935%
19319,0,5.150370101972151%
19320,0,5.150103519668737%
19321,0,5.149836964960406%
19322,0,5.149570437842874%
19323,0,5.149303938311856%
19324,0,5.149037466363072%
19325,0,5.148771021992237%
19326,0,5.1485046051950745%
19327,0,5.1482382159673%
19328,0,5.147971854304636%
19329,0,5.147705520202804%
19330,0,5.1474392136575275%
19331,0,5.147172934664528%
19332,0,5.146906683219532%
19333,0,5.146640459318264%
19334,0,5.14637426295645%
19335,0,5.146108094129817%
19336,0,5.1458419528340915%
19337,0,5.145575839065005%
19338,0,5.145309752818285%
19339,0,5.145043694089663%
19340,0,5.144777662874871%
19341,0,5.14451165916964%
19342,0,5.144245682969703%
19343,0,5.143979734270795%
19344,0,5.1437138130686515%
19345,0,5.143447919359008%
19346,0,5.1431820531376%
19347,0,5.142916214400165%
19348,0,5.142650403142444%
19349,0,5.142384619360174%
19350,0,5.142118863049096%
19351,0,5.1418531342049505%
19352,0,5.1415874328234805%
19353,0,5.141321758900428%
19354,0,5.141056112431539%
19355,0,5.140790493412555%
19356,0,5.140524901839223%
19357,0,5.140259337707289%
19358,0,5.139993801012501%
19359,0,5.139728291750607%
19360,0,5.139462809917355%
19361,0,5.139197355508497%
19362,0,5.138931928519781%
19363,0,5.138666528946961%
19364,0,5.138401156785788%
19365,0,5.138135812032017%
19366,0,5.1378704946814%
19367,0,5.137605204729695%
19368,0,5.137339942172655%
19369,0,5.1370747070060405%
19370,0,5.136809499225606%
19371,0,5.136544318827112%
19372,0,5.136279165806319%
19373,0,5.136014040158984%
19374,0,5.1357489418808715%
19375,0,5.135483870967742%
19376,0,5.1352188274153585%
19377,0,5.1349538112194875%
19378,0,5.13468882237589%
19379,0,5.134423860880334%
19380,0,5.134158926728586%
19381,0,5.133894019916413%
19382,0,5.133629140439583%
19383,0,5.1333642882938655%
19384,0,5.133099463475031%
19385,0,5.13283466597885%
19386,0,5.132569895801094%
19387,0,5.132305152937536%
19388,0,5.1320404373839486%
19389,0,5.131775749136108%
19390,0,5.1315110881897885%
19391,0,5.131246454540767%
19392,0,5.130981848184819%
19393,0,5.130717269117723%
19394,0,5.130452717335259%
19395,0,5.130188192833204%
19396,0,5.129923695607342%
19397,0,5.129659225653452%
19398,0,5.129394782967316%
19399,0,5.129130367544719%
19400,0,5.128865979381443%
19401,0,5.128601618473275%
19402,0,5.1283372848159985%
19403,0,5.1280729784054015%
19404,0,5.127808699237271%
19405,0,5.127544447307395%
19406,0,5.127280222611564%
19407,0,5.127016025145566%
19408,0,5.126751854905193%
19409,0,5.126487711886239%
19410,0,5.126223596084492%
19411,0,5.125959507495749%
19412,0,5.125695446115805%
19413,0,5.125431411940452%
19414,0,5.125167404965489%
19415,0,5.124903425186711%
19416,0,5.124639472599918%
19417,0,5.1243755472009065%
19418,1,5.129261509939232%
19419,0,5.128997373706165%
19420,1,5.133882595262616%
19421,0,5.133618248287935%
19422,1,5.138502728864175%
19423,1,5.143386706482006%
19424,1,5.14827018121911%
19425,1,5.153153153153153%
19426,1,5.158035622361783%
19427,0,5.157770113759201%
19428,0,5.157504632489191%
19429,0,5.157239178547532%
19430,0,5.156973751930005%
19431,0,5.156708352632392%
19432,0,5.156442980650473%
19433,0,5.1561776359800335%
19434,0,5.155912318616857%
19435,0,5.155647028556728%
19436,0,5.155381765795431%
19437,0,5.155116530328755%
19438,0,5.154851322152485%
19439,0,5.154586141262411%
19440,0,5.154320987654321%
19441,0,5.154055861324006%
19442,0,5.153790762267256%
19443,0,5.153525690479864%
19444,0,5.153260645957622%
19445,0,5.152995628696323%
19446,0,5.152730638691762%
19447,0,5.152465675939734%
19448,0,5.152200740436035%
19449,0,5.151935832176462%
19450,0,5.151670951156812%
19451,1,5.156547221222559%
19452,1,5.161422989923915%
19453,1,5.1662982573382%
19454,1,5.171173023542716%
19455,1,5.176047288614752%
19456,1,5.180921052631579%
19457,1,5.185794315670453%
19458,0,5.185527803474149%
19459,1,5.190400328896654%
19460,0,5.190133607399795%
19461,0,5.189866913313807%
19462,0,5.189600246634467%
19463,0,5.1893336073575504%
19464,0,5.189066995478832%
19465,0,5.188800410994092%
19466,0,5.188533853899107%
19467,0,5.188267324189654%
19468,0,5.188000821861516%
19469,0,5.1877343469104735%
19470,0,5.187467899332306%
19471,0,5.187201479122798%
19472,0,5.186935086277733%
19473,0,5.186668720792893%
19474,0,5.186402382664065%
19475,0,5.186136071887034%
19476,0,5.185869788457588%
19477,0,5.185603532371515%
19478,0,5.185337303624602%
19479,0,5.185071102212639%
19480,0,5.184804928131417%
19481,0,5.184538781376726%
19482,0,5.184272661944359%
19483,0,5.1840065698301085%
19484,0,5.183740505029768%
19485,0,5.183474467539133%
19486,0,5.183208457353998%
19487,0,5.18294247447016%
19488,0,5.182676518883415%
19489,0,5.182410590589563%
19490,0,5.182144689584402%
19491,0,5.181878815863732%
19492,0,5.1816129694233535%
19493,0,5.181347150259067%
19494,0,5.1810813583666775%
19495,0,5.180815593741985%
19496,0,5.180549856380797%
19497,0,5.180284146278915%
19498,0,5.180018463432147%
19499,0,5.179752807836299%
19500,0,5.179487179487179%
19501,0,5.179221578380596%
19502,0,5.178956004512358%
19503,0,5.178690457878275%
19504,0,5.178424938474159%
19505,0,5.178159446295822%
19506,0,5.177893981339075%
19507,0,5.177628543599734%
19508,0,5.1773631330736105%
19509,0,5.1770977497565225%
19510,0,5.176832393644285%
19511,0,5.176567064732715%
19512,0,5.17630176301763%
19513,0,5.176036488494849%
19514,0,5.175771241160192%
19515,0,5.17550602100948%
19516,0,5.1752408280385325%
19517,0,5.174975662243172%
19518,0,5.174710523619224%
19519,0,5.174445412162508%
19520,0,5.174180327868853%
19521,0,5.173915270734081%
19522,0,5.1736502407540215%
19523,0,5.173385237924499%
19524,0,5.173120262241344%
19525,0,5.172855313700384%
19526,0,5.172590392297449%
19527,0,5.172325498028371%
19528,0,5.172060630888979%
19529,0,5.171795790875109%
19530,0,5.171530977982591%
19531,0,5.171266192207261%
19532,0,5.171001433544952%
19533,0,5.170736701991502%
19534,0,5.170471997542745%
19535,0,5.170207320194523%
19536,0,5.16994266994267%
19537,0,5.1696780467830274%
19538,0,5.169413450711434%
19539,0,5.169148881723732%
19540,0,5.1688843398157625%
19541,0,5.168619824983368%
19542,0,5.168355337222392%
19543,0,5.16809087652868%
19544,0,5.167826442898076%
19545,0,5.1675620363264265%
19546,0,5.167297656809577%
19547,0,5.167033304343378%
19548,0,5.166768978923675%
19549,0,5.1665046805463195%
19550,0,5.166240409207161%
19551,0,5.165976164902051%
19552,0,5.165711947626842%
19553,0,5.165447757377384%
19554,0,5.165183594149535%
19555,0,5.164919457939146%
19556,0,5.164655348742074%
19557,0,5.1643912665541745%
19558,0,5.164127211371306%
19559,0,5.163863183189324%
19560,0,5.1635991820040905%
19561,0,5.163335207811461%
19562,0,5.1630712606073%
19563,0,5.162807340387466%
19564,0,5.162543447147822%
19565,0,5.162279580884232%
19566,0,5.162015741592558%
19567,0,5.161751929268667%
19568,0,5.161488143908422%
19569,0,5.1612243855076905%
19570,0,5.1609606540623405%
19571,0,5.160696949568239%
19572,0,5.160433272021255%
19573,0,5.160169621417259%
19574,0,5.15990599775212%
19575,0,5.159642401021712%
19576,0,5.159378831221904%
19577,0,5.1591152883485725%
19578,0,5.15885177239759%
19579,0,5.158588283364829%
19580,0,5.158324821246169%
19581,0,5.1580613860374855%
19582,1,5.162904708405678%
19583,0,5.162641066230914%
19584,1,5.167483660130719%
19585,1,5.172325759509829%
19586,1,5.17716736444399%
19587,1,5.182008475008935%
19588,0,5.181743924851951%
19589,0,5.1814794017050385%
19590,0,5.1812149055640635%
19591,0,5.180950436424888%
19592,0,5.1806859942833805%
19593,0,5.180421579135405%
19594,0,5.180157190976829%
19595,0,5.179892829803522%
19596,0,5.179628495611349%
19597,0,5.179364188396183%
19598,0,5.179099908153893%
19599,0,5.178835654880351%
19600,0,5.178571428571429%
19601,0,5.178307229222999%
19602,0,5.178043056830935%
19603,0,5.177778911391114%
19604,0,5.177514792899409%
19605,0,5.177250701351696%
19606,0,5.176986636743854%
19607,0,5.17672259907176%
19608,0,5.176458588331293%
19609,0,5.176194604518333%
19610,0,5.175930647628761%
19611,0,5.175666717658458%
19612,0,5.175402814603304%
19613,0,5.1751389384591855%
19614,0,5.174875089221985%
19615,0,5.174611266887586%
19616,0,5.174347471451876%
19617,0,5.174083702910741%
19618,0,5.173819961260067%
19619,0,5.173556246495744%
19620,0,5.173292558613659%
19621,0,5.173028897609703%
19622,0,5.172765263479768%
19623,0,5.172501656219742%
19624,0,5.17223807582552%
19625,0,5.171974522292993%
19626,0,5.171710995618057%
19627,0,5.171447495796606%
19628,0,5.171184022824536%
19629,0,5.1709205766977435%
19630,0,5.1706571574121245%
19631,0,5.1703937649635785%
19632,0,5.170130399348003%
19633,1,5.174960525645597%
19634,1,5.179790159926658%
19635,1,5.184619302266361%
19636,0,5.184355265838256%
19637,0,5.18409125630188%
19638,0,5.1838272736531215%
19639,0,5.183563317887876%
19640,0,5.183299389002037%
19641,0,5.183035486991497%
19642,0,5.182771611852154%
19643,0,5.182507763579902%
19644,0,5.182243942170637%
19645,0,5.181980147620259%
19646,0,5.181716379924667%
19647,0,5.181452639079757%
19648,0,5.181188925081433%
19649,0,5.180925237925594%
19650,0,5.180661577608142%
19651,0,5.180397944124981%
19652,0,5.180134337472013%
19653,1,5.184959039332417%
19654,0,5.184695227434618%
19655,0,5.184431442381073%
19656,0,5.184167684167685%
19657,0,5.183903952790354%
19658,0,5.1836402482449895%
19659,0,5.183376570527494%
19660,0,5.183112919633774%
19661,0,5.182849295559738%
19662,0,5.182585698301292%
19663,0,5.182322127854346%
19664,0,5.182058584214809%
19665,0,5.181795067378592%
19666,0,5.181531577341604%
19667,0,5.181268114099761%
19668,0,5.181004677648973%
19669,0,5.180741267985154%
19670,0,5.18047788510422%
19671,0,5.180214529002084%
19672,0,5.179951199674664%
19673,0,5.179687897117877%
19674,0,5.179424621327641%
19675,0,5.179161372299873%
19676,0,5.178898150030494%
19677,0,5.178634954515425%
19678,0,5.178371785750584%
19679,0,5.178108643731897%
19680,0,5.1778455284552845%
19681,0,5.177582439916671%
19682,0,5.177319378111981%
19683,0,5.177056343037139%
19684,0,5.176793334688071%
19685,1,5.181610363220726%
19686,1,5.186426902367165%
19687,1,5.191242952201961%
19688,1,5.196058512799675%
19689,0,5.195794606125247%
19690,0,5.195530726256983%
19691,0,5.195266873190798%
19692,0,5.195003046922608%
19693,0,5.194739247448331%
19694,0,5.1944754747638875%
19695,0,5.194211728865195%
19696,0,5.193948009748172%
19697,0,5.193684317408742%
19698,0,5.1934206518428265%
19699,0,5.193157013046347%
19700,0,5.192893401015229%
19701,0,5.192629815745393%
19702,0,5.192366257232768%
19703,0,5.192102725473278%
19704,0,5.1918392204628505%
19705,0,5.191575742197411%
19706,0,5.191312290672891%
19707,0,5.191048865885219%
19708,0,5.190785467830323%
19709,0,5.190522096504136%
19710,0,5.190258751902588%
19711,0,5.189995434021612%
19712,0,5.189732142857143%
19713,0,5.189468878405113%
19714,0,5.189205640661458%
19715,0,5.188942429622115%
19716,0,5.188679245283019%
19717,0,5.188416087640108%
19718,0,5.188152956689319%
19719,0,5.1878898524265935%
19720,0,5.18762677484787%
19721,0,5.18736372394909%
19722,0,5.187100699726194%
19723,0,5.186837702175126%
19724,0,5.186574731291827%
19725,0,5.186311787072243%
19726,0,5.186048869512319%
19727,0,5.185785978607999%
19728,0,5.185523114355231%
19729,0,5.185260276749962%
19730,0,5.184997465788141%
19731,0,5.184734681465714%
19732,0,5.184471923778633%
19733,0,5.18420919272285%
19734,0,5.183946488294314%
19735,0,5.183683810488978%
19736,0,5.183421159302797%
19737,0,5.183158534731723%
19738,0,5.182895936771709%
19739,0,5.182633365418714%
19740,0,5.182370820668693%
19741,0,5.182108302517603%
19742,0,5.181845810961402%
19743,0,5.181583345996049%
19744,0,5.181320907617504%
19745,0,5.181058495821727%
19746,0,5.18079611060468%
19747,0,5.180533751962323%
19748,0,5.180271419890622%
19749,0,5.1800091143855385%
19750,0,5.179746835443038%
19751,0,5.179484583059086%
19752,0,5.179222357229648%
19753,0,5.178960157950692%
19754,0,5.178697985218184%
19755,0,5.1784358390280945%
19756,0,5.178173719376392%
19757,0,5.177911626259048%
19758,0,5.177649559672032%
19759,0,5.177387519611316%
19760,0,5.1771255060728745%
19761,0,5.17686351905268%
19762,0,5.176601558546706%
19763,0,5.176339624550928%
19764,0,5.1760777170613235%
19765,0,5.175815836073868%
19766,0,5.17555398158454%
19767,0,5.175292153589315%
19768,0,5.1750303520841765%
19769,0,5.174768577065102%
19770,0,5.174506828528073%
19771,0,5.174245106469071%
19772,0,5.1739834108840785%
19773,0,5.1737217417690795%
19774,0,5.1734600991200566%
19775,0,5.173198482932996%
19776,0,5.172936893203883%
19777,0,5.172675329928706%
19778,0,5.172413793103448%
19779,0,5.172152282724101%
19780,0,5.171890798786653%
19781,0,5.171629341287094%
19782,0,5.171367910221413%
19783,0,5.171106505585604%
19784,0,5.170845127375657%
19785,0,5.170583775587566%
19786,0,5.170322450217325%
19787,0,5.170061151260929%
19788,0,5.169799878714372%
19789,0,5.169538632573651%
19790,0,5.169277412834765%
19791,0,5.1690162194937095%
19792,0,5.168755052546484%
19793,0,5.168493911989087%
19794,0,5.168232797817521%
19795,0,5.167971710027785%
19796,0,5.167710648615882%
19797,0,5.167449613577815%
19798,0,5.167188604909587%
19799,0,5.1669276226072025%
19800,0,5.166666666666667%
19801,0,5.166405737083986%
19802,0,5.166144833855166%
19803,0,5.165883956976216%
19804,0,5.165623106443143%
19805,0,5.165362282251956%
19806,0,5.165101484398667%
19807,0,5.164840712879285%
19808,0,5.164579967689822%
19809,0,5.164319248826291%
19810,0,5.164058556284705%
19811,0,5.163797890061077%
19812,0,5.163537250151423%
19813,0,5.1632766365517595%
19814,0,5.1630160492581005%
19815,0,5.162755488266465%
19816,0,5.16249495357287%
19817,0,5.162234445173336%
19818,0,5.161973963063881%
19819,0,5.161713507240527%
19820,0,5.161453077699293%
19821,0,5.1611926744362036%
19822,0,5.160932297447281%
19823,0,5.160671946728548%
19824,0,5.160411622276029%
19825,0,5.16015132408575%
19826,0,5.159891052153737%
19827,0,5.1596308064760175%
19828,0,5.159370587048618%
19829,0,5.159110393867568%
19830,0,5.158850226928895%
19831,0,5.1585900862286325%
19832,0,5.158329971762807%
19833,0,5.158069883527454%
19834,0,5.157809821518605%
19835,1,5.1625913788757245%
19836,1,5.167372454123815%
19837,1,5.172153047335787%
19838,0,5.17189232785563%
19839,0,5.171631634659005%
19840,0,5.171370967741935%
19841,0,5.171110327100449%
19842,0,5.170849712730571%
19843,0,5.170589124628332%
19844,0,5.17032856278976%
19845,0,5.170068027210884%
19846,0,5.169807517887735%
19847,0,5.169547034816345%
19848,0,5.169286577992745%
19849,0,5.169026147412968%
19850,0,5.168765743073048%
19851,0,5.168505364969019%
19852,0,5.168245013096917%
19853,0,5.167984687452778%
19854,0,5.167724388032639%
19855,0,5.167464114832536%
19856,0,5.167203867848509%
19857,0,5.1669436470765975%
19858,0,5.166683452512841%
19859,0,5.1664232841532804%
19860,0,5.166163141993958%
19861,0,5.165903026030915%
19862,0,5.165642936260195%
19863,0,5.165382872677844%
19864,0,5.165122835279903%
19865,0,5.164862824062421%
19866,0,5.164602839021444%
19867,0,5.164342880153018%
19868,0,5.164082947453191%
19869,0,5.163823040918013%
19870,0,5.163563160543533%
19871,0,5.163303306325801%
19872,0,5.163043478260869%
19873,0,5.162783676344789%
19874,0,5.162523900573614%
19875,0,5.162264150943397%
19876,0,5.162004427450191%
19877,0,5.161744730090054%
19878,0,5.16148505885904%
19879,0,5.161225413753208%
19880,0,5.160965794768611%
19881,0,5.160706201901313%
19882,0,5.160446635147369%
19883,0,5.160187094502842%
19884,0,5.15992757996379%
19885,0,5.159668091526276%
19886,0,5.159408629186362%
19887,0,5.159149192940111%
19888,0,5.158889782783588%
19889,0,5.158630398712857%
19890,0,5.158371040723981%
19891,0,5.158111708813031%
19892,0,5.15785240297607%
19893,0,5.157593123209169%
19894,0,5.157333869508395%
19895,0,5.157074641869817%
19896,0,5.156815440289505%
19897,0,5.156556264763532%
19898,0,5.156297115287969%
19899,0,5.156037991858888%
19900,0,5.155778894472362%
19901,0,5.155519823124466%
19902,0,5.155260777811275%
19903,0,5.155001758528865%
19904,0,5.154742765273312%
19905,0,5.154483798040693%
19906,0,5.154224856827088%
19907,0,5.153965941628573%
19908,0,5.15370705244123%
19909,0,5.153448189261138%
19910,0,5.15318935208438%
19911,0,5.152930540907037%
19912,0,5.152671755725191%
19913,0,5.152412996534927%
19914,0,5.15215426333233%
19915,0,5.151895556113482%
19916,0,5.151636874874472%
19917,0,5.151378219611387%
19918,0,5.151119590320313%
19919,0,5.150860986997339%
19920,0,5.150602409638554%
19921,0,5.150343858240048%
19922,0,5.150085332797912%
19923,0,5.149826833308237%
19924,0,5.149568359767115%
19925,0,5.14930991217064%
19926,0,5.149051490514905%
19927,0,5.148793094796005%
19928,0,5.148534725010036%
19929,0,5.148276381153093%
19930,0,5.148018063221275%
19931,0,5.147759771210677%
19932,0,5.1475015051174%
19933,0,5.147243264937541%
19934,0,5.146985050667201%
19935,0,5.146726862302483%
19936,0,5.146468699839486%
19937,0,5.146210563274314%
19938,0,5.14595245260307%
19939,0,5.145694367821857%
19940,0,5.14543630892678%
19941,0,5.145178275913946%
19942,0,5.144920268779461%
19943,0,5.144662287519431%
19944,0,5.144404332129964%
19945,0,5.14414640260717%
19946,0,5.143888498947157%
19947,0,5.143630621146037%
19948,0,5.14337276919992%
19949,0,5.1431149431049175%
19950,0,5.142857142857142%
19951,0,5.142599368452709%
19952,0,5.1423416198877305%
19953,0,5.142083897158322%
19954,0,5.141826200260599%
19955,0,5.141568529190679%
19956,0,5.141310883944678%
19957,0,5.141053264518716%
19958,0,5.140795670908909%
19959,0,5.140538103111378%
19960,0,5.140280561122244%
19961,0,5.140023044937628%
19962,0,5.139765554553652%
19963,0,5.139508089966438%
19964,0,5.13925065117211%
19965,0,5.138993238166792%
19966,0,5.13873585094661%
19967,1,5.143486753142685%
19968,0,5.143229166666666%
19969,1,5.147979368020432%
19970,1,5.152729093640461%
19971,0,5.152471083070452%
19972,0,5.152213098337673%
19973,0,5.151955139438242%
19974,0,5.151697206368279%
19975,0,5.151439299123905%
19976,0,5.151181417701242%
19977,0,5.150923562096411%
19978,0,5.150665732305535%
19979,0,5.150407928324741%
19980,0,5.15015015015015%
19981,0,5.149892397777888%
19982,0,5.149634671204083%
19983,0,5.1493769704248615%
19984,0,5.149119295436349%
19985,0,5.148861646234676%
19986,0,5.148604022815971%
19987,0,5.148346425176364%
19988,0,5.148088853311987%
19989,0,5.14783130721897%
19990,0,5.147573786893447%
19991,0,5.147316292331549%
19992,0,5.147058823529411%
19993,0,5.146801380483169%
19994,0,5.146543963188957%
19995,0,5.146286571642911%
19996,0,5.1460292058411685%
19997,0,5.145771865779867%
19998,0,5.145514551455146%
19999,0,5.145257262863144%
20000,0,5.1450000000000005%
20001,0,5.144742762861857%
20002,0,5.1444855514448555%
20003,0,5.144228365745138%
20004,0,5.143971205758848%
20005,0,5.143714071482129%
20006,0,5.143456962911127%
20007,0,5.143199880041985%
20008,0,5.142942822870852%
20009,0,5.142685791393873%
20010,0,5.142428785607196%
20011,0,5.142171805506971%
20012,0,5.141914851089346%
20013,0,5.141657922350472%
20014,0,5.1414010192865%
20015,0,5.14114414189358%
20016,0,5.140887290167866%
20017,0,5.14063046410551%
20018,0,5.140373663702667%
20019,0,5.140116888955492%
20020,0,5.13986013986014%
20021,0,5.139603416412767%
20022,0,5.13934671860953%
20023,0,5.1390900464465865%
20024,0,5.138833399920096%
20025,0,5.138576779026217%
20026,0,5.1383201837611105%
20027,0,5.138063614120936%
20028,0,5.137807070101857%
20029,0,5.137550551700035%
20030,0,5.137294058911633%
20031,0,5.137037591732814%
20032,0,5.136781150159744%
20033,0,5.136524734188589%
20034,0,5.136268343815513%
20035,0,5.136011979036685%
20036,0,5.1357556398482735%
20037,0,5.135499326246444%
20038,0,5.135243038227368%
20039,0,5.1349867757872145%
20040,0,5.134730538922155%
20041,0,5.134474327628362%
20042,0,5.134218141902005%
20043,0,5.133961981739261%
20044,0,5.133705847136301%
20045,0,5.133449738089299%
20046,0,5.133193654594432%
20047,0,5.132937596647878%
20048,0,5.13268156424581%
20049,0,5.132425557384408%
20050,0,5.13216957605985%
20051,0,5.131913620268316%
20052,0,5.1316576900059845%
20053,0,5.131401785269038%
20054,0,5.131145906053655%
20055,0,5.130890052356021%
20056,0,5.130634224172318%
20057,0,5.130378421498729%
20058,0,5.130122644331439%
20059,0,5.129866892666633%
20060,0,5.129611166500498%
20061,0,5.129355465829221%
20062,0,5.129099790648988%
20063,0,5.128844140955988%
20064,0,5.128588516746412%
20065,0,5.128332918016446%
20066,0,5.128077344762285%
20067,0,5.1278217969801165%
20068,0,5.127566274666135%
20069,0,5.1273107778165325%
20070,0,5.127055306427504%
20071,0,5.126799860495241%
20072,0,5.126544440015943%
20073,0,5.126289044985802%
20074,0,5.1260336754010165%
20075,0,5.125778331257783%
20076,0,5.125523012552302%
20077,0,5.125267719280769%
20078,0,5.125012451439386%
20079,0,5.124757209024354%
20080,0,5.124501992031873%
20081,0,5.1242468004581445%
20082,0,5.123991634299372%
20083,0,5.12373649355176%
20084,0,5.123481378211512%
20085,0,5.123226288274832%
20086,0,5.122971223737927%
20087,0,5.122716184597003%
20088,0,5.1224611708482675%
20089,0,5.122206182487929%
20090,0,5.121951219512195%
20091,0,5.121696281917276%
20092,0,5.121441369699383%
20093,0,5.121186482854726%
20094,0,5.120931621379516%
20095,0,5.120676785269968%
20096,0,5.1204219745222925%
20097,0,5.120167189132706%
20098,0,5.119912429097423%
20099,0,5.119657694412657%
20100,0,5.119402985074626%
20101,0,5.119148301079549%
20102,0,5.1188936424236395%
20103,0,5.118639009103119%
20104,0,5.118384401114206%
20105,0,5.118129818453121%
20106,0,5.117875261116085%
20107,0,5.117620729099319%
20108,0,5.1173662223990455%
20109,0,5.117111741011487%
20110,0,5.11685728493287%
20111,0,5.1166028541594155%
20112,0,5.116348448687351%
20113,0,5.1160940685129015%
20114,0,5.115839713632296%
20115,0,5.1155853840417596%
20116,0,5.115331079737522%
20117,0,5.115076800715813%
20118,0,5.11482254697286%
20119,0,5.114568318504896%
20120,0,5.114314115308151%
20121,0,5.114059937378858%
20122,0,5.113805784713249%
20123,0,5.113551657307559%
20124,0,5.11329755515802%
20125,0,5.113043478260869%
20126,0,5.112789426612342%
20127,0,5.112535400208675%
20128,0,5.112281399046105%
20129,0,5.11202742312087%
20130,0,5.111773472429211%
20131,0,5.111519546967363%
20132,0,5.111265646731571%
20133,0,5.111011771718075%
20134,0,5.110757921923115%
20135,0,5.110504097342935%
20136,0,5.110250297973779%
20137,1,5.114962506828227%
20138,1,5.1196742476909325%
20139,1,5.12438552063161%
20140,1,5.12909632571996%
20141,1,5.133806663025669%
20142,1,5.138516532618409%
20143,1,5.143225934567839%
20144,1,5.147934868943606%
20145,1,5.1526433358153385%
20146,0,5.152387570733644%
20147,0,5.152131831041842%
20148,0,5.151876116736152%
20149,0,5.151620427812794%
20150,0,5.151364764267989%
20151,0,5.1511091260979605%
20152,0,5.150853513298928%
20153,0,5.150597925867117%
20154,0,5.1503423637987495%
20155,0,5.150086827090052%
20156,0,5.1498313157372495%
20157,0,5.149575829736568%
20158,0,5.149320369084235%
20159,0,5.149064933776477%
20160,0,5.148809523809524%
20161,0,5.148554139179605%
20162,0,5.148298779882948%
20163,0,5.148043445915786%
20164,0,5.14778813727435%
20165,1,5.152491941482768%
20166,1,5.157195279182783%
20167,1,5.161898150443794%
20168,1,5.166600555335185%
20169,0,5.1663443899053005%
20170,1,5.171046108081309%
20171,1,5.175747360071389%
20172,1,5.180448145944874%
20173,1,5.18514846577108%
20174,1,5.189848319619312%
20175,1,5.19454770755886%
20176,0,5.194290245836638%
20177,0,5.194032809634733%
20178,0,5.193775398949351%
20179,0,5.193518013776698%
20180,0,5.193260654112984%
20181,0,5.193003319954412%
20182,0,5.192746011297196%
20183,0,5.192488728137541%
20184,0,5.192231470471661%
20185,0,5.1919742382957645%
20186,0,5.191717031606063%
20187,0,5.191459850398771%
20188,0,5.191202694670101%
20189,0,5.190945564416266%
20190,0,5.190688459633482%
20191,0,5.190431380317963%
20192,0,5.190174326465927%
20193,0,5.189917298073589%
20194,0,5.18966029513717%
20195,0,5.189403317652885%
20196,0,5.1891463656169545%
20197,0,5.188889439025598%
20198,0,5.188632537875037%
20199,0,5.1883756621614925%
20200,0,5.188118811881188%
20201,0,5.187861987030344%
20202,0,5.187605187605188%
20203,0,5.18734841360194%
20204,0,5.187091665016828%
20205,0,5.186834941846078%
20206,0,5.186578244085915%
20207,0,5.186321571732568%
20208,0,5.186064924782265%
20209,0,5.185808303231234%
20210,0,5.185551707075705%
20211,0,5.185295136311909%
20212,0,5.185038590936077%
20213,0,5.184782070944442%
20214,0,5.184525576333234%
20215,0,5.1842691070986895%
20216,0,5.18401266323704%
20217,0,5.183756244744521%
20218,0,5.183499851617371%
20219,0,5.183243483851823%
20220,0,5.182987141444115%
20221,0,5.182730824390485%
20222,0,5.182474532687173%
20223,0,5.182218266330415%
20224,0,5.181962025316455%
20225,0,5.1817058096415325%
20226,0,5.181449619301889%
20227,0,5.181193454293766%
20228,0,5.180937314613407%
20229,0,5.180681200257057%
20230,0,5.180425111220959%
20231,0,5.1801690475013595%
20232,0,5.179913009094504%
20233,0,5.179656995996639%
20234,0,5.179401008204013%
20235,0,5.179145045712874%
20236,0,5.178889108519471%
20237,0,5.178633196620053%
20238,0,5.1783773100108705%
20239,0,5.178121448688176%
20240,0,5.177865612648222%
20241,0,5.177609801887258%
20242,0,5.177354016401541%
20243,0,5.177098256187325%
20244,0,5.176842521240862%
20245,0,5.17658681155841%
20246,0,5.1763311271362245%
20247,0,5.176075467970564%
20248,0,5.175819834057685%
20249,0,5.175564225393846%
20250,0,5.175308641975309%
20251,0,5.175053083798331%
20252,0,5.174797550859175%
20253,0,5.1745420431541005%
20254,0,5.174286560679372%
20255,1,5.178968156010861%
20256,1,5.1836492890995265%
20257,1,5.188329960013823%
20258,0,5.188073847368941%
20259,0,5.187817760007897%
20260,0,5.18756169792695%
20261,0,5.187305661122353%
20262,0,5.187049649590366%
20263,0,5.186793663327246%
20264,0,5.186537702329254%
20265,0,5.186281766592647%
20266,0,5.186025856113688%
20267,0,5.185769970888637%
20268,0,5.185514110913755%
20269,0,5.185258276185308%
20270,0,5.185002466699555%
20271,0,5.184746682452765%
20272,0,5.1844909234412%
20273,0,5.184235189661126%
20274,0,5.18397948110881%
20275,0,5.183723797780518%
20276,0,5.183468139672519%
20277,0,5.183212506781082%
20278,0,5.182956899102475%
20279,0,5.182701316632969%
20280,0,5.182445759368836%
20281,0,5.182190227306346%
20282,0,5.181934720441771%
20283,0,5.181679238771385%
20284,0,5.181423782291461%
20285,0,5.181168350998274%
20286,0,5.1809129448881%
20287,0,5.180657563957213%
20288,0,5.180402208201892%
20289,0,5.180146877618414%
20290,0,5.179891572203055%
20291,0,5.1796362919520975%
20292,0,5.179381036861817%
20293,0,5.179125806928497%
20294,0,5.178870602148418%
20295,0,5.178615422517861%
20296,0,5.17836026803311%
20297,0,5.178105138690447%
20298,0,5.177850034486156%
20299,0,5.177594955416523%
20300,1,5.182266009852217%
20301,1,5.186936604108173%
20302,1,5.191606738252389%
20303,1,5.196276412352854%
20304,1,5.200945626477541%
20305,1,5.20561438069441%
20306,0,5.20535802225943%
20307,0,5.205101689072734%
20308,0,5.204845381130589%
20309,0,5.204589098429268%
20310,0,5.204332840965042%
20311,0,5.204076608734184%
20312,0,5.2038204017329655%
20313,0,5.203564219957663%
20314,0,5.203308063404548%
20315,0,5.203051932069899%
20316,0,5.20279582594999%
20317,0,5.202539745041099%
20318,0,5.202283689339502%
20319,0,5.202027658841478%
20320,0,5.201771653543307%
20321,0,5.201515673441268%
20322,0,5.201259718531641%
20323,0,5.201003788810707%
20324,0,5.200747884274749%
20325,0,5.20049200492005%
20326,0,5.2002361507428905%
20327,0,5.199980321739559%
20328,0,5.199724517906336%
20329,0,5.19946873923951%
20330,0,5.199212985735366%
20331,0,5.198957257390193%
20332,0,5.198701554200276%
20333,0,5.198445876161904%
20334,0,5.198190223271368%
20335,0,5.197934595524957%
20336,0,5.197678992918962%
20337,0,5.197423415449673%
20338,0,5.197167863113384%
20339,0,5.1969123359063865%
20340,0,5.196656833824975%
20341,0,5.196401356865444%
20342,0,5.196145905024088%
20343,0,5.195890478297203%
20344,0,5.195635076681086%
20345,0,5.195379700172032%
20346,0,5.195124348766343%
20347,0,5.194869022460313%
20348,0,5.194613721250246%
20349,0,5.194358445132439%
20350,0,5.194103194103194%
20351,0,5.1938479681588126%
20352,0,5.1935927672955975%
20353,0,5.193337591509851%
20354,0,5.193082440797878%
20355,0,5.192827315155981%
20356,0,5.192572214580467%
20357,0,5.192317139067643%
20358,0,5.192062088613813%
20359,0,5.191807063215285%
20360,0,5.19155206286837%
20361,0,5.191297087569373%
20362,0,5.191042137314605%
20363,0,5.190787212100378%
20364,0,5.190532311923001%
20365,0,5.1902774367787865%
20366,0,5.190022586664048%
20367,0,5.189767761575097%
20368,0,5.189512961508249%
20369,0,5.189258186459816%
20370,1,5.193912616593029%
20371,1,5.198566589759953%
20372,1,5.2032201060278815%
20373,0,5.202964708192216%
20374,1,5.2076175517816825%
20375,1,5.212269938650307%
20376,1,5.216921868865332%
20377,0,5.216665848751043%
20378,0,5.216409853763863%
20379,0,5.216153883900093%
20380,0,5.215897939156036%
20381,0,5.215642019527992%
20382,0,5.215386125012265%
20383,0,5.215130255605161%
20384,0,5.214874411302983%
20385,0,5.214618592102036%
20386,0,5.214362797998627%
20387,0,5.214107028989061%
20388,0,5.213851285069649%
20389,0,5.213595566236696%
20390,0,5.213339872486513%
20391,0,5.213084203815408%
20392,0,5.212828560219694%
20393,0,5.212572941695679%
20394,0,5.2123173482396785%
20395,0,5.212061779848002%
20396,0,5.211806236516964%
20397,0,5.211550718242878%
20398,0,5.211295225022061%
20399,0,5.211039756850826%
20400,0,5.21078431372549%
20401,1,5.215430616146268%
20402,1,5.2200764630918535%
20403,1,5.224721854629221%
20404,0,5.224465791021368%
20405,0,5.22420975251164%
20406,0,5.223953739096345%
20407,0,5.2236977507717945%
20408,0,5.2234417875343%
20409,0,5.223185849380176%
20410,0,5.222929936305733%
20411,0,5.222674048307285%
20412,0,5.222418185381148%
20413,0,5.2221623475236365%
20414,0,5.221906534731067%
20415,0,5.221650746999755%
20416,0,5.221394984326019%
20417,0,5.221139246706176%
20418,0,5.220883534136546%
20419,0,5.220627846613448%
20420,0,5.220372184133202%
20421,1,5.225013466529553%
20422,1,5.229654294388405%
20423,0,5.229398227488616%
20424,1,5.234038386212299%
20425,0,5.233782129742962%
20426,1,5.238421619504553%
20427,1,5.24306065501542%
20428,1,5.247699236342275%
20429,1,5.252337363551813%
20430,0,5.252080274106706%
20431,0,5.251823209828202%
20432,0,5.251566170712608%
20433,0,5.251309156756228%
20434,0,5.251052167955368%
20435,0,5.250795204306337%
20436,0,5.250538265805441%
20437,0,5.25028135244899%
20438,0,5.250024464233291%
20439,0,5.249767601154655%
20440,0,5.249510763209393%
20441,0,5.2492539503938165%
20442,0,5.248997162704237%
20443,0,5.248740400136966%
20444,0,5.248483662688319%
20445,0,5.24822695035461%
20446,0,5.247970263132153%
20447,0,5.2477136010172645%
20448,0,5.24745696400626%
20449,0,5.247200352095457%
20450,0,5.2469437652811735%
20451,0,5.246687203559728%
20452,0,5.2464306669274405%
20453,0,5.246174155380628%
20454,0,5.245917668915615%
20455,0,5.2456612075287214%
20456,1,5.2502933124755575%
20457,0,5.250036662267195%
20458,0,5.249780037149281%
20459,0,5.249523437118139%
20460,0,5.249266862170088%
20461,0,5.2490103123014515%
20462,0,5.248753787508552%
20463,1,5.253384156770757%
20464,1,5.258014073494918%
20465,1,5.2626435377473735%
20466,1,5.267272549594449%
20467,1,5.2719011091024575%
20468,1,5.276529216337698%
20469,1,5.2811568713664565%
20470,1,5.285784074255007%
20471,0,5.28552586585902%
20472,0,5.28526768268855%
20473,0,5.285009524739901%
20474,0,5.284751392009378%
20475,0,5.284493284493284%
20476,0,5.2842352021879275%
20477,0,5.2839771450896125%
20478,0,5.283719113194648%
20479,0,5.283461106499341%
20480,0,5.283203125%
20481,0,5.282945168692935%
20482,0,5.282687237574455%
20483,0,5.282429331640873%
20484,0,5.282171450888498%
20485,0,5.281913595313644%
20486,0,5.281655764912623%
20487,0,5.281397959681749%
20488,0,5.281140179617337%
20489,0,5.280882424715702%
20490,0,5.280624694973158%
20491,0,5.280366990386024%
20492,0,5.280109310950615%
20493,0,5.279851656663251%
20494,0,5.2795940275202495%
20495,0,5.279336423517931%
20496,0,5.279078844652616%
20497,0,5.2788212909206225%
20498,0,5.278563762318275%
20499,0,5.278306258841894%
20500,0,5.278048780487805%
20501,0,5.277791327252329%
20502,0,5.277533899131792%
20503,0,5.277276496122519%
20504,0,5.277019118220835%
20505,0,5.276761765423068%
20506,0,5.276504437725544%
20507,0,5.276247135124591%
20508,0,5.27598985761654%
20509,0,5.275732605197718%
20510,0,5.275475377864456%
20511,0,5.275218175613086%
20512,0,5.274960998439938%
20513,0,5.274703846341344%
20514,0,5.274446719313639%
20515,0,5.274189617353156%
20516,0,5.273932540456229%
20517,0,5.273675488619194%
20518,0,5.273418461838386%
20519,0,5.273161460110141%
20520,0,5.272904483430799%
20521,0,5.272647531796696%
20522,0,5.272390605204171%
20523,0,5.272133703649564%
20524,0,5.271876827129215%
20525,0,5.271619975639464%
20526,0,5.271363149176654%
20527,0,5.271106347737127%
20528,0,5.270849571317225%
20529,0,5.270592819913293%
20530,0,5.270336093521675%
20531,0,5.270079392138717%
20532,0,5.269822715760764%
20533,0,5.269566064384162%
20534,0,5.269309438005259%
20535,0,5.269052836620404%
20536,0,5.268796260225945%
20537,0,5.26853970881823%
20538,0,5.268283182393612%
20539,0,5.268026680948439%
20540,0,5.267770204479065%
20541,0,5.267513752981841%
20542,0,5.26725732645312%
20543,0,5.267000924889257%
20544,0,5.266744548286605%
20545,0,5.266488196641519%
20546,0,5.266231869950355%
20547,0,5.265975568209471%
20548,0,5.265719291415223%
20549,0,5.2654630395639686%
20550,0,5.2652068126520675%
20551,0,5.264950610675879%
20552,0,5.264694433631764%
20553,0,5.26443828151608%
20554,0,5.2641821543251925%
20555,0,5.263926052055461%
20556,0,5.263669974703249%
20557,0,5.263413922264922%
20558,0,5.263157894736842%
20559,0,5.262901892115375%
20560,0,5.262645914396887%
20561,0,5.262389961577744%
20562,0,5.262134033654314%
20563,0,5.261878130622963%
20564,0,5.261622252480063%
20565,0,5.261366399221979%
20566,0,5.261110570845084%
20567,0,5.260854767345748%
20568,0,5.260598988720342%
20569,0,5.260343234965239%
20570,0,5.260087506076811%
20571,0,5.259831802051432%
20572,0,5.259576122885475%
20573,0,5.259320468575317%
20574,0,5.2590648391173325%
20575,0,5.258809234507898%
20576,0,5.25855365474339%
20577,0,5.258298099820188%
20578,0,5.258042569734668%
20579,0,5.257787064483211%
20580,0,5.257531584062196%
20581,0,5.257276128468004%
20582,0,5.257020697697016%
20583,0,5.256765291745615%
20584,0,5.256509910610182%
20585,0,5.256254554287102%
20586,0,5.255999222772758%
20587,0,5.255743916063535%
20588,0,5.255488634155818%
20589,0,5.255233377045995%
20590,0,5.254978144730452%
20591,0,5.2547229372055755%
20592,0,5.254467754467754%
20593,0,5.254212596513378%
20594,0,5.253957463338836%
20595,0,5.253702354940519%
20596,0,5.253447271314818%
20597,0,5.253192212458125%
20598,0,5.252937178366832%
20599,0,5.252682169037333%
20600,0,5.252427184466019%
20601,0,5.252172224649289%
20602,0,5.2519172895835355%
20603,0,5.251662379265156%
20604,0,5.251407493690546%
20605,0,5.251152632856103%
20606,0,5.250897796758226%
20607,0,5.250642985393314%
20608,0,5.250388198757764%
20609,0,5.250133436847979%
20610,0,5.249878699660359%
20611,0,5.249623987191305%
20612,0,5.249369299437221%
20613,0,5.249114636394508%
20614,0,5.248859998059571%
20615,0,5.248605384428814%
20616,1,5.253201396973225%
20617,1,5.257796963670757%
20618,1,5.262392084586284%
20619,1,5.266986759784665%
20620,1,5.271580989330746%
20621,1,5.276174773289365%
20622,1,5.280768111725342%
20623,1,5.2853610047034865%
20624,1,5.289953452288596%
20625,1,5.294545454545455%
20626,0,5.294288761757006%
20627,0,5.294032093857566%
20628,0,5.293775450843514%
20629,0,5.293518832711232%
20630,0,5.293262239457102%
20631,0,5.293005671077505%
20632,0,5.292749127568825%
20633,0,5.292492608927446%
20634,0,5.292236115149753%
20635,0,5.29197964623213%
20636,0,5.291723202170964%
20637,0,5.29146678296264%
20638,0,5.291210388603547%
20639,0,5.290954019090073%
20640,0,5.290697674418605%
20641,0,5.290441354585534%
20642,0,5.290185059587249%
20643,0,5.289928789420142%
20644,0,5.289672544080604%
20645,0,5.289416323565028%
20646,0,5.289160127869805%
20647,0,5.28890395699133%
20648,0,5.288647810925998%
20649,0,5.288391689670203%
20650,0,5.288135593220339%
20651,0,5.287879521572806%
20652,0,5.287623474723998%
20653,0,5.287367452670314%
20654,0,5.287111455408153%
20655,0,5.286855482933914%
20656,0,5.286599535243997%
20657,0,5.286343612334802%
20658,0,5.28608771420273%
20659,0,5.2858318408441844%
20660,0,5.285575992255566%
20661,0,5.28532016843328%
20662,0,5.285064369373729%
20663,0,5.2848085950733195%
20664,0,5.284552845528456%
20665,0,5.284297120735544%
20666,0,5.28404142069099%
20667,0,5.283785745391204%
20668,0,5.283530094832591%
20669,0,5.283274469011563%
20670,0,5.283018867924529%
20671,0,5.282763291567897%
20672,0,5.28250773993808%
20673,0,5.28225221303149%
20674,0,5.281996710844538%
20675,0,5.28174123337364%
20676,0,5.281485780615206%
20677,0,5.281230352565652%
20678,0,5.280974949221394%
20679,0,5.2807195705788486%
20680,0,5.280464216634429%
20681,0,5.280208887384555%
20682,0,5.279953582825645%
20683,0,5.279698302954117%
20684,0,5.27944304776639%
20685,0,5.279187817258883%
20686,0,5.278932611428019%
20687,0,5.278677430270218%
20688,0,5.278422273781903%
20689,0,5.2781671419594955%
20690,0,5.27791203479942%
20691,0,5.277656952298101%
20692,0,5.2774018944519625%
20693,0,5.27714686125743%
20694,0,5.27689185271093%
20695,0,5.276636868808891%
20696,0,5.276381909547738%
20697,0,5.276126974923902%
20698,0,5.27587206493381%
20699,0,5.275617179573892%
20700,0,5.27536231884058%
20701,0,5.275107482730303%
20702,0,5.274852671239493%
20703,0,5.274597884364585%
20704,0,5.274343122102009%
20705,0,5.274088384448201%
20706,0,5.273833671399594%
20707,0,5.273578982952625%
20708,0,5.273324319103728%
20709,0,5.273069679849341%
20710,0,5.272815065185901%
20711,0,5.272560475109845%
20712,0,5.2723059096176135%
20713,0,5.272051368705643%
20714,0,5.271796852370377%
20715,1,5.276369780352401%
20716,1,5.280942266846882%
20717,1,5.285514311917749%
20718,1,5.2900859156289215%
20719,0,5.289830590279453%
20720,0,5.289575289575289%
20721,0,5.289320013512861%
20722,0,5.289064762088602%
20723,0,5.2888095352989435%
20724,0,5.28855433314032%
20725,0,5.288299155609168%
20726,1,5.292868860368619%
20727,1,5.297438124185844%
20728,1,5.302006947124662%
20729,1,5.306575329248878%
20730,0,5.306319343945972%
20731,1,5.310887077323814%
20732,1,5.315454370055952%
20733,1,5.320021222206145%
20734,1,5.32458763383814%
20735,0,5.324330841572221%
20736,0,5.324074074074074%
20737,0,5.323817331340116%
20738,0,5.323560613366767%
20739,0,5.323303920150441%
20740,0,5.32304725168756%
20741,0,5.322790607974543%
20742,0,5.322533989007811%
20743,0,5.322277394783782%
20744,0,5.322020825298882%
20745,0,5.32176428054953%
20746,0,5.321507760532151%
20747,0,5.321251265243167%
20748,0,5.320994794679005%
20749,0,5.320738348836088%
20750,0,5.320481927710843%
20751,0,5.320225531299696%
20752,0,5.319969159599075%
20753,0,5.319712812605407%
20754,0,5.31945649031512%
20755,0,5.319200192724645%
20756,0,5.318943919830411%
20757,0,5.318687671628848%
20758,0,5.318431448116389%
20759,0,5.318175249289465%
20760,0,5.317919075144509%
20761,0,5.317662925677954%
20762,0,5.317406800886235%
20763,0,5.317150700765786%
20764,0,5.316894625313042%
20765,0,5.316638574524441%
20766,0,5.316382548396417%
20767,0,5.31612654692541%
20768,0,5.315870570107858%
20769,0,5.3156146179401995%
20770,0,5.315358690418873%
20771,0,5.3151027875403205%
20772,0,5.314846909300982%
20773,0,5.314591055697299%
20774,0,5.314335226725715%
20775,0,5.3140794223826715%
20776,0,5.313823642664613%
20777,0,5.313567887567984%
20778,0,5.313312157089229%
20779,0,5.313056451224794%
20780,0,5.312800769971126%
20781,0,5.3125451133246715%
20782,0,5.312289481281879%
20783,0,5.312033873839195%
20784,0,5.311778290993072%
20785,0,5.311522732739957%
20786,0,5.311267199076301%
20787,0,5.311011689998557%
20788,0,5.310756205503175%
20789,0,5.310500745586609%
20790,0,5.31024531024531%
20791,0,5.309989899475735%
20792,0,5.3097345132743365%
20793,0,5.309479151637571%
20794,0,5.309223814561893%
20795,0,5.3089685020437605%
20796,0,5.3087132140796305%
20797,0,5.308457950665962%
20798,0,5.308202711799211%
20799,0,5.3079474974758405%
20800,0,5.3076923076923075%
20801,0,5.307437142445075%
20802,0,5.307182001730603%
20803,0,5.306926885545353%
20804,0,5.3066717938857915%
20805,0,5.306416726748378%
20806,0,5.306161684129578%
20807,1,5.310712740904503%
20808,1,5.3152633602460595%
20809,0,5.315007929261378%
20810,0,5.3147525228255645%
20811,0,5.3144971409350825%
20812,0,5.314241783586392%
20813,0,5.313986450775957%
20814,0,5.31373114250024%
20815,0,5.313475858755705%
20816,0,5.313220599538816%
20817,0,5.31296536484604%
20818,0,5.31271015467384%
20819,0,5.312454969018685%
20820,0,5.312199807877041%
20821,0,5.311944671245377%
20822,0,5.311689559120161%
20823,0,5.311434471497863%
20824,0,5.311179408374952%
20825,0,5.310924369747899%
20826,0,5.310669355613175%
20827,0,5.310414365967254%
20828,0,5.310159400806606%
20829,0,5.309904460127707%
20830,0,5.309649543927028%
20831,0,5.309394652201046%
20832,0,5.309139784946237%
20833,0,5.308884942159075%
20834,0,5.308630123836037%
20835,0,5.308375329973602%
20836,0,5.3081205605682475%
20837,0,5.307865815616451%
20838,0,5.307611095114694%
20839,0,5.307356399059455%
20840,0,5.307101727447217%
20841,0,5.306847080274459%
20842,1,5.311390461567988%
20843,1,5.315933406899199%
20844,1,5.320475916330839%
20845,1,5.325017989925642%
20846,1,5.32955962774633%
20847,0,5.329303976591357%
20848,0,5.329048349961627%
20849,1,5.3335891409659935%
20850,1,5.338129496402877%
20851,1,5.342669416334948%
20852,0,5.3424131977747935%
20853,0,5.342157003788424%
20854,0,5.341900834372303%
20855,0,5.341644689522896%
20856,0,5.3413885692366705%
20857,0,5.3411324735100925%
20858,0,5.34087640233963%
20859,0,5.340620355721751%
20860,0,5.340364333652924%
20861,0,5.34010833612962%
20862,0,5.3398523631483075%
20863,0,5.3395964147054595%
20864,0,5.339340490797546%
20865,0,5.33908459142104%
20866,0,5.338828716572414%
20867,0,5.3385728662481435%
20868,0,5.3383170404447%
20869,0,5.33806123915856%
20870,0,5.337805462386201%
20871,0,5.337549710124096%
20872,0,5.337293982368724%
20873,0,5.337038279116562%
20874,0,5.3367826003640895%
20875,0,5.336526946107784%
20876,0,5.336271316344128%
20877,0,5.336015711069598%
20878,0,5.335760130280678%
20879,0,5.33550457397385%
20880,0,5.335249042145594%
20881,0,5.334993534792395%
20882,0,5.334738051910737%
20883,0,5.334482593497103%
20884,0,5.3342271595479795%
20885,0,5.333971750059852%
20886,0,5.333716365029206%
20887,0,5.333461004452531%
20888,0,5.333205668326311%
20889,0,5.332950356647039%
20890,0,5.332695069411201%
20891,0,5.332439806615289%
20892,0,5.332184568255792%
20893,0,5.331929354329201%
20894,0,5.331674164832009%
20895,0,5.331418999760708%
20896,0,5.331163859111792%
20897,0,5.330908742881753%
20898,0,5.330653651067087%
20899,0,5.33039858366429%
20900,0,5.330143540669856%
20901,0,5.329888522080283%
20902,0,5.329633527892068%
20903,0,5.329378558101708%
20904,0,5.329123612705702%
20905,0,5.32886869170055%
20906,0,5.3286137950827515%
20907,0,5.328358922848807%
20908,0,5.328104074995217%
20909,0,5.327849251518485%
20910,0,5.327594452415112%
20911,0,5.327339677681603%
20912,0,5.327084927314461%
20913,0,5.32683020131019%
20914,0,5.326575499665296%
20915,0,5.326320822376285%
20916,0,5.326066169439663%
20917,0,5.325811540851939%
20918,0,5.325556936609618%
20919,0,5.325302356709212%
20920,0,5.325047801147228%
20921,0,5.324793269920176%
20922,0,5.3245387630245675%
20923,0,5.324284280456913%
20924,0,5.324029822213726%
20925,0,5.323775388291517%
20926,0,5.323520978686801%
20927,0,5.323266593396092%
20928,0,5.323012232415902%
20929,0,5.3227578957427495%
20930,0,5.322503583373148%
20931,0,5.3222492953036165%
20932,0,5.321995031530671%
20933,0,5.321740792050829%
20934,0,5.321486576860609%
20935,0,5.321232385956532%
20936,0,5.3209782193351165%
20937,0,5.320724076992883%
20938,0,5.320469958926354%
20939,0,5.320215865132051%
20940,0,5.319961795606495%
20941,0,5.319707750346211%
20942,0,5.319453729347722%
20943,0,5.3191997326075535%
20944,0,5.318945760122231%
20945,0,5.318691811888279%
20946,0,5.318437887902225%
20947,0,5.3181839881605955%
20948,0,5.317930112659919%
20949,0,5.317676261396725%
20950,0,5.3174224343675425%
20951,0,5.317168631568899%
20952,0,5.316914852997328%
20953,0,5.316661098649359%
20954,0,5.316407368521523%
20955,0,5.316153662610355%
20956,0,5.315899980912388%
20957,0,5.315646323424154%
20958,0,5.315392690142189%
20959,0,5.315139081063028%
20960,0,5.314885496183206%
20961,0,5.314631935499261%
20962,0,5.314378399007729%
20963,0,5.314124886705147%
20964,0,5.313871398588056%
20965,0,5.313617934652993%
20966,0,5.313364494896499%
20967,0,5.313111079315115%
20968,0,5.31285768790538%
20969,0,5.312604320663837%
20970,0,5.3123509775870295%
20971,0,5.312097658671499%
20972,0,5.31184436391379%
20973,0,5.311591093310447%
20974,0,5.311337846858015%
20975,0,5.311084624553039%
20976,0,5.310831426392068%
20977,0,5.310578252371645%
20978,0,5.310325102488321%
20979,0,5.3100719767386435%
20980,0,5.309818875119161%
20981,0,5.309565797626424%
20982,0,5.3093127442569825%
20983,0,5.309059715007387%
20984,0,5.30880670987419%
20985,0,5.308553728853943%
20986,0,5.3083007719432%
20987,0,5.308047839138514%
20988,0,5.30779493043644%
20989,0,5.307542045833532%
20990,0,5.307289185326345%
20991,0,5.3070363489114385%
20992,1,5.311547256097561%
20993,1,5.316057733530225%
20994,1,5.32056778127084%
20995,1,5.325077399380805%
20996,1,5.329586587921509%
20997,1,5.334095346954327%
20998,1,5.338603676540623%
20999,1,5.34311157674175%
21000,0,5.3428571428571425%
21001,1,5.347364411218514%
21002,0,5.3471097990667555%
21003,0,5.34685521116031%
21004,0,5.346600647495715%
21005,0,5.346346108069508%
21006,0,5.346091592878225%
21007,0,5.345837101918408%
21008,0,5.345582635186596%
21009,0,5.345328192679328%
21010,0,5.345073774393146%
21011,0,5.344819380324592%
21012,0,5.344565010470208%
21013,0,5.344310664826536%
21014,0,5.344056343390121%
21015,0,5.343802046157506%
21016,0,5.343547773125238%
21017,0,5.3432935242898605%
21018,0,5.343039299647921%
21019,0,5.342785099195965%
21020,0,5.342530922930543%
21021,0,5.3422767708481995%
21022,0,5.342022642945485%
21023,0,5.341768539218951%
21024,0,5.341514459665145%
21025,0,5.341260404280619%
21026,0,5.341006373061923%
21027,0,5.340752366005612%
21028,0,5.340498383108237%
21029,0,5.340244424366351%
21030,0,5.339990489776509%
21031,0,5.339736579335267%
21032,0,5.339482693039178%
21033,0,5.3392288308847995%
21034,0,5.338974992868688%
21035,0,5.338721178987401%
21036,0,5.338467389237497%
21037,0,5.338213623615534%
21038,0,5.3379598821180725%
21039,0,5.33770616474167%
21040,0,5.33745247148289%
21041,0,5.337198802338292%
21042,0,5.336945157304439%
21043,0,5.336691536377893%
21044,0,5.336437939555218%
21045,0,5.336184366832978%
21046,0,5.335930818207736%
21047,0,5.335677293676058%
21048,0,5.335423793234511%
21049,0,5.335170316879662%
21050,0,5.3349168646080765%
21051,0,5.334663436416323%
21052,0,5.334410032300969%
21053,0,5.334156652258586%
21054,0,5.333903296285741%
21055,0,5.333649964379007%
21056,0,5.333396656534954%
21057,0,5.333143372750154%
21058,0,5.33289011302118%
21059,0,5.332636877344603%
21060,0,5.332383665716999%
21061,0,5.332130478134942%
21062,0,5.331877314595005%
21063,0,5.331624175093767%
21064,0,5.331371059627801%
21065,0,5.331117968193686%
21066,0,5.330864900788%
21067,0,5.33061185740732%
21068,0,5.330358838048225%
21069,0,5.330105842707296%
21070,0,5.32985287138111%
21071,0,5.329599924066252%
21072,0,5.329347000759301%
21073,0,5.329094101456841%
21074,0,5.328841226155452%
21075,0,5.32858837485172%
21076,0,5.3283355475422285%
21077,0,5.328082744223561%
21078,0,5.327829964892305%
21079,1,5.332321267612315%
21080,1,5.336812144212524%
21081,0,5.336558986765334%
21082,0,5.336305853334598%
21083,0,5.3360527439169%
21084,0,5.335799658508822%
21085,0,5.335546597106948%
21086,0,5.335293559707863%
21087,0,5.335040546308152%
21088,0,5.334787556904401%
21089,0,5.334534591493195%
21090,0,5.334281650071124%
21091,0,5.334028732634773%
21092,0,5.333775839180732%
21093,0,5.33352296970559%
21094,0,5.333270124205935%
21095,0,5.33301730267836%
21096,0,5.332764505119454%
21097,0,5.33251173152581%
21098,0,5.332258981894018%
21099,0,5.332006256220674%
21100,0,5.33175355450237%
21101,0,5.331500876735699%
21102,0,5.331248222917259%
21103,0,5.330995593043643%
21104,0,5.3307429871114484%
21105,0,5.330490405117271%
21106,0,5.330237847057709%
21107,0,5.3299853129293595%
21108,0,5.329732802728823%
21109,0,5.329480316452698%
21110,0,5.329227854097584%
21111,0,5.328975415660082%
21112,0,5.328723001136794%
21113,0,5.328470610524322%
21114,0,5.328218243819267%
21115,0,5.327965901018233%
21116,0,5.327713582117825%
21117,0,5.327461287114646%
21118,0,5.327209016005304%
21119,0,5.326956768786401%
21120,0,5.326704545454546%
21121,0,5.326452346006345%
21122,0,5.326200170438406%
21123,0,5.3259480187473365%
21124,0,5.325695890929748%
21125,0,5.325443786982249%
21126,0,5.325191706901449%
21127,0,5.324939650683959%
21128,0,5.324687618326392%
21129,0,5.3244356098253585%
21130,0,5.324183625177473%
21131,0,5.323931664379348%
21132,0,5.3236797274275975%
21133,0,5.323427814318838%
21134,0,5.323175925049683%
21135,0,5.322924059616749%
21136,0,5.3226722180166535%
21137,0,5.322420400246014%
21138,0,5.322168606301448%
21139,0,5.3219168361795735%
21140,0,5.32166508987701%
21141,0,5.321413367390379%
21142,0,5.321161668716299%
21143,0,5.320909993851393%
21144,0,5.320658342792282%
21145,0,5.320406715535587%
21146,0,5.320155112077934%
21147,0,5.319903532415945%
21148,0,5.319651976546245%
21149,0,5.319400444465459%
21150,0,5.319148936170213%
21151,0,5.318897451657132%
21152,0,5.318645990922844%
21153,0,5.3183945539639765%
21154,0,5.318143140777158%
21155,0,5.317891751359017%
21156,0,5.3176403857061825%
21157,0,5.317389043815286%
21158,0,5.317137725682957%
21159,0,5.316886431305827%
21160,1,5.321361058601134%
21161,1,5.325835262983791%
21162,0,5.325583593233154%
21163,0,5.325331947266456%
21164,0,5.325080325080325%
21165,0,5.324828726671392%
21166,0,5.324577152036285%
21167,0,5.324325601171635%
21168,0,5.324074074074074%
21169,0,5.323822570740234%
21170,0,5.3235710911667455%
21171,0,5.323319635350243%
21172,0,5.32306820328736%
21173,0,5.322816794974732%
21174,0,5.322565410408992%
21175,0,5.322314049586777%
21176,0,5.322062712504723%
21177,0,5.321811399159466%
21178,0,5.321560109547644%
21179,0,5.3213088436658955%
21180,0,5.321057601510859%
21181,0,5.320806383079175%
21182,0,5.320555188367482%
21183,0,5.320304017372422%
21184,0,5.320052870090635%
21185,0,5.319801746518763%
21186,0,5.31955064665345%
21187,0,5.3192995704913395%
21188,0,5.3190485180290725%
21189,0,5.3187974892632965%
21190,0,5.318546484190656%
21191,0,5.318295502807796%
21192,0,5.318044545111363%
21193,0,5.317793611098004%
21194,0,5.317542700764368%
21195,0,5.317291814107101%
21196,0,5.317040951122854%
21197,0,5.316790111808275%
21198,0,5.316539296160015%
21199,0,5.316288504174725%
21200,0,5.316037735849057%
21201,0,5.315786991179661%
21202,0,5.315536270163192%
21203,0,5.315285572796302%
21204,0,5.315034899075647%
21205,0,5.314784248997878%
21206,0,5.314533622559653%
21207,0,5.314283019757627%
21208,0,5.314032440588457%
21209,0,5.3137818850488%
21210,0,5.313531353135314%
21211,0,5.313280844844656%
21212,0,5.313030360173487%
21213,0,5.312779899118465%
21214,0,5.3125294616762515%
21215,0,5.312279047843507%
21216,0,5.312028657616893%
21217,0,5.311778290993072%
21218,0,5.311527947968705%
21219,0,5.311277628540459%
21220,0,5.311027332704995%
21221,0,5.310777060458979%
21222,0,5.310526811799077%
21223,0,5.310276586721953%
21224,0,5.310026385224274%
21225,0,5.3097762073027095%
21226,0,5.309526052953925%
21227,0,5.309275922174589%
21228,0,5.309025814961372%
21229,0,5.308775731310942%
21230,0,5.308525671219972%
21231,0,5.30827563468513%
21232,0,5.30802562170309%
21233,0,5.307775632270522%
21234,0,5.307525666384101%
21235,0,5.307275724040499%
21236,0,5.307025805236391%
21237,0,5.306775909968451%
21238,0,5.306526038233355%
21239,0,5.306276190027779%
21240,0,5.3060263653484%
21241,0,5.305776564191893%
21242,0,5.305526786554939%
21243,0,5.305277032434214%
21244,0,5.3050273018263985%
21245,0,5.304777594728172%
21246,0,5.304527911136214%
21247,0,5.304278251047206%
21248,0,5.304028614457831%
21249,0,5.30377900136477%
21250,0,5.303529411764705%
21251,0,5.3032798456543215%
21252,0,5.303030303030303%
21253,0,5.302780783889333%
21254,0,5.302531288228098%
21255,0,5.302281816043284%
21256,0,5.302032367331577%
21257,0,5.301782942089664%
21258,0,5.301533540314235%
21259,0,5.301284162001975%
21260,0,5.301034807149577%
21261,0,5.300785475753727%
21262,0,5.300536167811119%
21263,0,5.3002868833184404%
21264,0,5.300037622272385%
21265,0,5.299788384669645%
21266,0,5.299539170506913%
21267,0,5.299289979780881%
21268,0,5.299040812488245%
21269,0,5.298791668625699%
21270,0,5.298542548189939%
21271,0,5.29829345117766%
21272,1,5.302745393004889%
21273,1,5.307196916278851%
21274,0,5.306947447588605%
21275,1,5.311398354876616%
21276,1,5.3158488437676255%
21277,1,5.320298914320628%
21278,1,5.324748566594605%
21279,0,5.3244983316885195%
21280,0,5.324248120300752%
21281,0,5.323997932427988%
21282,0,5.3237477680669105%
21283,0,5.323497627214208%
21284,0,5.323247509866567%
21285,0,5.322997416020671%
21286,0,5.322747345673212%
21287,0,5.322497298820877%
21288,0,5.322247275460353%
21289,0,5.321997275588332%
21290,0,5.321747299201503%
21291,0,5.321497346296558%
21292,0,5.321247416870186%
21293,0,5.3209975109190815%
21294,0,5.320747628439936%
21295,0,5.320497769429443%
21296,0,5.320247933884298%
21297,0,5.319998121801193%
21298,0,5.3197483331768245%
21299,0,5.319498568007887%
21300,0,5.31924882629108%
21301,0,5.318999108023097%
21302,0,5.3187494132006385%
21303,0,5.318499741820401%
21304,0,5.318250093879084%
21305,0,5.318000469373387%
21306,0,5.317750868300009%
21307,0,5.317501290655653%
21308,0,5.317251736437019%
21309,0,5.317002205640809%
21310,0,5.316752698263726%
21311,0,5.3165032143024735%
21312,0,5.316253753753754%
21313,0,5.316004316614273%
21314,0,5.315754902880736%
21315,0,5.315505512549847%
21316,0,5.3152561456183145%
21317,0,5.315006802082845%
21318,0,5.314757481940145%
21319,0,5.314508185186923%
21320,0,5.314258911819887%
21321,0,5.314009661835748%
21322,0,5.313760435231217%
21323,0,5.313511232003002%
21324,0,5.313262052147814%
21325,0,5.313012895662368%
21326,0,5.312763762543375%
21327,0,5.312514652787546%
21328,0,5.312265566391598%
21329,0,5.312016503352243%
21330,0,5.311767463666198%
21331,0,5.311518447330177%
21332,0,5.311269454340897%
21333,0,5.3110204846950735%
21334,0,5.310771538389425%
21335,0,5.31052261542067%
21336,0,5.310273715785526%
21337,0,5.310024839480714%
21338,0,5.309775986502952%
21339,0,5.309527156848962%
21340,0,5.309278350515464%
21341,0,5.30902956749918%
21342,0,5.308780807796833%
21343,0,5.3085320714051445%
21344,0,5.308283358320839%
21345,0,5.308034668540642%
21346,0,5.307786002061276%
21347,0,5.307537358879468%
21348,0,5.307288738991943%
21349,0,5.3070401423954285%
21350,0,5.306791569086651%
21351,0,5.306543019062339%
21352,0,5.30629449231922%
21353,0,5.3060459888540255%
21354,0,5.305797508663482%
21355,0,5.305549051744323%
21356,0,5.305300618093276%
21357,0,5.3050522077070745%
21358,1,5.3094859069201235%
21359,1,5.31391919097336%
21360,0,5.313670411985019%
21361,0,5.313421656289499%
21362,0,5.313172923883531%
21363,0,5.312924214763845%
21364,0,5.312675528927167%
21365,0,5.312426866370232%
21366,0,5.312178227089769%
21367,0,5.31192961108251%
21368,0,5.3116810183451895%
21369,0,5.311432448874538%
21370,0,5.311183902667291%
21371,0,5.310935379720181%
21372,0,5.310686880029946%
21373,0,5.310438403593318%
21374,0,5.310189950407036%
21375,0,5.309941520467836%
21376,0,5.309693113772456%
21377,0,5.309444730317631%
21378,0,5.309196370100103%
21379,0,5.30894803311661%
21380,0,5.308699719363892%
21381,0,5.308451428838688%
21382,0,5.308203161537742%
21383,0,5.307954917457794%
21384,0,5.307706696595585%
21385,0,5.30745849894786%
21386,0,5.307210324511362%
21387,0,5.306962173282835%
21388,0,5.306714045259024%
21389,0,5.306465940436673%
21390,0,5.30621785881253%
21391,0,5.305969800383338%
21392,0,5.305721765145849%
21393,0,5.305473753096807%
21394,0,5.305225764232962%
21395,0,5.304977798551063%
21396,0,5.304729856047859%
21397,0,5.3044819367201015%
21398,0,5.3042340405645385%
21399,0,5.303986167577924%
21400,0,5.303738317757009%
21401,0,5.303490491098547%
21402,0,5.3032426875992895%
21403,0,5.302994907255992%
21404,0,5.302747150065408%
21405,0,5.302499416024293%
21406,0,5.302251705129403%
21407,0,5.302004017377493%
21408,0,5.301756352765322%
21409,0,5.301508711289644%
21410,0,5.301261092947221%
21411,0,5.301013497734809%
21412,0,5.300765925649169%
21413,0,5.30051837668706%
21414,0,5.300270850845242%
21415,0,5.300023348120477%
21416,0,5.299775868509526%
21417,0,5.299528412009152%
21418,0,5.2992809786161175%
21419,0,5.299033568327186%
21420,0,5.298786181139122%
21421,0,5.298538817048691%
21422,0,5.298291476052657%
21423,0,5.298044158147785%
21424,0,5.297796863330844%
21425,0,5.2975495915986%
21426,0,5.2973023429478205%
21427,0,5.297055117375274%
21428,0,5.296807914877729%
21429,0,5.2965607354519575%
21430,0,5.296313579094726%
21431,0,5.2960664458028095%
21432,0,5.2958193355729755%
21433,0,5.295572248401997%
21434,0,5.295325184286647%
21435,0,5.2950781432237%
21436,0,5.294831125209927%
21437,0,5.294584130242105%
21438,0,5.294337158317007%
21439,0,5.294090209431411%
21440,0,5.293843283582089%
21441,0,5.293596380765822%
21442,0,5.293349500979386%
21443,0,5.293102644219559%
21444,0,5.292855810483118%
21445,0,5.292608999766846%
21446,0,5.292362212067518%
21447,0,5.292115447381918%
21448,0,5.291868705706825%
21449,0,5.291621987039022%
21450,0,5.291375291375291%
21451,0,5.291128618712414%
21452,0,5.290881969047176%
21453,0,5.2906353423763575%
21454,0,5.2903887386967465%
21455,0,5.290142158005127%
21456,0,5.289895600298284%
21457,0,5.289649065573006%
21458,0,5.289402553826079%
21459,0,5.289156065054289%
21460,0,5.288909599254427%
21461,0,5.288663156423279%
21462,0,5.288416736557637%
21463,0,5.288170339654289%
21464,0,5.287923965710026%
21465,0,5.28767761472164%
21466,0,5.287431286685922%
21467,0,5.2871849815996645%
21468,0,5.286938699459661%
21469,0,5.286692440262705%
21470,0,5.286446204005589%
21471,0,5.28619999068511%
21472,0,5.285953800298063%
21473,0,5.285707632841243%
21474,0,5.285461488311446%
21475,0,5.285215366705471%
21476,0,5.284969268020116%
21477,0,5.2847231922521765%
21478,0,5.284477139398454%
21479,0,5.284231109455748%
21480,0,5.283985102420856%
21481,0,5.283739118290582%
21482,0,5.283493157061726%
21483,0,5.2832472187310895%
21484,0,5.283001303295476%
21485,0,5.282755410751687%
21486,0,5.282509541096528%
21487,0,5.282263694326803%
21488,0,5.282017870439315%
21489,0,5.281772069430871%
21490,0,5.281526291298278%
21491,0,5.2812805360383415%
21492,0,5.281034803647869%
21493,0,5.280789094123668%
21494,0,5.280543407462548%
21495,0,5.2802977436613165%
21496,0,5.280052102716785%
21497,0,5.2798064846257615%
21498,0,5.279560889385059%
21499,0,5.279315316991489%
21500,0,5.27906976744186%
21501,0,5.278824240732989%
21502,0,5.278578736861688%
21503,0,5.278333255824768%
21504,0,5.278087797619048%
21505,0,5.277842362241339%
21506,0,5.2775969496884585%
21507,0,5.277351559957223%
21508,0,5.277106193044449%
21509,0,5.276860848946952%
21510,0,5.276615527661552%
21511,0,5.276370229185067%
21512,0,5.2761249535143175%
21513,1,5.2805280528052805%
21514,0,5.2802826066747235%
21515,0,5.280037183360446%
21516,0,5.2797917828592675%
21517,0,5.279546405168007%
21518,0,5.279301050283483%
21519,0,5.279055718202519%
21520,0,5.278810408921933%
21521,0,5.278565122438549%
21522,0,5.278319858749187%
21523,0,5.278074617850671%
21524,0,5.277829399739825%
21525,0,5.277584204413473%
21526,0,5.277339031868438%
21527,1,5.281739211223115%
21528,1,5.286138981791156%
21529,0,5.285893446049514%
21530,0,5.285647933116581%
21531,0,5.285402442989178%
21532,0,5.285156975664128%
21533,0,5.284911531138253%
21534,0,5.284666109408377%
21535,0,5.284420710471325%
21536,0,5.284175334323923%
21537,0,5.283929980962994%
21538,0,5.283684650385365%
21539,0,5.283439342587863%
21540,0,5.283194057567316%
21541,0,5.282948795320552%
21542,0,5.282703555844397%
21543,0,5.282458339135682%
21544,0,5.282213145191236%
21545,0,5.28196797400789%
21546,0,5.281722825582475%
21547,0,5.281477699911821%
21548,0,5.28123259699276%
21549,0,5.280987516822126%
21550,0,5.280742459396752%
21551,0,5.28049742471347%
21552,0,5.280252412769117%
21553,0,5.280007423560526%
21554,0,5.279762457084532%
21555,0,5.279517513337972%
21556,0,5.2792725923176835%
21557,0,5.279027694020503%
21558,0,5.278782818443269%
21559,0,5.278537965582819%
21560,0,5.278293135435993%
21561,0,5.278048327999628%
21562,0,5.2778035432705686%
21563,0,5.277558781245652%
21564,0,5.277314041921722%
21565,0,5.277069325295618%
21566,0,5.2768246313641844%
21567,0,5.2765799601242644%
21568,0,5.2763353115727005%
21569,0,5.276090685706338%
21570,0,5.275846082522021%
21571,0,5.275601502016596%
21572,0,5.275356944186909%
21573,0,5.275112409029806%
21574,0,5.274867896542134%
21575,0,5.274623406720742%
21576,0,5.274378939562477%
21577,0,5.274134495064189%
21578,0,5.273890073222727%
21579,0,5.273645674034942%
21580,0,5.273401297497683%
21581,1,5.27779064918215%
21582,1,5.2821795941062%
21583,1,5.286568132326368%
21584,1,5.290956263899185%
21585,1,5.295343988881167%
21586,1,5.299731307328824%
21587,0,5.299485801639876%
21588,0,5.299240318695571%
21589,0,5.298994858492751%
21590,0,5.298749421028254%
21591,0,5.298504006298921%
21592,0,5.298258614301593%
21593,0,5.298013245033113%
21594,0,5.297767898490322%
21595,0,5.2975225746700625%
21596,0,5.297277273569179%
21597,0,5.297031995184517%
21598,0,5.2967867395129185%
21599,0,5.296541506551229%
21600,0,5.296296296296296%
21601,0,5.296051108744965%
21602,0,5.295805943894083%
21603,0,5.295560801740499%
21604,0,5.295315682281059%
21605,0,5.2950705855126134%
21606,0,5.294825511432009%
21607,0,5.2945804600361%
21608,0,5.294335431321732%
21609,0,5.294090425285761%
21610,0,5.2938454419250345%
21611,0,5.293600481236408%
21612,0,5.293355543216731%
21613,0,5.293110627862861%
21614,0,5.292865735171648%
21615,0,5.292620865139949%
21616,0,5.292376017764619%
21617,0,5.292131193042513%
21618,1,5.296512165787769%
21619,1,5.300892733243906%
21620,0,5.300647548566142%
21621,1,5.305027519541187%
21622,0,5.30478216631209%
21623,0,5.3045368357767195%
21624,1,5.308916019237884%
21625,0,5.308670520231214%
21626,0,5.3084250439286045%
21627,0,5.3081795903269064%
21628,0,5.30793415942297%
21629,0,5.307688751213648%
21630,0,5.307443365695793%
21631,0,5.307198002866257%
21632,0,5.306952662721893%
21633,0,5.306707345259557%
21634,0,5.306462050476102%
21635,0,5.306216778368385%
21636,0,5.305971528933259%
21637,0,5.305726302167583%
21638,0,5.305481098068213%
21639,0,5.305235916632007%
21640,0,5.304990757855823%
21641,0,5.304745621736519%
21642,0,5.304500508270955%
21643,0,5.304255417455991%
21644,0,5.304010349288486%
21645,0,5.303765303765304%
21646,0,5.303520280883304%
21647,0,5.303275280639349%
21648,0,5.303030303030303%
21649,0,5.302785348053027%
21650,0,5.302540415704389%
21651,0,5.302295505981248%
21652,0,5.3020506188804735%
21653,0,5.301805754398928%
21654,0,5.301560912533481%
21655,0,5.301316093280997%
21656,0,5.301071296638344%
21657,0,5.300826522602392%
21658,0,5.300581771170006%
21659,0,5.300337042338058%
21660,0,5.3000923361034165%
21661,0,5.299847652462952%
21662,0,5.299602991413535%
21663,0,5.299358352952038%
21664,0,5.2991137370753325%
21665,0,5.298869143780291%
21666,0,5.298624573063786%
21667,0,5.298380024922693%
21668,0,5.298135499353886%
21669,0,5.297890996354239%
21670,0,5.297646515920627%
21671,0,5.297402058049928%
21672,0,5.297157622739018%
21673,0,5.2969132099847736%
21674,0,5.296668819784073%
21675,0,5.296424452133794%
21676,0,5.296180107030817%
21677,0,5.295935784472021%
21678,0,5.295691484454285%
21679,0,5.295447206974491%
21680,0,5.29520295202952%
21681,0,5.294958719616254%
21682,0,5.294714509731575%
21683,0,5.294470322372366%
21684,0,5.29422615753551%
21685,0,5.2939820152178925%
21686,0,5.293737895416398%
21687,0,5.293493798127911%
21688,0,5.293249723349318%
21689,1,5.297616303195167%
21690,1,5.301982480405717%
21691,1,5.306348255036651%
21692,1,5.310713627143648%
21693,0,5.310468814825059%
21694,0,5.310224025076058%
21695,0,5.309979257893524%
21696,0,5.3097345132743365%
21697,0,5.309489791215376%
21698,0,5.309245091713522%
21699,0,5.309000414765657%
21700,0,5.308755760368664%
21701,0,5.308511128519424%
21702,0,5.308266519214818%
21703,0,5.308021932451735%
21704,0,5.307777368227055%
21705,0,5.307532826537664%
21706,0,5.307288307380448%
21707,0,5.307043810752292%
21708,0,5.306799336650083%
21709,0,5.306554885070708%
21710,0,5.3063104560110546%
21711,0,5.306066049468012%
21712,0,5.305821665438467%
21713,0,5.305577303919311%
21714,0,5.305332964907433%
21715,0,5.305088648399724%
21716,0,5.304844354393074%
21717,0,5.3046000828843765%
21718,0,5.304355833870522%
21719,0,5.304111607348404%
21720,0,5.303867403314917%
21721,0,5.303623221766954%
21722,0,5.303379062701408%
21723,1,5.307738341849652%
21724,1,5.312097219664887%
21725,1,5.3164556962025316%
21726,1,5.320813771517996%
21727,1,5.325171445666682%
21728,1,5.329528718703976%
21729,1,5.333885590685259%
21730,0,5.333640128854119%
21731,0,5.3333946896139155%
21732,0,5.333149272961531%
21733,0,5.332903878893848%
21734,0,5.332658507407748%
21735,0,5.332413158500115%
21736,0,5.332167832167832%
21737,0,5.331922528407784%
21738,0,5.331677247216855%
21739,0,5.331431988591931%
21740,0,5.3311867525298995%
21741,0,5.330941539027643%
21742,0,5.3306963480820535%
21743,0,5.330451179690015%
21744,0,5.330206033848418%
21745,0,5.32996091055415%
21746,0,5.329715809804101%
21747,0,5.329470731595162%
21748,0,5.3292256759242225%
21749,0,5.328980642788174%
21750,0,5.328735632183908%
21751,0,5.328490644108317%
21752,0,5.328245678558294%
21753,0,5.328000735530732%
21754,0,5.327755815022525%
21755,0,5.327510917030567%
21756,0,5.327266041551756%
21757,0,5.327021188582984%
21758,0,5.32677635812115%
21759,0,5.326531550163151%
21760,0,5.326286764705882%
21761,0,5.326042001746243%
21762,0,5.325797261281132%
21763,0,5.325552543307448%
21764,0,5.325307847822092%
21765,0,5.3250631748219615%
21766,0,5.324818524303961%
21767,0,5.3245738962649884%
21768,0,5.3243292907019475%
21769,0,5.324084707611741%
21770,0,5.323840146991272%
21771,0,5.323595608837444%
21772,0,5.323351093147162%
21773,0,5.323106599917328%
21774,0,5.322862129144852%
21775,0,5.322617680826636%
21776,0,5.322373254959588%
21777,0,5.322128851540616%
21778,0,5.321884470566627%
21779,0,5.321640112034529%
21780,0,5.32139577594123%
21781,0,5.321151462283642%
21782,0,5.320907171058672%
21783,0,5.320662902263233%
21784,0,5.320418655894234%
21785,0,5.320174431948589%
21786,0,5.319930230423207%
21787,0,5.319686051315005%
21788,0,5.319441894620892%
21789,0,5.319197760337785%
21790,0,5.318953648462597%
21791,0,5.318709558992245%
21792,0,5.318465491923641%
21793,0,5.3182214472537055%
21794,0,5.317977424979352%
21795,0,5.3177334250975%
21796,0,5.317489447605065%
21797,0,5.317245492498968%
21798,0,5.317001559776126%
21799,0,5.31675764943346%
21800,0,5.31651376146789%
21801,0,5.316269895876336%
21802,0,5.31602605265572%
21803,0,5.315782231802963%
21804,0,5.315538433314988%
21805,0,5.315294657188718%
21806,0,5.315050903421077%
21807,0,5.3148071720089884%
21808,0,5.314563462949376%
21809,0,5.314319776239167%
21810,0,5.314076111875286%
21811,0,5.313832469854661%
21812,0,5.313588850174216%
21813,0,5.313345252830881%
21814,0,5.3131016778215825%
21815,0,5.31285812514325%
21816,0,5.312614594792812%
21817,0,5.3123710867672%
21818,0,5.312127601063342%
21819,0,5.31188413767817%
21820,0,5.311640696608616%
21821,0,5.3113972778516105%
21822,0,5.3111538814040875%
21823,0,5.31091050726298%
21824,0,5.31066715542522%
21825,0,5.310423825887743%
21826,0,5.310180518647485%
21827,0,5.309937233701379%
21828,0,5.309693971046363%
21829,0,5.309450730679371%
21830,0,5.309207512597343%
21831,0,5.308964316797215%
21832,0,5.308721143275926%
21833,0,5.308477992030413%
21834,0,5.308234863057616%
21835,0,5.307991756354477%
21836,0,5.307748671917933%
21837,0,5.307505609744928%
21838,0,5.307262569832402%
21839,0,5.307019552177297%
21840,0,5.306776556776557%
21841,0,5.3065335836271235%
21842,0,5.306290632725941%
21843,0,5.306047704069954%
21844,0,5.305804797656108%
21845,0,5.305561913481346%
21846,0,5.305319051542616%
21847,0,5.305076211836866%
21848,0,5.30483339436104%
21849,0,5.304590599112088%
21850,0,5.304347826086957%
21851,0,5.304105075282596%
21852,0,5.303862346695955%
21853,0,5.3036196403239835%
21854,0,5.303376956163632%
21855,0,5.303134294211851%
21856,0,5.302891654465593%
21857,0,5.302649036921809%
21858,0,5.302406441577454%
21859,0,5.30216386842948%
21860,0,5.30192131747484%
21861,0,5.301678788710489%
21862,0,5.301436282133382%
21863,0,5.301193797740475%
21864,0,5.300951335528723%
21865,0,5.300708895495084%
21866,0,5.300466477636514%
21867,0,5.30022408194997%
21868,0,5.299981708432413%
21869,0,5.299739357080799%
21870,0,5.299497027892089%
21871,0,5.299254720863244%
21872,0,5.299012435991222%
21873,0,5.298770173272985%
21874,0,5.298527932705495%
21875,0,5.298285714285714%
21876,0,5.298043518010606%
21877,0,5.297801343877132%
21878,0,5.297559191882256%
21879,0,5.297317062022945%
21880,0,5.2970749542961615%
21881,0,5.296832868698871%
21882,0,5.296590805228042%
21883,0,5.296348763880638%
21884,0,5.296106744653628%
21885,0,5.2958647475439795%
21886,0,5.295622772548661%
21887,0,5.295380819664642%
21888,0,5.295138888888888%
21889,0,5.2948969802183745%
21890,0,5.294655093650069%
21891,0,5.294413229180942%
21892,0,5.2941713868079665%
21893,0,5.293929566528114%
21894,0,5.293687768338358%
21895,0,5.29344599223567%
21896,0,5.293204238217026%
21897,0,5.292962506279399%
21898,0,5.292720796419764%
21899,0,5.2924791086350975%
21900,0,5.292237442922374%
21901,0,5.291995799278572%
21902,0,5.291754177700667%
21903,0,5.291512578185636%
21904,0,5.29127100073046%
21905,0,5.291029445332116%
21906,0,5.290787911987584%
21907,0,5.2905464006938425%
21908,0,5.2903049114478735%
21909,0,5.290063444246656%
21910,0,5.289821999087175%
21911,0,5.28958057596641%
21912,0,5.289339174881343%
21913,0,5.28909779582896%
21914,0,5.288856438806243%
21915,1,5.2931781884553954%
21916,1,5.297499543712356%
21917,1,5.301820504631109%
21918,1,5.3061410712656265%
21919,1,5.3104612436698755%
21920,1,5.314781021897811%
21921,1,5.3191004060033755%
21922,1,5.323419396040507%
21923,1,5.32773799206313%
21924,1,5.332056194125159%
21925,0,5.33181299885975%
21926,0,5.331569825777615%
21927,0,5.331326674875724%
21928,0,5.33108354615104%
21929,0,5.330840439600529%
21930,0,5.330597355221158%
21931,0,5.330354293009894%
21932,0,5.3301112529637065%
21933,0,5.3298682350795605%
21934,0,5.329625239354427%
21935,0,5.3293822657852745%
21936,0,5.3291393143690735%
21937,0,5.328896385102794%
21938,0,5.328653477983408%
21939,0,5.328410593007885%
21940,0,5.328167730173199%
21941,0,5.327924889476323%
21942,0,5.3276820709142285%
21943,0,5.32743927448389%
21944,0,5.327196500182282%
21945,0,5.326953748006379%
21946,0,5.326711017953158%
21947,0,5.326468310019592%
21948,0,5.326225624202661%
21949,0,5.325982960499339%
21950,0,5.325740318906606%
21951,0,5.3254976994214385%
21952,0,5.325255102040816%
21953,0,5.325012526761718%
21954,0,5.324769973581124%
21955,0,5.324527442496015%
21956,0,5.32428493350337%
21957,0,5.324042446600173%
21958,0,5.323799981783404%
21959,0,5.323557539050048%
21960,0,5.323315118397086%
21961,0,5.323072719821502%
21962,0,5.32283034332028%
21963,0,5.322587988890406%
21964,0,5.322345656528865%
21965,0,5.322103346232643%
21966,0,5.321861057998725%
21967,0,5.3216187918241%
21968,0,5.3213765477057535%
21969,0,5.321134325640676%
21970,0,5.3208921256258535%
21971,0,5.320649947658277%
21972,0,5.320407791734935%
21973,0,5.320165657852819%
21974,0,5.319923546008919%
21975,0,5.319681456200227%
21976,0,5.319439388423735%
21977,0,5.319197342676434%
21978,0,5.318955318955319%
21979,0,5.318713317257382%
21980,0,5.318471337579618%
21981,0,5.318229379919021%
21982,0,5.317987444272586%
21983,0,5.3177455306373105%
21984,0,5.317503639010189%
21985,0,5.317261769388219%
21986,0,5.317019921768399%
21987,0,5.316778096147724%
21988,0,5.316536292523195%
21989,0,5.316294510891809%
21990,0,5.316052751250568%
21991,0,5.315811013596472%
21992,0,5.315569297926519%
21993,0,5.315327604237712%
21994,0,5.315085932527053%
21995,0,5.314844282791544%
21996,0,5.314602655028187%
21997,0,5.3143610492339866%
21998,0,5.3141194654059465%
21999,0,5.31387790354107%
22000,0,5.3136363636363635%
22001,0,5.3133948456888325%
22002,0,5.313153349695482%
22003,0,5.31291187565332%
22004,0,5.312670423559353%
22005,0,5.312428993410589%
22006,0,5.312187585204035%
22007,0,5.311946198936702%
22008,0,5.311704834605599%
22009,0,5.311463492207733%
22010,0,5.311222171740118%
22011,0,5.310980873199764%
22012,0,5.310739596583682%
22013,0,5.310498341888884%
22014,0,5.310257109112383%
22015,0,5.3100158982511925%
22016,0,5.309774709302325%
22017,0,5.3095335422627965%
22018,0,5.309292397129621%
22019,0,5.309051273899814%
22020,0,5.30881017257039%
22021,0,5.308569093138368%
22022,0,5.308328035600763%
22023,0,5.308086999954593%
22024,0,5.3078459861968765%
22025,0,5.307604994324631%
22026,0,5.307364024334877%
22027,0,5.3071230762246335%
22028,0,5.306882149990921%
22029,1,5.311180716328476%
22030,1,5.315478892419428%
22031,0,5.315237619717671%
22032,1,5.319535221496006%
22033,1,5.3238324331684295%
22034,1,5.328129254788054%
22035,1,5.332425686407987%
22036,1,5.336721728081321%
22037,1,5.3410173798611424%
22038,0,5.340775024956892%
22039,1,5.345070102999229%
22040,0,5.344827586206897%
22041,0,5.344585091420535%
22042,0,5.344342618637148%
22043,0,5.34410016785374%
22044,0,5.343857739067319%
22045,0,5.343615332274893%
22046,0,5.343372947473465%
22047,0,5.343130584660045%
22048,0,5.3428882438316405%
22049,0,5.34264592498526%
22050,0,5.342403628117913%
22051,0,5.3421613532266115%
22052,0,5.341919100308362%
22053,0,5.341676869360177%
22054,0,5.341434660379069%
22055,0,5.3411924733620495%
22056,0,5.340950308306129%
22057,1,5.345241873328195%
22058,0,5.344999546649742%
22059,1,5.349290539009021%
22060,1,5.353581142339076%
22061,1,5.357871356692806%
22062,1,5.362161182123107%
22063,0,5.361918143498165%
22064,0,5.361675126903553%
22065,0,5.3614321323362795%
22066,0,5.361189159793348%
22067,0,5.360946209271764%
22068,0,5.360703280768534%
22069,0,5.360460374280665%
22070,0,5.360217489805166%
22071,0,5.359974627339042%
22072,0,5.359731786879304%
22073,0,5.35948896842296%
22074,0,5.35924617196702%
22075,0,5.359003397508494%
22076,0,5.358760645044392%
22077,0,5.358517914571726%
22078,0,5.358275206087508%
22079,0,5.3580325195887495%
22080,0,5.357789855072464%
22081,0,5.357547212535664%
22082,0,5.357304591975365%
22083,0,5.357061993388579%
22084,0,5.356819416772324%
22085,0,5.356576862123613%
22086,0,5.356334329439464%
22087,0,5.356091818716893%
22088,0,5.355849329952916%
22089,0,5.355606863144552%
22090,0,5.3553644182888185%
22091,0,5.355121995382735%
22092,0,5.354879594423321%
22093,0,5.354637215407595%
22094,0,5.354394858332579%
22095,0,5.3541525231952924%
22096,0,5.353910209992759%
22097,0,5.353667918721999%
22098,0,5.353425649380035%
22099,0,5.353183401963889%
22100,0,5.352941176470588%
22101,0,5.352698972897154%
22102,0,5.352456791240612%
22103,0,5.352214631497986%
22104,0,5.351972493666305%
22105,0,5.351730377742593%
22106,0,5.351488283723875%
22107,0,5.351246211607183%
22108,0,5.351004161389542%
22109,0,5.350762133067981%
22110,0,5.3505201266395295%
22111,0,5.350278142101217%
22112,0,5.350036179450073%
22113,0,5.349794238683128%
22114,0,5.3495523197974135%
22115,0,5.349310422789961%
22116,0,5.349068547657804%
22117,0,5.3488266943979745%
22118,0,5.348584863007505%
22119,0,5.348343053483431%
22120,0,5.348101265822785%
22121,0,5.3478595000226035%
22122,0,5.347617756079921%
22123,0,5.3473760339917735%
22124,0,5.347134333755197%
22125,0,5.346892655367232%
22126,0,5.346650998824912%
22127,0,5.346409364125277%
22128,0,5.346167751265366%
22129,0,5.345926160242216%
22130,0,5.34568459105287%
22131,0,5.345443043694365%
22132,0,5.345201518163744%
22133,0,5.344960014458049%
22134,0,5.34471853257432%
22135,0,5.3444770725096%
22136,0,5.344235634260933%
22137,0,5.343994217825361%
22138,0,5.343752823199928%
22139,0,5.343511450381679%
22140,0,5.34327009936766%
22141,0,5.343028770154916%
22142,0,5.342787462740493%
22143,0,5.342546177121438%
22144,0,5.3423049132947975%
22145,0,5.34206367125762%
22146,0,5.341822451006953%
22147,0,5.341581252539847%
22148,0,5.34134007585335%
22149,0,5.341098920944512%
22150,0,5.340857787810384%
22151,0,5.340616676448016%
22152,0,5.34037558685446%
22153,0,5.340134519026769%
22154,0,5.339893472961994%
22155,0,5.339652448657188%
22156,0,5.3394114461094055%
22157,0,5.339170465315702%
22158,0,5.3389295062731295%
22159,0,5.338688568978744%
22160,0,5.338447653429603%
22161,0,5.338206759622761%
22162,0,5.337965887555274%
22163,0,5.337725037224202%
22164,0,5.337484208626601%
22165,0,5.337243401759531%
22166,0,5.337002616620048%
22167,0,5.336761853205215%
22168,0,5.33652111151209%
22169,0,5.336280391537733%
22170,0,5.336039693279206%
22171,0,5.335799016733571%
22172,0,5.335558361897889%
22173,0,5.335317728769224%
22174,0,5.335077117344638%
22175,0,5.334836527621195%
22176,0,5.334595959595959%
22177,0,5.334355413265996%
22178,0,5.3341148886283705%
22179,0,5.333874385680148%
22180,0,5.333633904418395%
22181,0,5.333393444840179%
22182,0,5.333153006942566%
22183,0,5.332912590722626%
22184,0,5.332672196177425%
22185,0,5.3324318233040335%
22186,0,5.332191472099522%
22187,0,5.331951142560959%
22188,0,5.331710834685416%
22189,0,5.331470548469962%
22190,1,5.3357368183866605%
22191,1,5.340002703798837%
22192,0,5.339762076423937%
22193,0,5.339521470734016%
22194,0,5.339280886726142%
22195,0,5.339040324397386%
22196,0,5.338799783744818%
22197,0,5.338559264765509%
22198,0,5.338318767456528%
22199,0,5.338078291814947%
22200,0,5.337837837837838%
22201,0,5.337597405522273%
22202,0,5.337356994865328%
22203,0,5.337116605864072%
22204,0,5.3368762385155835%
22205,0,5.336635892816933%
22206,0,5.336395568765199%
22207,0,5.336155266357455%
22208,0,5.335914985590779%
22209,0,5.335674726462245%
22210,0,5.335434488968933%
22211,0,5.33519427310792%
22212,0,5.334954078876283%
22213,0,5.334713906271102%
22214,0,5.334473755289458%
22215,0,5.334233625928427%
22216,0,5.333993518185092%
22217,0,5.333753432056533%
22218,0,5.333513367539833%
22219,0,5.333273324632072%
22220,0,5.333033303330334%
22221,0,5.3327933036317%
22222,0,5.332553325533255%
22223,0,5.332313369032084%
22224,0,5.33207343412527%
22225,0,5.331833520809899%
22226,0,5.331593629083056%
22227,0,5.331353758941828%
22228,0,5.3311139103833005%
22229,0,5.330874083404562%
22230,0,5.3306342780027%
22231,0,5.330394494174802%
22232,0,5.330154731917956%
22233,0,5.329914991229254%
22234,0,5.329675272105784%
22235,0,5.329435574544637%
22236,0,5.3291958985429035%
22237,0,5.328956244097675%
22238,0,5.328716611206043%
22239,0,5.328476999865102%
22240,0,5.328237410071942%
22241,0,5.327997841823659%
22242,0,5.327758295117346%
22243,0,5.327518769950097%
22244,0,5.327279266319007%
22245,0,5.327039784221173%
22246,0,5.32680032365369%
22247,0,5.326560884613656%
22248,0,5.3263214670981665%
22249,0,5.326082071104319%
22250,0,5.325842696629214%
22251,0,5.325603343669948%
22252,0,5.325364012223621%
22253,0,5.325124702287332%
22254,0,5.3248854138581825%
22255,0,5.324646146933273%
22256,0,5.324406901509706%
22257,0,5.32416767758458%
22258,0,5.323928475155001%
22259,0,5.3236892942180685%
22260,0,5.323450134770889%
22261,0,5.323210996810566%
22262,0,5.322971880334202%
22263,0,5.3227327853389035%
22264,0,5.3224937118217746%
22265,0,5.322254659779924%
22266,0,5.322015629210456%
22267,0,5.3217766201104775%
22268,0,5.321537632477097%
22269,0,5.321298666307423%
22270,0,5.321059721598563%
22271,0,5.320820798347627%
22272,0,5.320581896551724%
22273,0,5.320343016207965%
22274,0,5.32010415731346%
22275,0,5.31986531986532%
22276,0,5.319626503860657%
22277,0,5.319387709296584%
22278,0,5.319148936170213%
22279,0,5.318910184478657%
22280,0,5.3186714542190305%
22281,0,5.3184327453884475%
22282,0,5.318194057984023%
22283,1,5.322443118072073%
22284,1,5.326691796804883%
22285,0,5.326452770922145%
22286,0,5.326213766490174%
22287,0,5.325974783506079%
22288,0,5.325735821966978%
22289,0,5.325496881869981%
22290,0,5.325257963212203%
22291,0,5.325019065990758%
22292,0,5.324780190202763%
22293,0,5.324541335845333%
22294,0,5.324302502915583%
22295,0,5.32406369141063%
22296,0,5.323824901327592%
22297,0,5.323586132663587%
22298,0,5.323347385415732%
22299,0,5.323108659581147%
22300,0,5.322869955156951%
22301,0,5.322631272140263%
22302,0,5.322392610528204%
22303,0,5.322153970317895%
22304,0,5.321915351506457%
22305,0,5.321676754091011%
22306,0,5.321438178068681%
22307,0,5.3211996234365895%
22308,0,5.320961090191859%
22309,0,5.320722578331615%
22310,0,5.32048408785298%
22311,0,5.3202456187530816%
22312,0,5.320007171029043%
22313,0,5.31976874467799%
22314,0,5.319530339697051%
22315,0,5.319291956083352%
22316,0,5.31905359383402%
22317,0,5.318815252946185%
22318,0,5.318576933416972%
22319,0,5.3183386352435145%
22320,0,5.318100358422939%
22321,0,5.317862102952377%
22322,0,5.317623868828958%
22323,0,5.317385656049814%
22324,0,5.317147464612076%
22325,0,5.316909294512878%
22326,0,5.316671145749351%
22327,0,5.3164330183186275%
22328,0,5.316194912217844%
22329,0,5.315956827444131%
22330,0,5.315718763994626%
22331,0,5.3154807218664635%
22332,0,5.315242701056779%
22333,0,5.315004701562709%
22334,0,5.314766723381392%
22335,0,5.314528766509962%
22336,0,5.314290830945559%
22337,0,5.314052916685321%
22338,0,5.313815023726385%
22339,0,5.313577152065894%
22340,0,5.313339301700984%
22341,0,5.313101472628799%
22342,0,5.3128636648464775%
22343,0,5.312625878351161%
22344,0,5.312388113139993%
22345,0,5.312150369210114%
22346,0,5.311912646558668%
22347,0,5.311674945182798%
22348,0,5.3114372650796495%
22349,0,5.3111996062463644%
22350,0,5.31096196868009%
22351,0,5.31072435237797%
22352,0,5.310486757337151%
22353,0,5.31024918355478%
22354,0,5.310011631028004%
22355,0,5.30977409975397%
22356,0,5.309536589729826%
22357,0,5.309299100952722%
22358,0,5.309061633419805%
22359,0,5.308824187128225%
22360,0,5.308586762075134%
22361,0,5.308349358257681%
22362,0,5.308111975673016%
22363,0,5.307874614318293%
22364,0,5.307637274190664%
22365,0,5.30739995528728%
22366,0,5.307162657605294%
22367,0,5.306925381141861%
22368,0,5.3066881258941345%
22369,0,5.30645089185927%
22370,0,5.306213679034421%
22371,0,5.3059764874167445%
22372,0,5.305739317003398%
22373,0,5.305502167791534%
22374,0,5.305265039778314%
22375,0,5.305027932960893%
22376,0,5.304790847336432%
22377,0,5.304553782902087%
22378,0,5.304316739655018%
22379,0,5.304079717592386%
22380,0,5.303842716711349%
22381,0,5.30360573700907%
22382,0,5.303368778482709%
22383,0,5.303131841129429%
22384,0,5.30289492494639%
22385,0,5.3026580299307575%
22386,0,5.302421156079692%
22387,0,5.30218430339036%
22388,0,5.301947471859925%
22389,0,5.301710661485551%
22390,0,5.301473872264404%
22391,0,5.301237104193649%
22392,0,5.301000357270453%
22393,0,5.300763631491985%
22394,0,5.300526926855407%
22395,0,5.3002902433578925%
22396,0,5.3000535809966065%
22397,0,5.29981693976872%
22398,0,5.299580319671399%
22399,1,5.3038082057234694%
22400,1,5.308035714285714%
22401,1,5.312262845408687%
22402,1,5.316489599142934%
22403,1,5.32071597553899%
22404,1,5.324941974647385%
22405,1,5.3291675965186345%
22406,0,5.328929750959564%
22407,0,5.328691926630071%
22408,0,5.328454123527312%
22409,0,5.328216341648445%
22410,0,5.327978580990629%
22411,0,5.327740841551024%
22412,0,5.327503123326789%
22413,0,5.327265426315085%
22414,0,5.327027750513072%
22415,0,5.326790095917912%
22416,0,5.326552462526767%
22417,0,5.326314850336798%
22418,0,5.326077259345169%
22419,0,5.325839689549043%
22420,0,5.325602140945584%
22421,0,5.325364613531957%
22422,0,5.325127107305326%
22423,0,5.324889622262855%
22424,0,5.324652158401713%
22425,0,5.3244147157190636%
22426,0,5.324177294212076%
22427,0,5.323939893877915%
22428,0,5.323702514713751%
22429,0,5.323465156716751%
22430,0,5.323227819884084%
22431,0,5.322990504212919%
22432,0,5.322753209700428%
22433,0,5.3225159363437795%
22434,0,5.322278684140144%
22435,0,5.322041453086695%
22436,0,5.321804243180603%
22437,0,5.32156705441904%
22438,0,5.32132988679918%
22439,0,5.321092740318196%
22440,0,5.3208556149732615%
22441,0,5.320618510761553%
22442,0,5.320381427680243%
22443,0,5.320144365726507%
22444,0,5.319907324897523%
22445,0,5.319670305190466%
22446,0,5.319433306602512%
22447,0,5.3191963291308415%
22448,0,5.31895937277263%
22449,0,5.318722437525056%
22450,0,5.318485523385301%
22451,0,5.318248630350541%
22452,0,5.318011758417959%
22453,0,5.317774907584733%
22454,0,5.317538077848045%
22455,0,5.3173012692050765%
22456,0,5.31706448165301%
22457,0,5.316827715189028%
22458,0,5.316590969810313%
22459,0,5.316354245514048%
22460,0,5.316117542297418%
22461,0,5.315880860157607%
22462,0,5.315644199091799%
22463,0,5.315407559097182%
22464,0,5.31517094017094%
22465,0,5.31493434231026%
22466,0,5.31469776551233%
22467,0,5.314461209774335%
22468,0,5.314224675093467%
22469,0,5.31398816146691%
22470,0,5.313751668891856%
22471,0,5.3135151973654935%
22472,0,5.313278746885013%
22473,0,5.3130423174476045%
22474,0,5.312805909050458%
22475,0,5.312569521690767%
22476,0,5.312333155365724%
22477,0,5.312096810072518%
22478,0,5.311860485808346%
22479,0,5.311624182570399%
22480,0,5.3113879003558715%
22481,0,5.311151639161959%
22482,0,5.3109153989858555%
22483,0,5.310679179824756%
22484,0,5.310442981675859%
22485,0,5.3102068045363575%
22486,0,5.309970648403451%
22487,0,5.3097345132743365%
22488,0,5.309498399146211%
22489,0,5.309262306016275%
22490,0,5.309026233881725%
22491,0,5.308790182739762%
22492,0,5.308554152587586%
22493,0,5.308318143422398%
22494,0,5.308082155241397%
22495,0,5.307846188041787%
22496,0,5.307610241820768%
22497,0,5.307374316575544%
22498,0,5.307138412303316%
22499,0,5.306902529001289%
22500,0,5.306666666666667%
22501,0,5.306430825296653%
22502,0,5.306195004888455%
22503,0,5.305959205439275%
22504,0,5.3057234269463205%
22505,0,5.305487669406799%
22506,0,5.305251932817915%
22507,0,5.305016217176878%
22508,0,5.304780522480896%
22509,0,5.304544848727176%
22510,0,5.304309195912928%
22511,0,5.3040735640353605%
22512,0,5.303837953091684%
22513,0,5.3036023630791105%
22514,0,5.303366793994848%
22515,0,5.303131245836109%
22516,0,5.302895718600106%
22517,0,5.302660212284052%
22518,0,5.3024247268851585%
22519,0,5.302189262400639%
22520,0,5.301953818827709%
22521,0,5.301718396163581%
22522,0,5.30148299440547%
22523,0,5.301247613550593%
22524,0,5.301012253596165%
22525,0,5.300776914539401%
22526,0,5.300541596377519%
22527,0,5.300306299107738%
22528,0,5.3000710227272725%
22529,0,5.299835767233343%
22530,0,5.299600532623169%
22531,0,5.299365318893969%
22532,0,5.299130126042961%
22533,0,5.298894954067368%
22534,0,5.298659802964409%
22535,0,5.298424672731307%
22536,0,5.298189563365282%
22537,0,5.297954474863557%
22538,0,5.297719407223356%
22539,0,5.297484360441901%
22540,0,5.297249334516415%
22541,0,5.297014329444124%
22542,0,5.296779345222252%
22543,0,5.296544381848023%
22544,0,5.296309439318666%
22545,0,5.2960745176314035%
22546,0,5.295839616783464%
22547,0,5.295604736772076%
22548,0,5.295369877594465%
22549,0,5.29513503924786%
22550,0,5.29490022172949%
22551,0,5.294665425036584%
22552,0,5.2944306491663715%
22553,0,5.294195894116082%
22554,0,5.293961159882947%
22555,0,5.293726446464199%
22556,0,5.293491753857067%
22557,0,5.293257082058784%
22558,0,5.293022431066584%
22559,0,5.292787800877698%
22560,0,5.292553191489362%
22561,0,5.292318602898808%
22562,0,5.2920840351032705%
22563,0,5.291849488099986%
22564,0,5.29161496188619%
22565,0,5.291380456459118%
22566,0,5.2911459718160065%
22567,0,5.2909115079540925%
22568,0,5.2906770648706125%
22569,0,5.290442642562807%
22570,0,5.290208241027913%
22571,0,5.28997386026317%
22572,0,5.289739500265815%
22573,0,5.289505161033093%
22574,0,5.28927084256224%
22575,0,5.289036544850498%
22576,0,5.288802267895109%
22577,0,5.288568011693316%
22578,0,5.28833377624236%
22579,0,5.288099561539484%
22580,0,5.287865367581931%
22581,0,5.287631194366946%
22582,0,5.287397041891772%
22583,0,5.287162910153655%
22584,0,5.28692879914984%
22585,0,5.286694708877573%
22586,0,5.2864606393341%
22587,0,5.286226590516669%
22588,0,5.285992562422525%
22589,0,5.2857585550489175%
22590,0,5.285524568393094%
22591,0,5.285290602452304%
22592,0,5.285056657223796%
22593,0,5.28482273270482%
22594,0,5.284588828892627%
22595,0,5.284354945784465%
22596,0,5.284121083377589%
22597,0,5.283887241669248%
22598,0,5.283653420656695%
22599,0,5.283419620337184%
22600,0,5.283185840707964%
22601,0,5.282952081766293%
22602,0,5.282718343509424%
22603,0,5.28248462593461%
22604,0,5.282250929039108%
22605,0,5.2820172528201725%
22606,0,5.2817835972750595%
22607,0,5.2815499624010265%
22608,0,5.281316348195329%
22609,0,5.281082754655226%
22610,0,5.280849181777975%
22611,0,5.280615629560833%
22612,0,5.280382098001062%
22613,0,5.280148587095918%
22614,0,5.2799150968426645%
22615,0,5.279681627238558%
22616,0,5.279448178280862%
22617,0,5.2792147499668385%
22618,0,5.278981342293748%
22619,0,5.2787479552588525%
22620,0,5.278514588859416%
22621,0,5.278281243092701%
22622,0,5.278047917955972%
22623,0,5.277814613446492%
22624,1,5.282001414427158%
22625,1,5.286187845303868%
22626,1,5.290373906125696%
22627,0,5.290140098112874%
22628,1,5.2943256142831885%
22629,1,5.298510760528526%
22630,1,5.302695536897923%
22631,1,5.306879943440414%
22632,0,5.3066454577589255%
22633,0,5.306410992798127%
22634,0,5.30617654855527%
22635,0,5.305942125027612%
22636,0,5.305707722212405%
22637,0,5.3054733401069045%
22638,0,5.305238978708367%
22639,0,5.305004638014046%
22640,0,5.304770318021202%
22641,0,5.304536018727088%
22642,0,5.304301740128964%
22643,0,5.304067482224087%
22644,0,5.303833245009716%
22645,0,5.3035990284831085%
22646,0,5.303364832641526%
22647,0,5.303130657482227%
22648,0,5.302896503002472%
22649,0,5.302662369199523%
22650,0,5.30242825607064%
22651,0,5.302194163613085%
22652,0,5.301960091824121%
22653,0,5.301726040701011%
22654,0,5.3014920102410175%
22655,0,5.301258000441403%
22656,0,5.301024011299435%
22657,0,5.300790042812375%
22658,0,5.300556094977491%
22659,0,5.300322167792047%
22660,0,5.30008826125331%
22661,0,5.299854375358545%
22662,0,5.299620510105021%
22663,0,5.2993866654900055%
22664,0,5.299152841510766%
22665,0,5.298919038164571%
22666,0,5.29868525544869%
22667,0,5.298451493360392%
22668,0,5.298217751896947%
22669,0,5.297984031055627%
22670,0,5.2977503308337015%
22671,0,5.297516651228442%
22672,0,5.297282992237121%
22673,0,5.297049353857011%
22674,0,5.296815736085384%
22675,0,5.296582138919515%
22676,0,5.296348562356677%
22677,0,5.296115006394144%
22678,0,5.295881471029191%
22679,0,5.295647956259094%
22680,0,5.295414462081129%
22681,0,5.295180988492572%
22682,0,5.294947535490698%
22683,0,5.294714103072786%
22684,0,5.294480691236114%
22685,0,5.294247299977959%
22686,0,5.294013929295601%
22687,0,5.293780579186318%
22688,0,5.293547249647391%
22689,0,5.293313940676098%
22690,0,5.2930806522697225%
22691,0,5.292847384425543%
22692,0,5.292614137140843%
22693,0,5.292380910412903%
22694,0,5.292147704239006%
22695,0,5.291914518616435%
22696,0,5.291681353542475%
22697,0,5.2914482090144075%
22698,0,5.291215085029518%
22699,0,5.290981981585092%
22700,0,5.290748898678414%
22701,0,5.290515836306771%
22702,0,5.290282794467448%
22703,0,5.290049773157732%
22704,0,5.289816772374912%
22705,0,5.289583792116273%
22706,0,5.289350832379107%
22707,0,5.2891178931607%
22708,0,5.28888497445834%
22709,0,5.2886520762693205%
22710,0,5.288419198590929%
22711,0,5.288186341420457%
22712,0,5.287953504755196%
22713,0,5.287720688592436%
22714,0,5.287487892929471%
22715,0,5.287255117763593%
22716,0,5.287022363092094%
22717,0,5.286789628912268%
22718,0,5.286556915221411%
22719,0,5.286324222016814%
22720,0,5.286091549295775%
22721,1,5.290260111790855%
22722,1,5.294428307367309%
22723,1,5.2985961360735825%
22724,0,5.298362964266855%
22725,1,5.302530253025303%
22726,1,5.306697175041802%
22727,1,5.310863730364765%
22728,1,5.3150299190425905%
22729,0,5.314796075498262%
22730,1,5.3189617245930485%
22731,0,5.318727728652501%
22732,0,5.318493753299314%
22733,0,5.31825979853077%
22734,0,5.318025864344154%
22735,0,5.3177919507367495%
22736,0,5.317558057705841%
22737,0,5.317324185248713%
22738,0,5.3170903333626525%
22739,0,5.316856502044945%
22740,0,5.316622691292876%
22741,0,5.316388901103734%
22742,0,5.316155131474805%
22743,0,5.315921382403377%
22744,0,5.315687653886739%
22745,0,5.31545394592218%
22746,0,5.31522025850699%
22747,0,5.3149865916384575%
22748,0,5.314752945313874%
22749,0,5.314519319530529%
22750,0,5.314285714285714%
22751,0,5.314052129576722%
22752,0,5.313818565400844%
22753,0,5.313585021755373%
22754,0,5.313351498637602%
22755,0,5.313117996044825%
22756,0,5.312884513974336%
22757,0,5.312651052423431%
22758,0,5.312417611389401%
22759,0,5.312184190869546%
22760,0,5.31195079086116%
22761,0,5.31171741136154%
22762,0,5.311484052367982%
22763,0,5.311250713877784%
22764,0,5.3110173958882445%
22765,0,5.310784098396661%
22766,0,5.310550821400334%
22767,0,5.310317564896561%
22768,0,5.310084328882643%
22769,0,5.309851113355879%
22770,0,5.309617918313571%
22771,0,5.309384743753019%
22772,0,5.309151589671527%
22773,0,5.308918456066395%
22774,0,5.308685342934926%
22775,0,5.308452250274423%
22776,0,5.308219178082192%
22777,0,5.307986126355535%
22778,0,5.307753095091755%
22779,1,5.3119100926291765%
22780,1,5.316066725197541%
22781,1,5.320222992844915%
22782,1,5.324378895619349%
22783,1,5.32853443356889%
22784,1,5.332689606741573%
22785,0,5.332455562870309%
22786,0,5.332221539541824%
22787,0,5.331987536753411%
22788,0,5.33175355450237%
22789,0,5.331519592785993%
22790,0,5.33128565160158%
22791,0,5.3310517309464265%
22792,0,5.330817830817831%
22793,0,5.330583951213091%
22794,0,5.330350092129508%
22795,0,5.330116253564378%
22796,0,5.329882435515003%
22797,0,5.329648637978682%
22798,0,5.329414860952715%
22799,0,5.329181104434405%
22800,0,5.328947368421052%
22801,0,5.32871365290996%
22802,0,5.32847995789843%
22803,0,5.328246283383765%
22804,0,5.32801262936327%
22805,0,5.3277789958342465%
22806,0,5.327545382794002%
22807,0,5.327311790239839%
22808,0,5.3270782181690635%
22809,0,5.326844666578983%
22810,0,5.326611135466901%
22811,0,5.326377624830126%
22812,0,5.326144134665965%
22813,0,5.325910664971727%
22814,0,5.325677215744718%
22815,0,5.325443786982249%
22816,0,5.325210378681627%
22817,0,5.324976990840162%
22818,0,5.324743623455167%
22819,0,5.32451027652395%
22820,0,5.324276950043822%
22821,0,5.324043644012094%
22822,0,5.32381035842608%
22823,0,5.323577093283092%
22824,0,5.323343848580442%
22825,0,5.323110624315444%
22826,0,5.322877420485411%
22827,0,5.322644237087659%
22828,0,5.322411074119502%
22829,0,5.322177931578255%
22830,0,5.321944809461235%
22831,0,5.321711707765757%
22832,0,5.321478626489138%
22833,0,5.321245565628695%
22834,0,5.321012525181747%
22835,0,5.32077950514561%
22836,0,5.320546505517604%
22837,0,5.320313526295047%
22838,0,5.3200805674752605%
22839,0,5.3198476290555625%
22840,0,5.3196147110332745%
22841,0,5.319381813405718%
22842,0,5.319148936170213%
22843,0,5.318916079324082%
22844,0,5.318683242864647%
22845,0,5.318450426789232%
22846,0,5.318217631095159%
22847,0,5.317984855779753%
22848,0,5.317752100840336%
22849,0,5.317519366274235%
22850,0,5.317286652078774%
22851,0,5.31705395825128%
22852,0,5.316821284789078%
22853,0,5.316588631689494%
22854,0,5.316355998949856%
22855,0,5.316123386567491%
22856,0,5.315890794539727%
22857,0,5.315658222863893%
22858,0,5.315425671537318%
22859,0,5.31519314055733%
22860,0,5.31496062992126%
22861,0,5.314728139626438%
22862,0,5.314495669670196%
22863,0,5.314263220049862%
22864,0,5.3140307907627715%
22865,0,5.313798381806254%
22866,0,5.313565993177644%
22867,0,5.313333624874273%
22868,0,5.313101276893476%
22869,0,5.312868949232586%
22870,0,5.312636641888938%
22871,0,5.312404354859866%
22872,0,5.312172088142708%
22873,0,5.311939841734796%
22874,0,5.31170761563347%
22875,0,5.311475409836065%
22876,0,5.31124322433992%
22877,0,5.311011059142371%
22878,0,5.310778914240755%
22879,0,5.310546789632414%
22880,0,5.310314685314686%
22881,0,5.3100826012849085%
22882,0,5.309850537540425%
22883,0,5.309618494078574%
22884,0,5.309386470896697%
22885,0,5.309154467992134%
22886,0,5.30892248536223%
22887,0,5.3086905230043255%
22888,0,5.308458580915764%
22889,0,5.308226659093887%
22890,0,5.307994757536042%
22891,0,5.30776287623957%
22892,0,5.307531015201817%
22893,0,5.3072991744201286%
22894,0,5.307067353891849%
22895,0,5.306835553614326%
22896,0,5.306603773584905%
22897,0,5.306372013800935%
22898,0,5.306140274259761%
22899,0,5.305908554958732%
22900,0,5.3056768558951966%
22901,0,5.305445177066503%
22902,0,5.305213518470002%
22903,0,5.3049818801030435%
22904,0,5.304750261962976%
22905,0,5.304518664047151%
22906,0,5.304287086352921%
22907,0,5.304055528877635%
22908,0,5.303823991618648%
22909,0,5.303592474573312%
22910,0,5.303360977738978%
22911,0,5.303129501113003%
22912,0,5.302898044692737%
22913,0,5.302666608475538%
22914,0,5.302435192458759%
22915,0,5.3022037966397555%
22916,0,5.301972421015884%
22917,0,5.3017410655845%
22918,0,5.3015097303429615%
22919,0,5.301278415288626%
22920,0,5.301047120418848%
22921,0,5.300815845730989%
22922,0,5.300584591222406%
22923,0,5.30035335689046%
22924,0,5.300122142732508%
22925,0,5.299890948745911%
22926,0,5.299659774928029%
22927,0,5.299428621276225%
22928,0,5.299197487787858%
22929,0,5.29896637446029%
22930,0,5.2987352812908854%
22931,0,5.298504208277005%
22932,0,5.2982731554160125%
22933,0,5.298042122705271%
22934,0,5.297811110142147%
22935,0,5.297580117724002%
22936,0,5.297349145448204%
22937,0,5.297118193312116%
22938,1,5.301246839305955%
22939,1,5.305375125332403%
22940,1,5.3095030514385355%
22941,1,5.313630617671418%
22942,1,5.31775782407811%
22943,1,5.321884670705662%
22944,1,5.3260111576011155%
22945,1,5.330137284811506%
22946,1,5.334263052383858%
22947,1,5.338388460365189%
22948,0,5.33815583057347%
22949,0,5.337923221055384%
22950,0,5.337690631808279%
22951,0,5.337458062829507%
22952,0,5.337225514116417%
22953,0,5.336992985666362%
22954,0,5.336760477476692%
22955,0,5.336527989544761%
22956,0,5.336295521867921%
22957,0,5.3360630744435245%
22958,0,5.335830647268926%
22959,0,5.335598240341478%
22960,0,5.335365853658536%
22961,0,5.335133487217456%
22962,0,5.334901141015591%
22963,0,5.334668815050298%
22964,0,5.334436509318934%
22965,0,5.334204223818855%
22966,0,5.3339719585474175%
22967,0,5.333739713501981%
22968,0,5.333507488679903%
22969,0,5.333275284078541%
22970,0,5.333043099695255%
22971,0,5.332810935527403%
22972,0,5.332578791572349%
22973,0,5.33234666782745%
22974,0,5.332114564290067%
22975,0,5.331882480957562%
22976,0,5.331650417827298%
22977,0,5.331418374896636%
22978,0,5.331186352162939%
22979,0,5.330954349623569%
22980,0,5.330722367275892%
22981,0,5.330490405117271%
22982,0,5.33025846314507%
22983,0,5.330026541356655%
22984,0,5.329794639749391%
22985,0,5.329562758320644%
22986,0,5.329330897067781%
22987,0,5.329099055988167%
22988,0,5.328867235079172%
22989,0,5.328635434338161%
22990,0,5.328403653762505%
22991,0,5.328171893349571%
22992,0,5.32794015309673%
22993,0,5.327708433001348%
22994,0,5.327476733060799%
22995,0,5.32724505327245%
22996,0,5.327013393633676%
22997,0,5.3267817541418445%
22998,0,5.32655013479433%
22999,0,5.326318535588504%
23000,0,5.326086956521739%
23001,0,5.325855397591409%
23002,0,5.325623858794888%
23003,0,5.325392340129548%
23004,0,5.3251608415927665%
23005,0,5.324929363181917%
23006,0,5.324697904894375%
23007,0,5.324466466727518%
23008,0,5.32423504867872%
23009,0,5.32400365074536%
23010,0,5.323772272924816%
23011,0,5.323540915214463%
23012,0,5.323309577611681%
23013,0,5.323078260113848%
23014,0,5.322846962718345%
23015,0,5.322615685422551%
23016,0,5.322384428223844%
23017,0,5.322153191119607%
23018,0,5.32192197410722%
23019,0,5.321690777184066%
23020,0,5.321459600347524%
23021,0,5.321228443594978%
23022,0,5.320997306923812%
23023,0,5.320766190331408%
23024,0,5.320535093815149%
23025,0,5.320304017372422%
23026,0,5.320072961000609%
23027,0,5.319841924697095%
23028,0,5.319610908459267%
23029,0,5.319379912284511%
23030,0,5.319148936170213%
23031,0,5.31891798011376%
23032,0,5.318687044112539%
23033,0,5.318456128163938%
23034,0,5.3182252322653465%
23035,0,5.317994356414153%
23036,0,5.317763500607745%
23037,0,5.317532664843513%
23038,0,5.317301849118848%
23039,0,5.317071053431138%
23040,0,5.316840277777778%
23041,0,5.316609522156156%
23042,0,5.316378786563666%
23043,0,5.316148070997699%
23044,0,5.3159173754556495%
23045,0,5.31568669993491%
23046,0,5.315456044432874%
23047,0,5.315225408946935%
23048,0,5.314994793474488%
23049,0,5.314764198012929%
23050,0,5.314533622559653%
23051,0,5.314303067112055%
23052,0,5.314072531667534%
23053,0,5.313842016223485%
23054,0,5.313611520777306%
23055,0,5.313381045326394%
23056,0,5.3131505898681475%
23057,0,5.312920154399965%
23058,0,5.312689738919247%
23059,0,5.312459343423392%
23060,0,5.3122289679098005%
23061,0,5.311998612375873%
23062,0,5.311768276819009%
23063,0,5.3115379612366125%
23064,0,5.311307665626084%
23065,0,5.311077389984825%
23066,0,5.31084713431024%
23067,0,5.310616898599731%
23068,0,5.310386682850702%
23069,0,5.310156487060558%
23070,0,5.309926311226701%
23071,0,5.309696155346539%
23072,0,5.309466019417475%
23073,0,5.309235903436917%
23074,0,5.30900580740227%
23075,0,5.308775731310942%
23076,0,5.30854567516034%
23077,0,5.30831563894787%
23078,0,5.308085622670942%
23079,0,5.3078556263269645%
23080,0,5.307625649913345%
23081,0,5.307395693427495%
23082,0,5.307165756866823%
23083,0,5.306935840228739%
23084,0,5.306705943510657%
23085,0,5.306476066709985%
23086,0,5.306246209824136%
23087,0,5.3060163728505225%
23088,0,5.305786555786556%
23089,0,5.30555675862965%
23090,0,5.3053269813772195%
23091,0,5.305097224026677%
23092,0,5.3048674865754375%
23093,0,5.304637769020915%
23094,0,5.304408071360527%
23095,0,5.304178393591687%
23096,0,5.303948735711812%
23097,0,5.303719097718319%
23098,0,5.303489479608625%
23099,0,5.303259881380146%
23100,0,5.303030303030303%
23101,0,5.302800744556513%
23102,0,5.302571205956194%
23103,0,5.302341687226767%
23104,0,5.30211218836565%
23105,0,5.3018827093702665%
23106,0,5.301653250238034%
23107,0,5.301423810966374%
23108,0,5.301194391552709%
23109,0,5.300964991994461%
23110,0,5.300735612289052%
23111,0,5.300506252433905%
23112,0,5.300276912426445%
23113,0,5.300047592264094%
23114,0,5.299818291944276%
23115,0,5.299589011464417%
23116,0,5.299359750821941%
23117,0,5.299130510014275%
23118,0,5.298901289038844%
23119,0,5.298672087893075%
23120,0,5.298442906574395%
23121,0,5.29821374508023%
23122,0,5.297984603408009%
23123,0,5.2977554815551615%
23124,0,5.297526379519114%
23125,0,5.297297297297297%
23126,0,5.29706823488714%
23127,0,5.296839192286073%
23128,0,5.296610169491525%
23129,0,5.29638116650093%
23130,0,5.296152183311716%
23131,0,5.295923219921318%
23132,0,5.295694276327166%
23133,0,5.295465352526693%
23134,0,5.295236448517334%
23135,0,5.29500756429652%
23136,0,5.294778699861688%
23137,0,5.294549855210269%
23138,0,5.294321030339701%
23139,0,5.294092225247417%
23140,0,5.293863439930855%
23141,0,5.293634674387451%
23142,0,5.29340592861464%
23143,0,5.2931772026098605%
23144,0,5.29294849637055%
23145,0,5.2927198098941455%
23146,0,5.292491143178086%
23147,0,5.292262496219813%
23148,0,5.292033869016762%
23149,0,5.291805261566374%
23150,0,5.291576673866091%
23151,0,5.291348105913352%
23152,0,5.291119557705598%
23153,0,5.290891029240271%
23154,0,5.290662520514814%
23155,0,5.290434031526668%
23156,0,5.290205562273277%
23157,0,5.289977112752084%
23158,0,5.289748682960532%
23159,0,5.289520272896066%
23160,0,5.289291882556131%
23161,0,5.2890635119381715%
23162,0,5.288835161039634%
23163,1,5.292924059923154%
23164,0,5.292695562079088%
23165,1,5.296783941290741%
23166,0,5.296555296555296%
23167,1,5.30064315621358%
23168,1,5.304730662983426%
23169,1,5.308817816910527%
23170,1,5.3129046180405695%
23171,1,5.316991066419231%
23172,1,5.32107716209218%
23173,0,5.320847538083115%
23174,0,5.3206179338914295%
23175,0,5.320388349514563%
23176,0,5.320158784949948%
23177,0,5.319929240195021%
23178,0,5.319699715247217%
23179,0,5.319470210103973%
23180,0,5.319240724762726%
23181,0,5.319011259220914%
23182,0,5.318781813475973%
23183,0,5.318552387525342%
23184,0,5.31832298136646%
23185,0,5.318093594996765%
23186,0,5.317864228413698%
23187,1,5.321947643075862%
23188,1,5.326030705537347%
23189,1,5.3301134158437184%
23190,0,5.329883570504528%
23191,1,5.333965762580312%
23192,1,5.338047602621594%
23193,1,5.34212909067391%
23194,1,5.346210226782789%
23195,0,5.3459797370122875%
23196,0,5.34574926711502%
23197,1,5.349829719360262%
23198,1,5.353909819812053%
23199,1,5.357989568515884%
23200,0,5.357758620689655%
23201,1,5.361837851816732%
23202,1,5.365916731316266%
23203,1,5.369995259233719%
23204,0,5.369763833821755%
23205,0,5.369532428355957%
23206,0,5.36930104283375%
23207,0,5.369069677252553%
23208,0,5.36883833160979%
23209,0,5.3686070059028825%
23210,0,5.3683757001292545%
23211,0,5.36814441428633%
23212,0,5.3679131483715326%
23213,0,5.367681902382286%
23214,0,5.367450676316016%
23215,0,5.3672194701701486%
23216,0,5.366988283942109%
23217,0,5.366757117629324%
23218,0,5.366525971229219%
23219,0,5.3662948447392225%
23220,0,5.366063738156761%
23221,0,5.3658326514792645%
23222,0,5.36560158470416%
23223,0,5.365370537828876%
23224,0,5.365139510850844%
23225,0,5.3649085037674915%
23226,0,5.364677516576251%
23227,0,5.364446549274551%
23228,0,5.364215601859825%
23229,0,5.363984674329502%
23230,0,5.363753766681016%
23231,0,5.363522878911799%
23232,0,5.363292011019284%
23233,0,5.3630611630009035%
23234,0,5.3628303348540936%
23235,0,5.362599526576286%
23236,0,5.362368738164917%
23237,0,5.362137969617421%
23238,0,5.361907220931234%
23239,0,5.361676492103791%
23240,0,5.36144578313253%
23241,0,5.361215094014887%
23242,0,5.360984424748301%
23243,0,5.360753775330207%
23244,0,5.3605231457580444%
23245,0,5.360292536029253%
23246,0,5.360061946141272%
23247,0,5.359831376091539%
23248,0,5.359600825877495%
23249,0,5.359370295496581%
23250,0,5.359139784946237%
23251,0,5.3589092942239045%
23252,0,5.3586788233270255%
23253,0,5.358448372253043%
23254,0,5.358217940999397%
23255,0,5.357987529563535%
23256,0,5.3577571379428965%
23257,0,5.357526766134927%
23258,0,5.357296414137071%
23259,0,5.3570660819467735%
23260,0,5.356835769561479%
23261,0,5.356605476978634%
23262,0,5.356375204195684%
23263,0,5.3561449512100765%
23264,0,5.355914718019257%
23265,0,5.355684504620674%
23266,0,5.355454311011776%
23267,0,5.355224137190011%
23268,0,5.354993983152828%
23269,0,5.354763848897675%
23270,0,5.354533734422002%
23271,1,5.358600833655623%
23272,1,5.36266758336198%
23273,1,5.36673398358613%
23274,1,5.37080003437312%
23275,0,5.370569280343716%
23276,0,5.370338546141949%
23277,0,5.370107831765262%
23278,0,5.369877137211101%
23279,0,5.3696464624769105%
23280,0,5.369415807560137%
23281,0,5.369185172458227%
23282,0,5.368954557168628%
23283,0,5.368723961688786%
23284,0,5.368493386016148%
23285,0,5.368262830148164%
23286,0,5.3680322940822816%
23287,0,5.367801777815949%
23288,0,5.367571281346616%
23289,0,5.367340804671734%
23290,0,5.367110347788751%
23291,0,5.366879910695118%
23292,0,5.366649493388287%
23293,0,5.3664190958657105%
23294,0,5.366188718124839%
23295,0,5.365958360163125%
23296,0,5.365728021978022%
23297,0,5.365497703566983%
23298,0,5.365267404927462%
23299,0,5.3650371260569125%
23300,0,5.36480686695279%
23301,0,5.364576627612549%
23302,0,5.364346408033645%
23303,0,5.3641162082135345%
23304,0,5.363886028149674%
23305,0,5.36365586783952%
23306,0,5.363425727280529%
23307,0,5.36319560647016%
23308,0,5.362965505405869%
23309,0,5.362735424085117%
23310,0,5.362505362505362%
23311,0,5.3622753206640645%
23312,0,5.362045298558682%
23313,0,5.361815296186677%
23314,0,5.361585313545509%
23315,0,5.36135535063264%
23316,0,5.361125407445531%
23317,0,5.360895483981644%
23318,0,5.360665580238442%
23319,0,5.360435696213388%
23320,0,5.3602058319039445%
23321,0,5.3599759873075765%
23322,0,5.3597461624217475%
23323,0,5.359516357243923%
23324,0,5.359286571771566%
23325,0,5.359056806002144%
23326,0,5.358827059933121%
23327,0,5.358597333561967%
23328,0,5.358367626886145%
23329,0,5.358137939903125%
23330,0,5.357908272610373%
23331,0,5.357678625005358%
23332,0,5.357448997085547%
23333,0,5.357219388848413%
23334,0,5.35698980029142%
23335,0,5.356760231412042%
23336,0,5.356530682207747%
23337,0,5.356301152676008%
23338,0,5.356071642814294%
23339,0,5.355842152620078%
23340,0,5.355612682090831%
23341,0,5.355383231224026%
23342,0,5.355153800017137%
23343,0,5.3549243884676345%
23344,0,5.354694996572995%
23345,0,5.354465624330692%
23346,0,5.354236271738199%
23347,0,5.354006938792993%
23348,0,5.3537776254925475%
23349,0,5.3535483318343395%
23350,0,5.353319057815846%
23351,0,5.353089803434543%
23352,0,5.352860568687907%
23353,0,5.3526313535734165%
23354,0,5.352402158088551%
23355,0,5.352172982230786%
23356,0,5.351943825997602%
23357,0,5.35171468938648%
23358,0,5.351485572394897%
23359,0,5.351256475020335%
23360,0,5.351027397260274%
23361,0,5.350798339112195%
23362,0,5.35056930057358%
23363,0,5.3503402816419126%
23364,0,5.350111282314672%
23365,0,5.349882302589343%
23366,0,5.349653342463409%
23367,0,5.3494244019343515%
23368,0,5.349195480999658%
23369,0,5.34896657965681%
23370,0,5.348737697903295%
23371,0,5.348508835736596%
23372,0,5.348279993154201%
23373,0,5.348051170153596%
23374,0,5.347822366732267%
23375,0,5.347593582887701%
23376,0,5.347364818617385%
23377,0,5.347136073918809%
23378,0,5.34690734878946%
23379,0,5.346678643226827%
23380,0,5.3464499572284%
23381,0,5.346221290791668%
23382,0,5.345992643914122%
23383,0,5.345764016593252%
23384,0,5.3455354088265485%
23385,0,5.345306820611503%
23386,0,5.345078251945608%
23387,0,5.344849702826356%
23388,0,5.34462117325124%
23389,0,5.344392663217752%
23390,0,5.344164172723386%
23391,0,5.343935701765636%
23392,0,5.343707250341997%
23393,0,5.343478818449963%
23394,0,5.343250406087031%
23395,0,5.343022013250694%
23396,0,5.342793639938451%
23397,0,5.342565286147797%
23398,0,5.342336951876229%
23399,0,5.342108637121244%
23400,0,5.3418803418803416%
23401,0,5.341652066151019%
23402,0,5.341423809930776%
23403,0,5.341195573217109%
23404,0,5.3409673560075195%
23405,0,5.340739158299509%
23406,0,5.340510980090575%
23407,0,5.34028282137822%
23408,0,5.340054682159946%
23409,0,5.339826562433252%
23410,0,5.339598462195643%
23411,0,5.33937038144462%
23412,0,5.339142320177687%
23413,0,5.3389142783923464%
23414,0,5.338686256086103%
23415,0,5.3384582532564595%
23416,0,5.338230269900922%
23417,0,5.338002306016996%
23418,0,5.337774361602186%
23419,0,5.337546436653999%
23420,0,5.33731853116994%
23421,0,5.3370906451475175%
23422,0,5.336862778584237%
23423,0,5.336634931477607%
23424,0,5.336407103825136%
23425,0,5.3361792956243335%
23426,0,5.335951506872705%
23427,0,5.335723737567764%
23428,0,5.335495987707017%
23429,0,5.335268257287976%
23430,0,5.335040546308152%
23431,0,5.3348128547650555%
23432,0,5.3345851826561965%
23433,0,5.334357529979089%
23434,0,5.334129896731246%
23435,0,5.333902282910177%
23436,0,5.3336746885133985%
23437,0,5.333447113538422%
23438,0,5.333219557982763%
23439,0,5.3329920218439355%
23440,0,5.332764505119454%
23441,0,5.332537007806834%
23442,0,5.332309529903592%
23443,0,5.332082071407243%
23444,0,5.331854632315305%
23445,0,5.331627212625293%
23446,0,5.331399812334727%
23447,0,5.331172431441122%
23448,0,5.330945069942%
23449,0,5.330717727834876%
23450,0,5.330490405117271%
23451,0,5.330263101786705%
23452,0,5.330035817840696%
23453,0,5.3298085532767665%
23454,0,5.329581308092436%
23455,0,5.329354082285227%
23456,0,5.32912687585266%
23457,0,5.328899688792258%
23458,0,5.328672521101543%
23459,0,5.328445372778038%
23460,0,5.328218243819267%
23461,0,5.327991134222752%
23462,0,5.327764043986019%
23463,0,5.327536973106593%
23464,0,5.327309921581998%
23465,0,5.327082889409759%
23466,0,5.326855876587403%
23467,0,5.326628883112456%
23468,0,5.326401908982445%
23469,0,5.3261749541948955%
23470,1,5.330208777162334%
23471,1,5.334242256401517%
23472,1,5.3382753919563735%
23473,0,5.338047970008095%
23474,0,5.337820567436313%
23475,0,5.337593184238552%
23476,0,5.337365820412336%
23477,0,5.33713847595519%
23478,0,5.33691115086464%
23479,0,5.336683845138208%
23480,0,5.336456558773424%
23481,0,5.336229291767812%
23482,0,5.336002044118899%
23483,0,5.335774815824213%
23484,0,5.335547606881281%
23485,0,5.3353204172876305%
23486,0,5.33509324704079%
23487,0,5.334866096138289%
23488,0,5.334638964577657%
23489,0,5.334411852356422%
23490,0,5.334184759472116%
23491,0,5.333957685922268%
23492,0,5.33373063170441%
23493,0,5.3335035968160724%
23494,0,5.333276581254789%
23495,0,5.333049585018089%
23496,0,5.332822608103506%
23497,0,5.332595650508576%
23498,0,5.332368712230828%
23499,0,5.332141793267799%
23500,0,5.3319148936170215%
23501,0,5.331688013276031%
23502,0,5.331461152242363%
23503,0,5.331234310513552%
23504,0,5.331007488087134%
23505,0,5.330780684960647%
23506,0,5.330553901131626%
23507,0,5.330327136597609%
23508,0,5.330100391356134%
23509,0,5.3298736654047385%
23510,0,5.329646958740962%
23511,0,5.329420271362341%
23512,0,5.3291936032664164%
23513,0,5.328966954450729%
23514,0,5.328740324912818%
23515,0,5.328513714650223%
23516,0,5.328287123660487%
23517,0,5.328060551941149%
23518,0,5.327833999489752%
23519,0,5.3276074663038395%
23520,0,5.3273809523809526%
23521,0,5.327154457718635%
23522,0,5.326927982314429%
23523,0,5.32670152616588%
23524,0,5.326475089270532%
23525,0,5.32624867162593%
23526,0,5.3260222732296185%
23527,0,5.3257958940791434%
23528,0,5.32556953417205%
23529,0,5.325343193505886%
23530,0,5.325116872078198%
23531,0,5.3248905698865325%
23532,0,5.324664286928438%
23533,0,5.324438023201462%
23534,0,5.324211778703153%
23535,0,5.32398555343106%
23536,0,5.323759347382733%
23537,0,5.32353316055572%
23538,0,5.323306992947574%
23539,0,5.323080844555843%
23540,0,5.32285471537808%
23541,1,5.326876513317192%
23542,1,5.330897969586271%
23543,0,5.330671537187275%
23544,0,5.330445124023106%
23545,0,5.330218730091314%
23546,0,5.32999235538945%
23547,0,5.329765999915064%
23548,0,5.329539663665704%
23549,0,5.329313346638923%
23550,0,5.329087048832272%
23551,0,5.328860770243302%
23552,0,5.328634510869565%
23553,0,5.328408270708614%
23554,0,5.328182049758003%
23555,0,5.327955848015283%
23556,0,5.32772966547801%
23557,0,5.3275035021437365%
23558,0,5.327277358010018%
23559,0,5.327051233074409%
23560,0,5.326825127334465%
23561,0,5.326599040787743%
23562,0,5.326372973431797%
23563,0,5.326146925264185%
23564,0,5.325920896282465%
23565,0,5.325694886484192%
23566,0,5.325468895866927%
23567,0,5.325242924428226%
23568,0,5.325016972165648%
23569,0,5.324791039076753%
23570,0,5.324565125159101%
23571,0,5.32433923041025%
23572,0,5.324113354827762%
23573,0,5.323887498409197%
23574,0,5.323661661152117%
23575,0,5.3234358430540825%
23576,0,5.323210044112657%
23577,0,5.3229842643254015%
23578,0,5.32275850368988%
23579,0,5.322532762203656%
23580,0,5.322307039864292%
23581,0,5.322081336669352%
23582,0,5.321855652616402%
23583,0,5.321629987703006%
23584,0,5.32140434192673%
23585,0,5.321178715285138%
23586,0,5.320953107775799%
23587,0,5.320727519396278%
23588,0,5.320501950144141%
23589,0,5.320276400016957%
23590,0,5.320050869012293%
23591,0,5.319825357127718%
23592,0,5.3195998643608%
23593,0,5.3193743907091084%
23594,0,5.319148936170213%
23595,0,5.318923500741683%
23596,0,5.318698084421088%
23597,0,5.318472687206001%
23598,0,5.318247309093991%
23599,0,5.31802195008263%
23600,0,5.317796610169491%
23601,0,5.317571289352146%
23602,0,5.317345987628167%
23603,0,5.317120704995128%
23604,0,5.316895441450602%
23605,0,5.316670196992162%
23606,0,5.316444971617385%
23607,0,5.3162197653238445%
23608,0,5.315994578109116%
23609,0,5.315769409970774%
23610,0,5.315544260906395%
23611,0,5.315319130913557%
23612,0,5.315094019989836%
23613,0,5.3148689281328085%
23614,0,5.314643855340052%
23615,0,5.314418801609147%
23616,0,5.314193766937669%
23617,0,5.313968751323199%
23618,0,5.313743754763316%
23619,0,5.313518777255599%
23620,0,5.3132938187976295%
23621,0,5.313068879386986%
23622,0,5.312843959021251%
23623,0,5.312619057698006%
23624,0,5.312394175414832%
23625,0,5.312169312169312%
23626,0,5.311944467959028%
23627,0,5.311719642781563%
23628,0,5.311494836634501%
23629,0,5.311270049515426%
23630,0,5.311045281421921%
23631,0,5.310820532351572%
23632,0,5.310595802301964%
23633,0,5.310371091270681%
23634,0,5.31014639925531%
23635,0,5.309921726253438%
23636,0,5.30969707226265%
23637,0,5.309472437280535%
23638,0,5.3092478213046785%
23639,0,5.3090232243326705%
23640,0,5.3087986463620975%
23641,0,5.30857408739055%
23642,0,5.308349547415616%
23643,0,5.308125026434886%
23644,0,5.307900524445948%
23645,0,5.307676041446395%
23646,0,5.307451577433815%
23647,0,5.307227132405802%
23648,0,5.307002706359945%
23649,0,5.306778299293839%
23650,0,5.306553911205074%
23651,0,5.306329542091244%
23652,0,5.306105191949941%
23653,0,5.3058808607787595%
23654,0,5.305656548575294%
23655,0,5.305432255337138%
23656,0,5.305207981061887%
23657,0,5.304983725747136%
23658,0,5.304759489390481%
23659,0,5.304535271989518%
23660,0,5.304311073541842%
23661,0,5.304086894045053%
23662,0,5.3038627334967465%
23663,0,5.303638591894519%
23664,0,5.30341446923597%
23665,0,5.303190365518699%
23666,0,5.302966280740303%
23667,0,5.302742214898382%
23668,0,5.302518167990536%
23669,0,5.302294140014364%
23670,0,5.302070130967469%
23671,0,5.30184614084745%
23672,0,5.3016221696519095%
23673,0,5.301398217378448%
23674,0,5.301174284024668%
23675,0,5.300950369588174%
23676,0,5.300726474066566%
23677,0,5.300502597457448%
23678,0,5.300278739758426%
23679,0,5.300054900967101%
23680,0,5.299831081081082%
23681,0,5.299607280097969%
23682,0,5.299383498015371%
23683,0,5.299159734830891%
23684,0,5.298935990542138%
23685,0,5.298712265146718%
23686,0,5.2984885586422354%
23687,0,5.298264871026301%
23688,0,5.298041202296522%
23689,0,5.297817552450504%
23690,0,5.297593921485859%
23691,0,5.297370309400194%
23692,0,5.297146716191119%
23693,0,5.296923141856245%
23694,0,5.29669958639318%
23695,0,5.296476049799536%
23696,0,5.2962525320729235%
23697,0,5.296029033210955%
23698,0,5.295805553211242%
23699,0,5.295582092071395%
23700,0,5.29535864978903%
23701,0,5.295135226361756%
23702,0,5.294911821787191%
23703,0,5.294688436062946%
23704,0,5.294465069186635%
23705,0,5.294241721155874%
23706,0,5.294018391968279%
23707,0,5.293795081621462%
23708,0,5.293571790113042%
23709,0,5.293348517440634%
23710,0,5.293125263601856%
23711,0,5.292902028594323%
23712,0,5.292678812415655%
23713,0,5.292455615063467%
23714,0,5.292232436535381%
23715,0,5.2920092768290115%
23716,0,5.29178613594198%
23717,0,5.291563013871906%
23718,0,5.29133991061641%
23719,0,5.29111682617311%
23720,0,5.290893760539629%
23721,0,5.290670713713587%
23722,0,5.290447685692605%
23723,0,5.290224676474307%
23724,0,5.290001686056314%
23725,0,5.289778714436249%
23726,0,5.289555761611734%
23727,0,5.2893328275803935%
23728,0,5.2891099123398515%
23729,0,5.288887015887733%
23730,0,5.288664138221661%
23731,0,5.288441279339261%
23732,0,5.288218439238159%
23733,0,5.287995617915982%
23734,0,5.287772815370355%
23735,0,5.287550031598904%
23736,0,5.287327266599259%
23737,0,5.287104520369044%
23738,0,5.286881792905889%
23739,0,5.286659084207422%
23740,0,5.286436394271272%
23741,0,5.286213723095068%
23742,0,5.285991070676439%
23743,0,5.285768437013014%
23744,0,5.285545822102425%
23745,0,5.285323225942304%
23746,0,5.285100648530279%
23747,0,5.284878089863983%
23748,0,5.284655549941047%
23749,0,5.284433028759105%
23750,0,5.284210526315789%
23751,0,5.2839880426087324%
23752,0,5.283765577635568%
23753,0,5.283543131393929%
23754,0,5.283320703881452%
23755,0,5.283098295095769%
23756,0,5.282875905034517%
23757,0,5.282653533695332%
23758,0,5.282431181075848%
23759,0,5.2822088471737025%
23760,0,5.281986531986532%
23761,0,5.281764235511973%
23762,0,5.281541957747664%
23763,0,5.2813196986912425%
23764,0,5.281097458340347%
23765,0,5.280875236692615%
23766,0,5.280653033745687%
23767,0,5.280430849497202%
23768,0,5.2802086839447995%
23769,0,5.2799865370861205%
23770,0,5.279764408918805%
23771,0,5.279542299440495%
23772,0,5.279320208648831%
23773,0,5.279098136541455%
23774,0,5.278876083116009%
23775,0,5.278654048370137%
23776,0,5.27843203230148%
23777,0,5.278210034907684%
23778,0,5.277988056186391%
23779,0,5.277766096135245%
23780,0,5.277544154751893%
23781,0,5.277322232033977%
23782,0,5.277100327979143%
23783,0,5.27687844258504%
23784,0,5.2766565758493105%
23785,0,5.276434727769603%
23786,0,5.276212898343564%
23787,0,5.2759910875688405%
23788,0,5.275769295443081%
23789,0,5.275547521963933%
23790,0,5.275325767129046%
23791,0,5.275104030936069%
23792,0,5.2748823133826495%
23793,0,5.27466061446644%
23794,0,5.274438934185088%
23795,0,5.274217272536247%
23796,0,5.273995629517566%
23797,0,5.273774005126697%
23798,0,5.27355239936129%
23799,0,5.273330812219001%
23800,0,5.273109243697479%
23801,0,5.272887693794378%
23802,0,5.2726661625073525%
23803,0,5.272444649834054%
23804,0,5.2722231557721395%
23805,0,5.27200168031926%
23806,0,5.271780223473074%
23807,0,5.2715587852312344%
23808,0,5.271337365591398%
23809,0,5.27111596455122%
23810,0,5.270894582108357%
23811,0,5.270673218260468%
23812,0,5.270451873005207%
23813,0,5.270230546340234%
23814,0,5.270009238263206%
23815,0,5.269787948771783%
23816,0,5.269566677863621%
23817,0,5.269345425536382%
23818,0,5.269124191787723%
23819,0,5.268902976615307%
23820,0,5.268681780016793%
23821,0,5.268460601989841%
23822,0,5.2682394425321135%
23823,0,5.268018301641271%
23824,0,5.267797179314977%
23825,0,5.267576075550892%
23826,0,5.26735499034668%
23827,0,5.267133923700004%
23828,0,5.266912875608528%
23829,0,5.266691846069914%
23830,0,5.2664708350818294%
23831,0,5.266249842641937%
23832,0,5.2660288687479015%
23833,0,5.26580791339739%
23834,0,5.265586976588067%
23835,0,5.2653660583176%
23836,0,5.265145158583655%
23837,0,5.2649242773839%
23838,0,5.264703414715999%
23839,0,5.264482570577625%
23840,0,5.264261744966443%
23841,0,5.2640409378801225%
23842,0,5.263820149316333%
23843,0,5.263599379272742%
23844,0,5.263378627747022%
23845,0,5.263157894736842%
23846,0,5.262937180239873%
23847,0,5.262716484253784%
23848,0,5.26249580677625%
23849,0,5.26227514780494%
23850,0,5.262054507337526%
23851,0,5.261833885371683%
23852,0,5.261613281905082%
23853,0,5.2613926969353955%
23854,0,5.2611721304603005%
23855,0,5.260951582477468%
23856,0,5.260731052984574%
23857,0,5.2605105419792935%
23858,0,5.260290049459301%
23859,0,5.260069575422272%
23860,0,5.259849119865884%
23861,0,5.259628682787812%
23862,0,5.259408264185734%
23863,0,5.259187864057327%
23864,0,5.258967482400268%
23865,0,5.258747119212235%
23866,0,5.258526774490908%
23867,0,5.258306448233963%
23868,0,5.258086140439082%
23869,0,5.257865851103943%
23870,0,5.257645580226225%
23871,0,5.257425327803611%
23872,0,5.25720509383378%
23873,0,5.256984878314413%
23874,0,5.256764681243194%
23875,0,5.2565445026178015%
23876,0,5.256324342435919%
23877,0,5.25610420069523%
23878,0,5.255884077393416%
23879,0,5.255663972528163%
23880,0,5.255443886097153%
23881,0,5.255223818098069%
23882,0,5.255003768528599%
23883,0,5.2547837373864255%
23884,0,5.254563724669235%
23885,0,5.254343730374712%
23886,0,5.254123754500544%
23887,0,5.253903797044417%
23888,0,5.253683858004019%
23889,0,5.2534639373770355%
23890,0,5.253244035161155%
23891,0,5.253024151354067%
23892,0,5.252804285953458%
23893,0,5.252584438957017%
23894,0,5.2523646103624335%
23895,0,5.252144800167399%
23896,0,5.251925008369602%
23897,0,5.251705234966733%
23898,0,5.251485479956481%
23899,0,5.251265743336541%
23900,0,5.2510460251046025%
23901,0,5.250826325258357%
23902,0,5.250606643795498%
23903,0,5.250386980713718%
23904,0,5.250167336010709%
23905,0,5.249947709684166%
23906,0,5.249728101731783%
23907,0,5.249508512151253%
23908,0,5.2492889409402705%
23909,0,5.249069388096532%
23910,0,5.248849853617734%
23911,0,5.248630337501568%
23912,0,5.248410839745735%
23913,0,5.248191360347928%
23914,0,5.2479718993058455%
23915,0,5.247752456617186%
23916,0,5.247533032279645%
23917,0,5.247313626290922%
23918,0,5.2470942386487165%
23919,0,5.246874869350726%
23920,0,5.246655518394649%
23921,0,5.246436185778187%
23922,0,5.246216871499039%
23923,0,5.245997575554905%
23924,0,5.245778297943487%
23925,0,5.245559038662487%
23926,0,5.245339797709605%
23927,0,5.245120575082543%
23928,0,5.2449013707790035%
23929,0,5.24468218479669%
23930,0,5.244463017133306%
23931,0,5.244243867786553%
23932,0,5.244024736754136%
23933,0,5.243805624033761%
23934,0,5.24358652962313%
23935,0,5.24336745351995%
23936,0,5.243148395721925%
23937,0,5.242929356226762%
23938,0,5.242710335032166%
23939,0,5.242491332135845%
23940,0,5.242272347535505%
23941,0,5.242053381228854%
23942,0,5.2418344332136%
23943,0,5.241615503487449%
23944,0,5.241396592048112%
23945,0,5.241177698893297%
23946,0,5.240958824020713%
23947,0,5.24073996742807%
23948,0,5.240521129113079%
23949,0,5.2403023090734475%
23950,0,5.240083507306889%
23951,0,5.239864723811114%
23952,0,5.239645958583834%
23953,0,5.239427211622761%
23954,0,5.239208482925608%
23955,0,5.238989772490085%
23956,0,5.238771080313908%
23957,0,5.23855240639479%
23958,0,5.238333750730445%
23959,0,5.238115113318586%
23960,0,5.237896494156928%
23961,0,5.237677893243187%
23962,0,5.237459310575077%
23963,0,5.237240746150315%
23964,0,5.237022199966616%
23965,0,5.236803672021698%
23966,0,5.236585162313277%
23967,0,5.23636667083907%
23968,0,5.236148197596796%
23969,0,5.2359297425841715%
23970,0,5.235711305798915%
23971,0,5.235492887238747%
23972,0,5.2352744869013845%
23973,0,5.235056104784549%
23974,0,5.23483774088596%
23975,0,5.234619395203337%
23976,0,5.234401067734401%
23977,0,5.234182758476873%
23978,0,5.233964467428476%
23979,0,5.23374619458693%
23980,0,5.233527939949958%
23981,0,5.233309703515283%
23982,0,5.233091485280627%
23983,0,5.2328732852437145%
23984,0,5.232655103402268%
23985,0,5.232436939754013%
23986,0,5.232218794296673%
23987,0,5.2320006670279735%
23988,0,5.23178255794564%
23989,0,5.231564467047397%
23990,0,5.231346394330972%
23991,0,5.23112833979409%
23992,0,5.230910303434478%
23993,0,5.230692285249865%
23994,0,5.2304742852379755%
23995,0,5.230256303396541%
23996,0,5.230038339723287%
23997,0,5.229820394215944%
23998,0,5.229602466872239%
23999,0,5.229384557689904%
24000,0,5.229166666666667%
24001,0,5.228948793800258%
24002,0,5.228730939088409%
24003,0,5.228513102528851%
24004,0,5.228295284119314%
24005,0,5.228077483857529%
24006,0,5.227859701741231%
24007,0,5.2276419377681504%
24008,0,5.227424191936021%
24009,0,5.227206464242576%
24010,0,5.226988754685548%
24011,0,5.226771063262671%
24012,0,5.226553389971681%
24013,0,5.226335734810311%
24014,0,5.226118097776297%
24015,0,5.225900478867374%
24016,0,5.22568287808128%
24017,0,5.225465295415748%
24018,0,5.2252477308685155%
24019,0,5.22503018443732%
24020,0,5.224812656119901%
24021,0,5.224595145913992%
24022,0,5.224377653817334%
24023,0,5.224160179827665%
24024,0,5.223942723942724%
24025,0,5.223725286160249%
24026,0,5.2235078664779815%
24027,0,5.223290464893662%
24028,0,5.223073081405028%
24029,0,5.222855716009821%
24030,0,5.222638368705784%
24031,0,5.222421039490658%
24032,0,5.222203728362184%
24033,0,5.2219864353181045%
24034,0,5.221769160356162%
24035,0,5.221551903474101%
24036,0,5.221334664669662%
24037,0,5.221117443940591%
24038,0,5.220900241284633%
24039,0,5.22068305669953%
24040,0,5.2204658901830285%
24041,0,5.220248741732873%
24042,0,5.22003161134681%
24043,0,5.2198144990225845%
24044,0,5.219597404757944%
24045,0,5.219380328550635%
24046,0,5.219163270398403%
24047,0,5.2189462302989975%
24048,0,5.218729208250166%
24049,0,5.218512204249657%
24050,0,5.218295218295219%
24051,0,5.2180782503845995%
24052,0,5.21786130051555%
24053,0,5.217644368685819%
24054,0,5.217427454893158%
24055,0,5.217210559135315%
24056,0,5.2169936814100435%
24057,0,5.216776821715094%
24058,0,5.216559980048217%
24059,0,5.2163431564071665%
24060,0,5.2161263507896924%
24061,0,5.21590956319355%
24062,0,5.2156927936164905%
24063,0,5.215476042056269%
24064,0,5.215259308510638%
24065,0,5.215042592977353%
24066,0,5.214825895454168%
24067,0,5.214609215938838%
24068,0,5.214392554429118%
24069,0,5.214175910922764%
24070,0,5.213959285417532%
24071,0,5.2137426779111795%
24072,0,5.213526088401462%
24073,0,5.213309516886138%
24074,0,5.213092963362964%
24075,0,5.212876427829699%
24076,0,5.2126599102841%
24077,0,5.212443410723928%
24078,0,5.212226929146939%
24079,0,5.212010465550895%
24080,0,5.211794019933555%
24081,0,5.211577592292679%
24082,0,5.211361182626028%
24083,0,5.211144790931362%
24084,0,5.210928417206444%
24085,0,5.210712061449034%
24086,0,5.210495723656896%
24087,0,5.210279403827791%
24088,0,5.210063101959482%
24089,0,5.209846818049732%
24090,0,5.209630552096305%
24091,0,5.209414304096965%
24092,0,5.209198074049477%
24093,0,5.208981861951604%
24094,0,5.208765667801112%
24095,0,5.208549491595766%
24096,0,5.208333333333334%
24097,0,5.208117193011579%
24098,0,5.207901070628268%
24099,0,5.207684966181169%
24100,0,5.20746887966805%
24101,0,5.2072528110866765%
24102,0,5.207036760434819%
24103,0,5.206820727710244%
24104,0,5.20660471291072%
24105,0,5.206388716034018%
24106,0,5.206172737077906%
24107,0,5.205956776040154%
24108,0,5.205740832918533%
24109,0,5.205524907710814%
24110,0,5.205309000414766%
24111,0,5.2050931110281615%
24112,0,5.204877239548773%
24113,0,5.2046613859743704%
24114,0,5.204445550302729%
24115,0,5.204229732531619%
24116,0,5.204013932658816%
24117,0,5.203798150682092%
24118,1,5.207728667385355%
24119,0,5.207512749284796%
24120,1,5.211442786069652%
24121,1,5.21537249699432%
24122,0,5.215156288864937%
24123,0,5.214940098661029%
24124,0,5.214723926380368%
24125,0,5.214507772020725%
24126,0,5.2142916355798725%
24127,0,5.214075517055581%
24128,0,5.213859416445624%
24129,0,5.213643333747772%
24130,0,5.213427268959801%
24131,0,5.213211222079483%
24132,0,5.212995193104591%
24133,0,5.212779182032901%
24134,0,5.212563188862187%
24135,0,5.212347213590221%
24136,0,5.212131256214783%
24137,0,5.211915316733645%
24138,0,5.211699395144585%
24139,0,5.211483491445379%
24140,0,5.211267605633803%
24141,0,5.211051737707635%
24142,0,5.210835887664651%
24143,0,5.2106200555026305%
24144,0,5.210404241219351%
24145,0,5.210188444812591%
24146,0,5.209972666280129%
24147,0,5.209756905619746%
24148,0,5.20954116282922%
24149,0,5.209325437906331%
24150,0,5.209109730848861%
24151,0,5.20889404165459%
24152,0,5.208678370321299%
24153,0,5.2084627168467685%
24154,0,5.208247081228782%
24155,0,5.208031463465121%
24156,0,5.207815863553568%
24157,0,5.207600281491907%
24158,0,5.20738471727792%
24159,0,5.207169170909392%
24160,0,5.206953642384106%
24161,0,5.206738131699847%
24162,0,5.206522638854399%
24163,0,5.206307163845549%
24164,0,5.206091706671081%
24165,0,5.205876267328781%
24166,0,5.205660845816436%
24167,0,5.205445442131833%
24168,0,5.205230056272757%
24169,0,5.205014688236998%
24170,0,5.204799338022341%
24171,0,5.204584005626577%
24172,0,5.204368691047493%
24173,0,5.204153394282877%
24174,0,5.20393811533052%
24175,0,5.203722854188211%
24176,0,5.203507610853739%
24177,0,5.203292385324895%
24178,0,5.203077177599471%
24179,0,5.202861987675255%
24180,0,5.202646815550041%
24181,0,5.20243166122162%
24182,0,5.202216524687784%
24183,0,5.2020014059463255%
24184,0,5.201786304995038%
24185,0,5.201571221831714%
24186,0,5.201356156454147%
24187,0,5.201141108860131%
24188,0,5.200926079047462%
24189,0,5.200711067013932%
24190,0,5.200496072757338%
24191,0,5.200281096275474%
24192,0,5.200066137566138%
24193,0,5.199851196627123%
24194,0,5.199636273456229%
24195,0,5.199421368051251%
24196,0,5.199206480409986%
24197,0,5.198991610530231%
24198,0,5.198776758409786%
24199,0,5.198561924046449%
24200,0,5.198347107438017%
24201,0,5.19813230858229%
24202,0,5.197917527477068%
24203,0,5.197702764120151%
24204,0,5.197488018509337%
24205,0,5.197273290642429%
24206,0,5.1970585805172265%
24207,0,5.196843888131532%
24208,0,5.196629213483146%
24209,0,5.196414556569871%
24210,0,5.196199917389508%
24211,0,5.195985295939862%
24212,0,5.195770692218734%
24213,0,5.195556106223929%
24214,0,5.19534153795325%
24215,0,5.195126987404501%
24216,0,5.194912454575487%
24217,0,5.194697939464013%
24218,0,5.194483442067884%
24219,0,5.194268962384904%
24220,0,5.194054500412882%
24221,0,5.193840056149622%
24222,0,5.193625629592932%
24223,0,5.193411220740619%
24224,0,5.193196829590488%
24225,0,5.192982456140351%
24226,0,5.192768100388013%
24227,0,5.192553762331284%
24228,0,5.192339441967971%
24229,0,5.192125139295885%
24230,0,5.191910854312836%
24231,0,5.191696587016632%
24232,0,5.191482337405084%
24233,0,5.191268105476004%
24234,0,5.1910538912272015%
24235,0,5.190839694656488%
24236,0,5.190625515761677%
24237,0,5.190411354540578%
24238,0,5.1901972109910055%
24239,0,5.1899830851107716%
24240,0,5.18976897689769%
24241,0,5.1895548863495735%
24242,0,5.189340813464235%
24243,0,5.1891267582394915%
24244,0,5.188912720673156%
24245,0,5.188698700763044%
24246,0,5.18848469850697%
24247,0,5.188270713902751%
24248,0,5.1880567469482015%
24249,0,5.1878427976411405%
24250,0,5.187628865979382%
24251,0,5.187414951960744%
24252,0,5.187201055583045%
24253,0,5.186987176844101%
24254,0,5.186773315741734%
24255,0,5.186559472273758%
24256,0,5.186345646437995%
24257,0,5.186131838232263%
24258,0,5.185918047654383%
24259,0,5.185704274702172%
24260,0,5.185490519373454%
24261,0,5.185276781666048%
24262,0,5.185063061577775%
24263,0,5.184849359106458%
24264,0,5.184635674249917%
24265,0,5.184422007005976%
24266,0,5.184208357372455%
24267,0,5.183994725347179%
24268,0,5.183781110927971%
24269,0,5.183567514112654%
24270,0,5.183353934899052%
24271,0,5.18314037328499%
24272,0,5.182926829268292%
24273,0,5.182713302846785%
24274,0,5.182499794018291%
24275,0,5.182286302780638%
24276,0,5.182072829131653%
24277,0,5.18185937306916%
24278,0,5.181645934590988%
24279,0,5.181432513694963%
24280,0,5.181219110378913%
24281,0,5.1810057246406656%
24282,0,5.18079235647805%
24283,0,5.180579005888894%
24284,0,5.180365672871027%
24285,0,5.180152357422277%
24286,0,5.179939059540476%
24287,0,5.179725779223452%
24288,0,5.179512516469038%
24289,0,5.179299271275062%
24290,0,5.179086043639358%
24291,0,5.178872833559755%
24292,0,5.178659641034086%
24293,0,5.178446466060182%
24294,0,5.178233308635877%
24295,0,5.178020168759004%
24296,0,5.177807046427396%
24297,0,5.177593941638885%
24298,0,5.177380854391308%
24299,0,5.1771677846824975%
24300,0,5.176954732510288%
24301,0,5.176741697872515%
24302,0,5.1765286807670154%
24303,0,5.176315681191623%
24304,0,5.176102699144174%
24305,0,5.175889734622506%
24306,0,5.175676787624455%
24307,0,5.175463858147858%
24308,0,5.1752509461905545%
24309,0,5.175038051750381%
24310,0,5.174825174825175%
24311,0,5.1746123154127766%
24312,0,5.1743994735110235%
24313,0,5.174186649117756%
24314,0,5.173973842230813%
24315,0,5.173761052848036%
24316,0,5.173548280967264%
24317,0,5.173335526586339%
24318,0,5.1731227897031005%
24319,0,5.172910070315391%
24320,0,5.172697368421052%
24321,0,5.1724846840179275%
24322,0,5.1722720171038565%
24323,1,5.176170702627143%
24324,0,5.175957901660911%
24325,0,5.175745118191162%
24326,0,5.175532352215736%
24327,0,5.175319603732478%
24328,0,5.175106872739231%
24329,0,5.174894159233836%
24330,0,5.174681463214139%
24331,0,5.174468784677983%
24332,0,5.174256123623213%
24333,0,5.174043480047672%
24334,0,5.173830853949206%
24335,0,5.173618245325662%
24336,0,5.173405654174885%
24337,0,5.17319308049472%
24338,0,5.172980524283014%
24339,0,5.1727679855376145%
24340,0,5.1725554642563685%
24341,0,5.172342960437123%
24342,0,5.172130474077726%
24343,0,5.171918005176026%
24344,0,5.171705553729872%
24345,0,5.171493119737113%
24346,0,5.171280703195596%
24347,0,5.171068304103175%
24348,0,5.170855922457697%
24349,0,5.170643558257012%
24350,0,5.170431211498974%
24351,0,5.17021888218143%
24352,0,5.170006570302234%
24353,0,5.169794275859237%
24354,0,5.169581998850291%
24355,0,5.169369739273249%
24356,0,5.169157497125965%
24357,0,5.168945272406289%
24358,0,5.168733065112078%
24359,0,5.1685208752411835%
24360,0,5.168308702791461%
24361,0,5.168096547760765%
24362,0,5.16788441014695%
24363,0,5.1676722899478715%
24364,0,5.167460187161386%
24365,0,5.167248101785347%
24366,0,5.167036033817615%
24367,0,5.166823983256043%
24368,0,5.166611950098489%
24369,0,5.166399934342813%
24370,0,5.166187935986869%
24371,0,5.165975955028518%
24372,0,5.165763991465616%
24373,0,5.165552045296025%
24374,0,5.1653401165176005%
24375,0,5.165128205128205%
24376,0,5.1649163111256975%
24377,0,5.164704434507938%
24378,0,5.164492575272787%
24379,0,5.164280733418106%
24380,0,5.164068908941755%
24381,0,5.1638571018415975%
24382,0,5.163645312115495%
24383,0,5.163433539761309%
24384,0,5.163221784776903%
24385,0,5.16301004716014%
24386,0,5.162798326908883%
24387,0,5.162586624020995%
24388,0,5.162374938494342%
24389,0,5.162163270326787%
24390,0,5.161951619516195%
24391,0,5.161739986060432%
24392,1,5.165628074778616%
24393,1,5.169515844709547%
24394,1,5.173403295892433%
24395,1,5.177290428366469%
24396,1,5.181177242170848%
24397,0,5.180964872730254%
24398,0,5.180752520698418%
24399,0,5.1805401860732%
24400,0,5.180327868852459%
24401,0,5.180115569034056%
24402,0,5.179903286615851%
24403,0,5.179691021595705%
24404,0,5.17947877397148%
24405,0,5.179266543741036%
24406,0,5.179054330902237%
24407,0,5.178842135452944%
24408,0,5.178629957391019%
24409,0,5.178417796714327%
24410,0,5.178205653420729%
24411,0,5.177993527508091%
24412,0,5.177781418974274%
24413,0,5.177569327817146%
24414,0,5.17735725403457%
24415,0,5.1771451976244105%
24416,0,5.176933158584535%
24417,0,5.176721136912807%
24418,0,5.1765091326070936%
24419,0,5.176297145665261%
24420,0,5.176085176085176%
24421,0,5.1758732238647065%
24422,0,5.17566128900172%
24423,0,5.175449371494083%
24424,0,5.175237471339666%
24425,0,5.175025588536335%
24426,0,5.174813723081962%
24427,0,5.174601874974413%
24428,0,5.1743900442115605%
24429,0,5.174178230791273%
24430,0,5.173966434711421%
24431,0,5.173754655969874%
24432,0,5.1735428945645054%
24433,0,5.173331150493186%
24434,0,5.173119423753786%
24435,0,5.172907714344179%
24436,0,5.172696022262236%
24437,0,5.172484347505831%
24438,0,5.172272690072837%
24439,0,5.172061049961128%
24440,0,5.171849427168576%
24441,0,5.171637821693056%
24442,0,5.1714262335324435%
24443,0,5.171214662684613%
24444,0,5.171003109147438%
24445,0,5.170791572918797%
24446,0,5.170580053996564%
24447,0,5.170368552378616%
24448,0,5.170157068062827%
24449,0,5.169945601047077%
24450,0,5.169734151329243%
24451,0,5.169522718907202%
24452,0,5.169311303778832%
24453,0,5.169099905942011%
24454,0,5.168888525394618%
24455,0,5.168677162134533%
24456,0,5.1684658161596335%
24457,0,5.1682544874678005%
24458,0,5.168043176056914%
24459,0,5.167831881924854%
24460,0,5.1676206050695015%
24461,0,5.167409345488737%
24462,0,5.167198103180444%
24463,0,5.166986878142501%
24464,0,5.166775670372792%
24465,0,5.166564479869201%
24466,0,5.166353306629609%
24467,0,5.166142150651899%
24468,0,5.165931011933955%
24469,0,5.16571989047366%
24470,0,5.165508786268901%
24471,0,5.165297699317559%
24472,0,5.165086629617522%
24473,0,5.164875577166674%
24474,1,5.168750510746098%
24475,1,5.172625127681307%
24476,1,5.176499428011113%
24477,0,5.176287943783961%
24478,1,5.180161777923033%
24479,1,5.184035295559459%
24480,0,5.183823529411765%
24481,0,5.18361178056452%
24482,0,5.183400049015603%
24483,0,5.183188334762897%
24484,0,5.1829766378042805%
24485,0,5.182764958137636%
24486,0,5.182553295760843%
24487,0,5.182341650671785%
24488,0,5.182130022868344%
24489,0,5.181918412348401%
24490,0,5.1817068191098405%
24491,0,5.181495243150545%
24492,0,5.181283684468398%
24493,0,5.181072143061282%
24494,0,5.180860618927084%
24495,0,5.180649112063686%
24496,0,5.1804376224689745%
24497,0,5.180226150140833%
24498,0,5.1800146950771495%
24499,0,5.1798032572758075%
24500,0,5.179591836734694%
24501,0,5.179380433451696%
24502,0,5.1791690474247%
24503,0,5.178957678651594%
24504,0,5.1787463271302645%
24505,0,5.1785349928586%
24506,0,5.1783236758344895%
24507,0,5.178112376055821%
24508,0,5.177901093520483%
24509,0,5.177689828226366%
24510,0,5.177478580171359%
24511,0,5.177267349353352%
24512,0,5.1770561357702345%
24513,0,5.176844939419899%
24514,0,5.176633760300237%
24515,0,5.176422598409138%
24516,0,5.176211453744493%
24517,0,5.176000326304197%
24518,0,5.175789216086141%
24519,0,5.175578123088218%
24520,0,5.1753670473083195%
24521,0,5.175155988744342%
24522,0,5.174944947394176%
24523,0,5.174733923255719%
24524,0,5.174522916326863%
24525,0,5.174311926605505%
24526,0,5.174100954089537%
24527,0,5.173889998776858%
24528,0,5.173679060665362%
24529,0,5.173468139752946%
24530,0,5.1732572360375055%
24531,0,5.173046349516937%
24532,0,5.17283548018914%
24533,0,5.172624628052012%
24534,0,5.172413793103448%
24535,0,5.172202975341349%
24536,0,5.171992174763613%
24537,0,5.171781391368138%
24538,0,5.171570625152825%
24539,0,5.171359876115571%
24540,0,5.1711491442542785%
24541,0,5.1709384295668475%
24542,0,5.170727732051177%
24543,0,5.17051705170517%
24544,0,5.170306388526727%
24545,0,5.17009574251375%
24546,0,5.169885113664141%
24547,0,5.169674501975802%
24548,0,5.169463907446635%
24549,0,5.169253330074545%
24550,0,5.169042769857434%
24551,0,5.168832226793206%
24552,0,5.168621700879766%
24553,0,5.168411192115017%
24554,0,5.168200700496864%
24555,0,5.167990226023213%
24556,0,5.167779768691969%
24557,0,5.167569328501038%
24558,0,5.167358905448326%
24559,0,5.1671484995317405%
24560,0,5.166938110749186%
24561,0,5.166727739098571%
24562,0,5.166517384577803%
24563,0,5.16630704718479%
24564,0,5.16609672691744%
24565,0,5.165886423773661%
24566,0,5.165676137751364%
24567,0,5.165465868848456%
24568,0,5.165255617062845%
24569,0,5.165045382392446%
24570,0,5.164835164835164%
24571,0,5.1646249643889135%
24572,0,5.164414781051604%
24573,0,5.164204614821146%
24574,0,5.163994465695451%
24575,0,5.163784333672431%
24576,0,5.16357421875%
24577,0,5.16336412092607%
24578,0,5.163154040198552%
24579,0,5.162943976565361%
24580,0,5.162733930024411%
24581,0,5.162523900573614%
24582,0,5.162313888210885%
24583,0,5.162103892934142%
24584,0,5.161893914741295%
24585,0,5.161683953630263%
24586,0,5.161474009598959%
24587,0,5.1612640826453005%
24588,0,5.161054172767203%
24589,0,5.160844279962585%
24590,0,5.160634404229362%
24591,0,5.1604245455654505%
24592,0,5.16021470396877%
24593,0,5.160004879437238%
24594,0,5.159795071968773%
24595,0,5.159585281561293%
24596,0,5.159375508212718%
24597,0,5.159165751920966%
24598,0,5.158956012683958%
24599,0,5.158746290499614%
24600,0,5.158536585365853%
24601,0,5.158326897280598%
24602,0,5.158117226241768%
24603,0,5.157907572247287%
24604,0,5.157697935295074%
24605,0,5.157488315383052%
24606,0,5.157278712509144%
24607,0,5.1570691266712725%
24608,0,5.15685955786736%
24609,0,5.156650006095331%
24610,0,5.1564404713531085%
24611,0,5.156230953638617%
24612,0,5.156021452949781%
24613,0,5.155811969284525%
24614,0,5.1556025026407735%
24615,0,5.155393053016454%
24616,0,5.15518362040949%
24617,0,5.154974204817809%
24618,0,5.154764806239337%
24619,0,5.154555424672001%
24620,0,5.1543460601137285%
24621,0,5.154136712562447%
24622,0,5.153927382016083%
24623,0,5.153718068472566%
24624,0,5.1535087719298245%
24625,0,5.153299492385787%
24626,0,5.153090229838382%
24627,0,5.152880984285541%
24628,0,5.152671755725191%
24629,0,5.152462544155264%
24630,0,5.152253349573691%
24631,0,5.152044171978401%
24632,0,5.151835011367327%
24633,0,5.1516258677383995%
24634,0,5.151416741089551%
24635,0,5.151207631418713%
24636,0,5.150998538723819%
24637,0,5.150789463002801%
24638,0,5.150580404253592%
24639,0,5.150371362474127%
24640,0,5.150162337662337%
24641,0,5.14995332981616%
24642,0,5.1497443389335285%
24643,0,5.149535365012377%
24644,0,5.149326408050641%
24645,0,5.149117468046257%
24646,0,5.14890854499716%
24647,0,5.148699638901286%
24648,0,5.148490749756573%
24649,0,5.148281877560955%
24650,0,5.148073022312373%
24651,0,5.147864184008762%
24652,0,5.147655362648061%
24653,0,5.147446558228207%
24654,0,5.14723777074714%
24655,0,5.1470290002027985%
24656,0,5.146820246593122%
24657,0,5.146611509916048%
24658,0,5.146402790169519%
24659,0,5.146194087351475%
24660,0,5.145985401459853%
24661,0,5.1457767324926%
24662,0,5.145568080447652%
24663,0,5.145359445322954%
24664,0,5.145150827116445%
24665,0,5.144942225826069%
24666,0,5.144733641449769%
24667,0,5.144525073985487%
24668,0,5.144316523431166%
24669,0,5.14410798978475%
24670,0,5.143899473044184%
24671,0,5.143690973207409%
24672,0,5.1434824902723735%
24673,0,5.14327402423702%
24674,0,5.143065575099294%
24675,0,5.142857142857142%
24676,0,5.14264872750851%
24677,0,5.142440329051343%
24678,0,5.142231947483589%
24679,0,5.142023582803193%
24680,0,5.141815235008104%
24681,0,5.141606904096268%
24682,0,5.141398590065635%
24683,0,5.1411902929141515%
24684,0,5.140982012639767%
24685,0,5.140773749240429%
24686,0,5.140565502714089%
24687,0,5.140357273058695%
24688,0,5.140149060272197%
24689,0,5.139940864352545%
24690,0,5.139732685297691%
24691,0,5.139524523105584%
24692,0,5.139316377774178%
24693,0,5.1391082493014215%
24694,0,5.138900137685268%
24695,0,5.138692042923669%
24696,0,5.1384839650145775%
24697,0,5.138275903955946%
24698,0,5.138067859745728%
24699,0,5.137859832381878%
24700,0,5.137651821862348%
24701,0,5.137443828185094%
24702,0,5.137235851348069%
24703,0,5.137027891349229%
24704,0,5.136819948186528%
24705,0,5.136612021857923%
24706,0,5.13640411236137%
24707,0,5.136196219694823%
24708,0,5.1359883438562415%
24709,0,5.135780484843579%
24710,0,5.135572642654795%
24711,0,5.135364817287848%
24712,0,5.135157008740693%
24713,0,5.13494921701129%
24714,0,5.134741442097597%
24715,0,5.134533683997573%
24716,0,5.134325942709176%
24717,0,5.134118218230368%
24718,0,5.133910510559106%
24719,0,5.133702819693353%
24720,0,5.133495145631068%
24721,0,5.133287488370212%
24722,0,5.133079847908745%
24723,0,5.132872224244631%
24724,0,5.132664617375829%
24725,0,5.132457027300304%
24726,0,5.132249454016016%
24727,0,5.132041897520929%
24728,0,5.1318343578130055%
24729,0,5.13162683489021%
24730,0,5.131419328750505%
24731,0,5.131211839391856%
24732,0,5.131004366812228%
24733,0,5.130796911009583%
24734,0,5.130589471981888%
24735,0,5.130382049727107%
24736,0,5.130174644243208%
24737,0,5.129967255528156%
24738,0,5.129759883579918%
24739,0,5.129552528396459%
24740,0,5.129345189975748%
24741,0,5.129137868315752%
24742,0,5.128930563414437%
24743,0,5.128723275269773%
24744,0,5.128516003879728%
24745,0,5.128308749242271%
24746,0,5.1281015113553705%
24747,0,5.127894290216996%
24748,1,5.131727816389203%
24749,1,5.135561032769001%
24750,1,5.13939393939394%
24751,0,5.139186295503212%
24752,0,5.138978668390433%
24753,0,5.138771058053569%
24754,0,5.138563464490587%
24755,0,5.138355887699455%
24756,0,5.138148327678139%
24757,0,5.137940784424607%
24758,0,5.137733257936829%
24759,0,5.137525748212771%
24760,0,5.1373182552504035%
24761,0,5.137110779047696%
24762,0,5.136903319602617%
24763,1,5.1407341598352385%
24764,1,5.14456469068002%
24765,0,5.1443569553805775%
24766,1,5.1481870306064765%
24767,1,5.152016796543788%
24768,1,5.155846253229974%
24769,0,5.155638096007106%
24770,0,5.155429955591441%
24771,1,5.159258810706067%
24772,1,5.16308735669304%
24773,1,5.1669155935897955%
24774,1,5.170743521433761%
24775,1,5.174571140262361%
24776,1,5.178398450113013%
24777,1,5.182225451023126%
24778,1,5.186052143030107%
24779,1,5.189878526171355%
24780,0,5.189669087974172%
24781,0,5.189459666680118%
24782,0,5.189250262287144%
24783,0,5.189040874793205%
24784,0,5.188831504196256%
24785,0,5.1886221504942505%
24786,0,5.188412813685145%
24787,0,5.188203493766894%
24788,0,5.187994190737453%
24789,0,5.18778490459478%
24790,0,5.187575635336829%
24791,0,5.187366382961558%
24792,0,5.187157147466925%
24793,1,5.190981325374098%
24794,0,5.190771960958297%
24795,1,5.194595684613834%
24796,1,5.198419099854815%
24797,1,5.202242206718555%
24798,1,5.206065005242358%
24799,1,5.209887495463527%
24800,1,5.213709677419355%
24801,1,5.217531551147131%
24802,1,5.2213531166841385%
24803,1,5.225174374067653%
24804,0,5.2249637155297535%
24805,1,5.228784519250151%
24806,1,5.232605014915746%
24807,1,5.236425202563792%
24808,0,5.236214124475976%
24809,1,5.2400338586803175%
24810,1,5.2438532849657395%
24811,0,5.243641933013583%
24812,0,5.243430598097695%
24813,0,5.243219280216016%
24814,0,5.243007979366487%
24815,0,5.242796695547048%
24816,0,5.242585428755642%
24817,0,5.242374178990208%
24818,0,5.2421629462486905%
24819,0,5.2419517305290295%
24820,0,5.24174053182917%
24821,0,5.241529350147053%
24822,0,5.241318185480623%
24823,0,5.241107037827821%
24824,0,5.2408959071865935%
24825,0,5.240684793554884%
24826,0,5.240473696930637%
24827,0,5.240262617311798%
24828,0,5.2400515546963105%
24829,0,5.239840509082121%
24830,0,5.239629480467177%
24831,0,5.239418468849422%
24832,0,5.239207474226804%
24833,0,5.238996496597269%
24834,0,5.238785535958766%
24835,0,5.2385745923092415%
24836,0,5.238363665646642%
24837,0,5.238152755968917%
24838,0,5.237941863274016%
24839,0,5.237730987559885%
24840,0,5.237520128824476%
24841,0,5.237309287065738%
24842,0,5.23709846228162%
24843,0,5.236887654470072%
24844,0,5.236676863629045%
24845,0,5.23646608975649%
24846,0,5.236255332850359%
24847,0,5.236044592908601%
24848,0,5.235833869929169%
24849,0,5.235623163910017%
24850,0,5.2354124748490944%
24851,0,5.235201802744356%
24852,0,5.234991147593755%
24853,0,5.234780509395244%
24854,0,5.234569888146777%
24855,0,5.234359283846309%
24856,0,5.234148696491793%
24857,0,5.233938126081184%
24858,0,5.233727572612438%
24859,0,5.233517036083511%
24860,0,5.233306516492357%
24861,0,5.233096013836933%
24862,0,5.232885528115196%
24863,0,5.232675059325102%
24864,0,5.232464607464608%
24865,0,5.232254172531671%
24866,0,5.23204375452425%
24867,0,5.231833353440303%
24868,0,5.231622969277787%
24869,0,5.231412602034662%
24870,0,5.231202251708886%
24871,0,5.23099191829842%
24872,0,5.2307816018012225%
24873,0,5.230571302215253%
24874,0,5.230361019538473%
24875,0,5.230150753768844%
24876,0,5.2299405049043255%
24877,0,5.229730272942879%
24878,0,5.229520057882466%
24879,0,5.22930985972105%
24880,0,5.229099678456592%
24881,0,5.228889514087054%
24882,0,5.228679366610401%
24883,0,5.228469236024595%
24884,0,5.2282591223276%
24885,0,5.22804902551738%
24886,0,5.227838945591899%
24887,0,5.227628882549122%
24888,0,5.227418836387014%
24889,0,5.22720880710354%
24890,0,5.226998794696666%
24891,0,5.226788799164357%
24892,0,5.22657882050458%
24893,0,5.226368858715301%
24894,0,5.226158913794489%
24895,0,5.225948985740109%
24896,0,5.225739074550129%
24897,0,5.225529180222517%
24898,0,5.225319302755241%
24899,0,5.225109442146271%
24900,0,5.224899598393574%
24901,0,5.224689771495121%
24902,0,5.224479961448879%
24903,0,5.224270168252821%
24904,0,5.2240603919049144%
24905,0,5.223850632403132%
24906,0,5.223640889745443%
24907,0,5.223431163929819%
24908,0,5.223221454954231%
24909,0,5.223011762816652%
24910,0,5.2228020875150545%
24911,0,5.222592429047409%
24912,0,5.222382787411689%
24913,0,5.222173162605868%
24914,0,5.22196355462792%
24915,0,5.221753963475818%
24916,0,5.221544389147536%
24917,0,5.221334831641048%
24918,0,5.22112529095433%
24919,0,5.220915767085357%
24920,0,5.220706260032102%
24921,0,5.220496769792544%
24922,0,5.220287296364658%
24923,0,5.220077839746419%
24924,0,5.219868399935805%
24925,0,5.219658976930792%
24926,0,5.219449570729359%
24927,0,5.219240181329482%
24928,0,5.21903080872914%
24929,0,5.218821452926311%
24930,0,5.218612113918973%
24931,0,5.218402791705106%
24932,0,5.218193486282689%
24933,0,5.2179841976497014%
24934,0,5.217774925804123%
24935,0,5.217565670743935%
24936,0,5.217356432467116%
24937,0,5.217147210971648%
24938,0,5.216938006255513%
24939,0,5.216728818316692%
24940,0,5.216519647153168%
24941,0,5.21631049276292%
24942,1,5.220110656723598%
24943,1,5.223910515976426%
24944,1,5.22771007055805%
24945,1,5.231509320505111%
24946,0,5.231299607151447%
24947,0,5.231089910610494%
24948,0,5.230880230880231%
24949,0,5.230670567958636%
24950,0,5.2304609218436875%
24951,0,5.2302512925333655%
24952,0,5.23004168002565%
24953,0,5.229832084318519%
24954,0,5.229622505409955%
24955,0,5.229412943297937%
24956,0,5.229203397980445%
24957,0,5.228993869455464%
24958,0,5.228784357720971%
24959,0,5.228574862774951%
24960,0,5.228365384615385%
24961,0,5.228155923240255%
24962,0,5.227946478647545%
24963,0,5.227737050835237%
24964,0,5.2275276398013135%
24965,0,5.227318245543762%
24966,0,5.227108868060562%
24967,0,5.226899507349701%
24968,0,5.226690163409164%
24969,0,5.2264808362369335%
24970,0,5.226271525830997%
24971,0,5.2260622321893395%
24972,0,5.225852955309947%
24973,0,5.225643695190806%
24974,0,5.225434451829903%
24975,0,5.225225225225225%
24976,0,5.225016015374759%
24977,0,5.224806822276495%
24978,0,5.224597645928418%
24979,0,5.224388486328516%
24980,0,5.22417934347478%
24981,0,5.223970217365197%
24982,0,5.223761107997758%
24983,0,5.223552015370452%
24984,0,5.2233429394812685%
24985,0,5.223133880328197%
24986,0,5.222924837909229%
24987,0,5.222715812222355%
24988,0,5.222506803265568%
24989,0,5.2222978110368565%
24990,0,5.222088835534214%
24991,0,5.221879876755632%
24992,0,5.221670934699104%
24993,0,5.221462009362622%
24994,0,5.221253100744178%
24995,0,5.221044208841769%
24996,0,5.220835333653385%
24997,0,5.2206264751770215%
24998,0,5.220417633410673%
24999,0,5.220208808352334%
25000,0,5.220000000000001%
25001,0,5.2197912083516655%
25002,0,5.219582433405328%
25003,0,5.219373675158981%
25004,0,5.219164933610623%
25005,0,5.218956208758248%
25006,1,5.222746540830201%
25007,0,5.2225376894469555%
25008,0,5.222328854766475%
25009,1,5.22611859730497%
25010,0,5.225909636145542%
25011,0,5.225700691695654%
25012,0,5.225491763953302%
25013,0,5.225282852916483%
25014,0,5.225073958583193%
25015,0,5.224865080951429%
25016,0,5.224656220019188%
25017,0,5.224447375784467%
25018,0,5.224238548245264%
25019,0,5.224029737399576%
25020,0,5.2238209432454035%
25021,0,5.223612165780745%
25022,0,5.223403405003597%
25023,0,5.223194660911961%
25024,0,5.222985933503836%
25025,0,5.222777222777223%
25026,0,5.22256852873012%
25027,0,5.2223598513605305%
25028,0,5.2221511906664535%
25029,0,5.221942546645891%
25030,0,5.221733919296844%
25031,0,5.221525308617315%
25032,0,5.2213167146053046%
25033,0,5.221108137258819%
25034,0,5.220899576575857%
25035,0,5.220691032554424%
25036,0,5.220482505192522%
25037,0,5.220273994488157%
25038,0,5.220065500439333%
25039,0,5.219857023044051%
25040,1,5.223642172523961%
25041,1,5.227427019687712%
25042,0,5.2272182733008545%
25043,0,5.227009543585034%
25044,0,5.226800830538253%
25045,0,5.226592134158515%
25046,0,5.226383454443823%
25047,0,5.226174791392182%
25048,0,5.225966145001597%
25049,0,5.225757515270071%
25050,0,5.225548902195609%
25051,0,5.225340305776217%
25052,0,5.2251317260098995%
25053,0,5.2249231628946635%
25054,0,5.224714616428514%
25055,0,5.224506086609459%
25056,0,5.224297573435504%
25057,0,5.224089076904657%
25058,0,5.223880597014925%
25059,0,5.223672133764317%
25060,0,5.223463687150838%
25061,0,5.223255257172498%
25062,0,5.223046843827308%
25063,0,5.222838447113275%
25064,0,5.222630067028407%
25065,0,5.222421703570716%
25066,0,5.222213356738211%
25067,0,5.222005026528902%
25068,0,5.221796712940801%
25069,0,5.221588415971917%
25070,0,5.221380135620263%
25071,0,5.22117187188385%
25072,0,5.220963624760689%
25073,0,5.220755394248794%
25074,0,5.220547180346175%
25075,0,5.220338983050848%
25076,0,5.220130802360822%
25077,0,5.219922638274116%
25078,0,5.219714490788739%
25079,0,5.219506359902708%
25080,0,5.219298245614035%
25081,0,5.2190901479207366%
25082,0,5.218882066820828%
25083,0,5.218674002312323%
25084,0,5.218465954393238%
25085,0,5.218257923061591%
25086,0,5.218049908315395%
25087,0,5.217841910152669%
25088,0,5.217633928571429%
25089,0,5.217425963569692%
25090,0,5.217218015145477%
25091,0,5.2170100832968%
25092,0,5.2168021680216805%
25093,0,5.216594269318136%
25094,0,5.216386387184188%
25095,0,5.216178521617852%
25096,0,5.21597067261715%
25097,0,5.215762840180101%
25098,0,5.2155550243047255%
25099,0,5.215347224989044%
25100,0,5.2151394422310755%
25101,0,5.2149316760288436%
25102,0,5.214723926380368%
25103,0,5.214516193283671%
25104,0,5.214308476736775%
25105,0,5.214100776737702%
25106,0,5.213893093284474%
25107,0,5.213685426375115%
25108,1,5.217460570336148%
25109,0,5.217252777888406%
25110,0,5.217045001991238%
25111,0,5.216837242642666%
25112,0,5.216629499840714%
25113,0,5.216421773583403%
25114,0,5.216214063868758%
25115,0,5.216006370694804%
25116,0,5.215798694059564%
25117,0,5.215591033961062%
25118,0,5.215383390397324%
25119,0,5.215175763366376%
25120,0,5.214968152866242%
25121,0,5.214760558894948%
25122,0,5.214552981450522%
25123,0,5.214345420530988%
25124,0,5.214137876134373%
25125,0,5.213930348258707%
25126,0,5.213722836902014%
25127,0,5.2135153420623235%
25128,0,5.213307863737663%
25129,0,5.213100401926061%
25130,0,5.212892956625547%
25131,0,5.212685527834148%
25132,0,5.212478115549897%
25133,0,5.212270719770819%
25134,1,5.216042014800668%
25135,1,5.219813009747364%
25136,1,5.223583704646722%
25137,1,5.22735409953455%
25138,0,5.227146153234147%
25139,0,5.2269382234774655%
25140,0,5.22673031026253%
25141,0,5.226522413587367%
25142,0,5.2263145334500045%
25143,0,5.226106669848467%
25144,0,5.225898822780783%
25145,0,5.22569099224498%
25146,0,5.225483178239084%
25147,0,5.225275380761125%
25148,0,5.22506759980913%
25149,0,5.224859835381128%
25150,0,5.224652087475149%
25151,0,5.224444356089221%
25152,0,5.224236641221374%
25153,0,5.224028942869638%
25154,0,5.223821261032042%
25155,0,5.2236135957066185%
25156,0,5.223405946891398%
25157,0,5.22319831458441%
25158,0,5.222990698783687%
25159,0,5.222783099487261%
25160,0,5.222575516693164%
25161,0,5.222367950399428%
25162,0,5.222160400604086%
25163,0,5.221952867305171%
25164,0,5.221745350500715%
25165,0,5.221537850188755%
25166,0,5.2213303663673205%
25167,0,5.22112289903445%
25168,0,5.220915448188176%
25169,0,5.220708013826533%
25170,0,5.2205005959475566%
25171,0,5.220293194549283%
25172,0,5.220085809629747%
25173,0,5.219878441186986%
25174,0,5.219671089219036%
25175,0,5.219463753723932%
25176,0,5.219256434699714%
25177,0,5.219049132144417%
25178,0,5.218841846056081%
25179,0,5.218634576432741%
25180,0,5.218427323272438%
25181,0,5.2182200865732105%
25182,0,5.218012866333095%
25183,0,5.217805662550133%
25184,0,5.217598475222363%
25185,0,5.217391304347826%
25186,0,5.217184149924561%
25187,0,5.216977011950609%
25188,0,5.216769890424011%
25189,0,5.216562785342808%
25190,0,5.216355696705042%
25191,0,5.216148624508754%
25192,0,5.215941568751985%
25193,0,5.215734529432779%
25194,0,5.215527506549178%
25195,0,5.215320500099226%
25196,0,5.215113510080966%
25197,0,5.21490653649244%
25198,0,5.214699579331692%
25199,0,5.21449263859677%
25200,0,5.214285714285714%
25201,0,5.2140788063965715%
25202,0,5.213871914927386%
25203,0,5.213665039876205%
25204,0,5.213458181241073%
25205,1,5.217218805792501%
25206,1,5.22097913195271%
25207,1,5.22473915975721%
25208,1,5.228498889241511%
25209,0,5.228291483200445%
25210,0,5.228084093613646%
25211,0,5.2278767204791565%
25212,0,5.227669363795019%
25213,0,5.227462023559275%
25214,0,5.227254699769969%
25215,0,5.227047392425144%
25216,0,5.226840101522843%
25217,0,5.22663282706111%
25218,0,5.226425569037989%
25219,0,5.226218327451525%
25220,0,5.226011102299762%
25221,0,5.225803893580746%
25222,0,5.225596701292522%
25223,0,5.225389525433136%
25224,0,5.2251823660006345%
25225,0,5.224975222993063%
25226,0,5.224768096408468%
25227,0,5.224560986244897%
25228,0,5.224353892500396%
25229,0,5.224146815173015%
25230,0,5.223939754260801%
25231,0,5.223732709761801%
25232,0,5.223525681674065%
25233,0,5.22331866999564%
25234,0,5.223111674724578%
25235,0,5.222904695858926%
25236,0,5.222697733396735%
25237,0,5.222490787336055%
25238,0,5.222283857674935%
25239,0,5.222076944411427%
25240,0,5.2218700475435815%
25241,0,5.22166316706945%
25242,0,5.221456302987085%
25243,0,5.2212494552945365%
25244,0,5.2210426239898595%
25245,0,5.220835809071104%
25246,0,5.220629010536323%
25247,0,5.220422228383571%
25248,0,5.2202154626109%
25249,0,5.220008713216365%
25250,0,5.21980198019802%
25251,0,5.219595263553919%
25252,0,5.219388563282116%
25253,0,5.219181879380668%
25254,0,5.218975211847629%
25255,0,5.2187685606810525%
25256,0,5.2185619258789995%
25257,0,5.218355307439522%
25258,0,5.218148705360678%
25259,0,5.217942119640524%
25260,0,5.217735550277118%
25261,0,5.217528997268516%
25262,0,5.217322460612778%
25263,0,5.21711594030796%
25264,0,5.216909436352122%
25265,0,5.216702948743321%
25266,0,5.216496477479617%
25267,0,5.216290022559069%
25268,0,5.216083583979738%
25269,0,5.215877161739681%
25270,0,5.215670755836961%
25271,0,5.215464366269637%
25272,0,5.21525799303577%
25273,0,5.215051636133423%
25274,0,5.2148452955606555%
25275,0,5.214638971315529%
25276,0,5.2144326633961064%
25277,0,5.214226371800451%
25278,0,5.214020096526624%
25279,0,5.213813837572689%
25280,0,5.213607594936709%
25281,0,5.213401368616748%
25282,0,5.213195158610869%
25283,0,5.212988964917138%
25284,0,5.212782787533618%
25285,0,5.212576626458374%
25286,0,5.212370481689472%
25287,0,5.212164353224978%
25288,0,5.211958241062955%
25289,0,5.211752145201471%
25290,0,5.211546065638592%
25291,0,5.211340002372386%
25292,0,5.211133955400917%
25293,0,5.210927924722255%
25294,0,5.210721910334467%
25295,0,5.21051591223562%
25296,0,5.210309930423782%
25297,0,5.210103964897024%
25298,0,5.209898015653412%
25299,1,5.213644808095181%
25300,1,5.217391304347826%
25301,0,5.21718509149836%
25302,0,5.216978894949016%
25303,0,5.216772714697862%
25304,0,5.216566550742965%
25305,0,5.216360403082395%
25306,0,5.216154271714218%
25307,0,5.215948156636504%
25308,0,5.215742057847321%
25309,0,5.215535975344739%
25310,0,5.215329909126827%
25311,0,5.215123859191656%
25312,0,5.214917825537294%
25313,0,5.214711808161814%
25314,0,5.2145058070632855%
25315,0,5.214299822239779%
25316,0,5.214093853689366%
25317,0,5.21388790141012%
25318,0,5.21368196540011%
25319,0,5.213476045657411%
25320,0,5.213270142180095%
25321,0,5.213064254966233%
25322,0,5.2128583840139004%
25323,0,5.21265252932117%
25324,0,5.212446690886116%
25325,0,5.212240868706811%
25326,0,5.212035062781331%
25327,0,5.2118292731077505%
25328,0,5.211623499684144%
25329,0,5.211417742508587%
25330,0,5.211212001579155%
25331,0,5.211006276893924%
25332,0,5.2108005684509715%
25333,0,5.210594876248371%
25334,0,5.210389200284203%
25335,0,5.210183540556542%
25336,0,5.209977897063467%
25337,0,5.209772269803055%
25338,0,5.209566658773384%
25339,0,5.2093610639725325%
25340,0,5.209155485398579%
25341,0,5.2089499230496035%
25342,0,5.208744376923684%
25343,0,5.208538847018901%
25344,0,5.208333333333334%
25345,0,5.208127835865063%
25346,0,5.207922354612168%
25347,1,5.2116621296405885%
25348,0,5.2114565251696385%
25349,1,5.215195865714624%
25350,0,5.214990138067061%
25351,1,5.218729044219163%
25352,0,5.218523193436416%
25353,0,5.218317358892439%
25354,0,5.218111540585312%
25355,0,5.217905738513114%
25356,0,5.217699952673923%
25357,0,5.21749418306582%
25358,0,5.217288429686883%
25359,0,5.217082692535194%
25360,0,5.2168769716088335%
25361,0,5.2166712669058795%
25362,0,5.2164655784244145%
25363,0,5.21625990616252%
25364,0,5.216054250118278%
25365,0,5.215848610289769%
25366,0,5.215642986675077%
25367,0,5.215437379272283%
25368,0,5.21523178807947%
25369,0,5.215026213094722%
25370,0,5.214820654316121%
25371,0,5.214615111741752%
25372,0,5.214409585369699%
25373,0,5.214204075198045%
25374,0,5.213998581224876%
25375,0,5.213793103448276%
25376,0,5.21358764186633%
25377,0,5.213382196477125%
25378,0,5.213176767278745%
25379,0,5.212971354269278%
25380,0,5.212765957446808%
25381,0,5.212560576809425%
25382,0,5.212355212355212%
25383,0,5.21214986408226%
25384,0,5.211944531988654%
25385,0,5.211739216072483%
25386,0,5.211533916331836%
25387,0,5.2113286327648005%
25388,0,5.211123365369466%
25389,0,5.2109181141439205%
25390,0,5.2107128790862545%
25391,0,5.210507660194557%
25392,0,5.210302457466918%
25393,0,5.2100972709014295%
25394,0,5.20989210049618%
25395,0,5.209686946249262%
25396,0,5.209481808158765%
25397,0,5.209276686222783%
25398,0,5.209071580439405%
25399,0,5.208866490806725%
25400,0,5.208661417322834%
25401,0,5.208456359985828%
25402,0,5.208251318793796%
25403,0,5.208046293744833%
25404,1,5.211777672807432%
25405,0,5.2115725250934855%
25406,0,5.211367393529088%
25407,0,5.211162278112331%
25408,0,5.21095717884131%
25409,0,5.210752095714117%
25410,0,5.210547028728847%
25411,0,5.210341977883594%
25412,0,5.210136943176452%
25413,0,5.209931924605517%
25414,0,5.209726922168883%
25415,0,5.209521935864647%
25416,0,5.2093169656909035%
25417,0,5.2091120116457486%
25418,0,5.20890707372728%
25419,0,5.208702151933593%
25420,0,5.208497246262786%
25421,0,5.208292356712954%
25422,0,5.208087483282196%
25423,0,5.207882625968611%
25424,0,5.207677784770296%
25425,0,5.207472959685349%
25426,0,5.20726815071187%
25427,0,5.207063357847956%
25428,0,5.206858581091709%
25429,0,5.206653820441229%
25430,0,5.2064490758946125%
25431,0,5.206244347449963%
25432,0,5.2060396351053795%
25433,0,5.205834938858963%
25434,0,5.205630258708815%
25435,0,5.205425594653037%
25436,0,5.205220946689731%
25437,0,5.205016314816999%
25438,0,5.204811699032943%
25439,0,5.204607099335665%
25440,0,5.20440251572327%
25441,0,5.20419794819386%
25442,0,5.203993396745539%
25443,0,5.20378886137641%
25444,0,5.203584342084578%
25445,0,5.2033798388681465%
25446,0,5.203175351725222%
25447,0,5.202970880653908%
25448,0,5.20276642565231%
25449,0,5.2025619867185355%
25450,0,5.202357563850687%
25451,0,5.202153157046874%
25452,0,5.201948766305202%
25453,0,5.201744391623777%
25454,0,5.2015400330007076%
25455,0,5.2013356904340995%
25456,0,5.2011313639220615%
25457,0,5.200927053462702%
25458,0,5.200722759054129%
25459,0,5.20051848069445%
25460,0,5.200314218381775%
25461,0,5.200109972114214%
25462,0,5.199905741889875%
25463,0,5.1997015277068686%
25464,0,5.199497329563306%
25465,0,5.199293147457294%
25466,0,5.199088981386947%
25467,0,5.198884831350375%
25468,0,5.198680697345689%
25469,0,5.198476579371%
25470,0,5.198272477424421%
25471,0,5.198068391504063%
25472,0,5.19786432160804%
25473,0,5.197660267734464%
25474,0,5.197456229881448%
25475,0,5.197252208047105%
25476,0,5.19704820222955%
25477,0,5.196844212426894%
25478,0,5.196640238637255%
25479,0,5.196436280858746%
25480,0,5.196232339089482%
25481,0,5.196028413327578%
25482,0,5.195824503571148%
25483,0,5.19562060981831%
25484,0,5.19541673206718%
25485,0,5.1952128703158715%
25486,0,5.195009024562506%
25487,0,5.194805194805195%
25488,0,5.194601381042059%
25489,0,5.194397583271215%
25490,0,5.194193801490781%
25491,0,5.193990035698874%
25492,0,5.193786285893614%
25493,0,5.193582552073118%
25494,0,5.1933788342355065%
25495,0,5.193175132378898%
25496,0,5.192971446501412%
25497,0,5.192767776601169%
25498,0,5.192564122676288%
25499,0,5.192360484724891%
25500,0,5.192156862745098%
25501,0,5.19195325673503%
25502,0,5.191749666692808%
25503,0,5.191546092616555%
25504,0,5.1913425345043915%
25505,0,5.19113899235444%
25506,0,5.190935466164824%
25507,0,5.190731955933665%
25508,0,5.190528461659087%
25509,0,5.190324983339214%
25510,0,5.190121520972168%
25511,0,5.189918074556074%
25512,0,5.189714644089056%
25513,0,5.18951122956924%
25514,0,5.189307830994748%
25515,0,5.189104448363708%
25516,0,5.188901081674244%
25517,0,5.188697730924482%
25518,0,5.1884943961125485%
25519,0,5.188291077236569%
25520,0,5.188087774294671%
25521,0,5.187884487284981%
25522,0,5.187681216205626%
25523,0,5.187477961054735%
25524,0,5.187274721830434%
25525,0,5.187071498530852%
25526,0,5.186868291154117%
25527,0,5.1866650996983585%
25528,0,5.186461924161705%
25529,0,5.186258764542286%
25530,0,5.186055620838229%
25531,0,5.185852493047668%
25532,0,5.18564938116873%
25533,0,5.1854462851995455%
25534,0,5.1852432051382475%
25535,0,5.185040140982965%
25536,0,5.184837092731829%
25537,0,5.184634060382973%
25538,0,5.184431043934529%
25539,0,5.1842280433846275%
25540,0,5.184025058731401%
25541,0,5.183822089972985%
25542,0,5.1836191371075095%
25543,0,5.183416200133109%
25544,0,5.1832132790479175%
25545,0,5.183010373850069%
25546,0,5.182807484537697%
25547,0,5.182604611108936%
25548,0,5.182401753561923%
25549,0,5.18219891189479%
25550,0,5.181996086105675%
25551,0,5.181793276192713%
25552,0,5.181590482154038%
25553,0,5.18138770398779%
25554,0,5.181184941692103%
25555,0,5.1809821952651145%
25556,0,5.180779464704962%
25557,0,5.180576750009782%
25558,0,5.180374051177713%
25559,0,5.180171368206894%
25560,0,5.179968701095461%
25561,0,5.179766049841556%
25562,0,5.179563414443314%
25563,0,5.179360794898877%
25564,0,5.179158191206383%
25565,0,5.178955603363974%
25566,0,5.178753031369788%
25567,0,5.178550475221966%
25568,0,5.178347934918649%
25569,0,5.178145410457977%
25570,0,5.177942901838092%
25571,0,5.177740409057135%
25572,0,5.177537932113249%
25573,0,5.177335471004575%
25574,0,5.177133025729256%
25575,0,5.176930596285436%
25576,0,5.176728182671255%
25577,0,5.176525784884857%
25578,0,5.176323402924388%
25579,0,5.176121036787991%
25580,0,5.175918686473808%
25581,0,5.175716351979985%
25582,0,5.175514033304667%
25583,0,5.1753117304459995%
25584,0,5.1751094434021265%
25585,0,5.174907172171194%
25586,0,5.174704916751349%
25587,0,5.174502677140735%
25588,0,5.174300453337502%
25589,0,5.174098245339795%
25590,0,5.17389605314576%
25591,0,5.173693876753546%
25592,0,5.1734917161613%
25593,0,5.173289571367171%
25594,0,5.173087442369305%
25595,0,5.172885329165853%
25596,0,5.172683231754962%
25597,0,5.172481150134781%
25598,0,5.172279084303462%
25599,0,5.172077034259151%
25600,0,5.171875%
25601,0,5.171672981524159%
25602,0,5.171470978829779%
25603,0,5.17126899191501%
25604,0,5.171067020778004%
25605,0,5.170865065416911%
25606,0,5.170663125829884%
25607,0,5.1704612020150735%
25608,0,5.170259293970634%
25609,0,5.1700574016947165%
25610,0,5.169855525185475%
25611,0,5.169653664441061%
25612,0,5.169451819459629%
25613,0,5.169249990239331%
25614,0,5.1690481767783245%
25615,0,5.168846379074761%
25616,0,5.168644597126796%
25617,0,5.168442830932584%
25618,0,5.16824108049028%
25619,0,5.168039345798041%
25620,0,5.16783762685402%
25621,0,5.167635923656376%
25622,0,5.167434236203263%
25623,0,5.1672325644928385%
25624,0,5.16703090852326%
25625,0,5.166829268292683%
25626,0,5.166627643799266%
25627,0,5.166426035041168%
25628,0,5.166224442016545%
25629,0,5.166022864723555%
25630,0,5.165821303160359%
25631,0,5.165619757325114%
25632,0,5.16541822721598%
25633,0,5.165216712831116%
25634,0,5.165015214168682%
25635,0,5.164813731226838%
25636,0,5.164612264003745%
25637,0,5.164410812497562%
25638,0,5.164209376706451%
25639,0,5.1640079566285735%
25640,0,5.16380655226209%
25641,0,5.163605163605164%
25642,0,5.163403790655955%
25643,0,5.163202433412628%
25644,0,5.163001091873342%
25645,0,5.162799766036264%
25646,0,5.1625984558995555%
25647,0,5.16239716146138%
25648,0,5.1621958827198995%
25649,0,5.1619946196732815%
25650,0,5.161793372319688%
25651,0,5.161592140657284%
25652,0,5.161390924684235%
25653,0,5.161189724398706%
25654,0,5.160988539798861%
25655,0,5.160787370882868%
25656,0,5.160586217648893%
25657,0,5.160385080095101%
25658,0,5.160183958219658%
25659,0,5.159982852020733%
25660,0,5.159781761496492%
25661,0,5.1595806866451035%
25662,0,5.159379627464734%
25663,0,5.159178583953552%
25664,0,5.1589775561097255%
25665,0,5.158776543931424%
25666,0,5.158575547416816%
25667,0,5.158374566564071%
25668,0,5.158173601371358%
25669,0,5.157972651836846%
25670,0,5.157771717958707%
25671,0,5.15757079973511%
25672,0,5.157369897164226%
25673,0,5.157169010244226%
25674,0,5.15696813897328%
25675,0,5.156767283349562%
25676,0,5.156566443371242%
25677,0,5.1563656190364915%
25678,0,5.156164810343484%
25679,0,5.155964017290393%
25680,0,5.15576323987539%
25681,0,5.155562478096647%
25682,0,5.155361731952341%
25683,0,5.155161001440642%
25684,0,5.154960286559726%
25685,0,5.154759587307767%
25686,0,5.154558903682941%
25687,0,5.15435823568342%
25688,0,5.154157583307381%
25689,0,5.1539569465529995%
25690,0,5.153756325418451%
25691,0,5.153555719901911%
25692,0,5.153355130001557%
25693,0,5.153154555715565%
25694,0,5.152953997042111%
25695,0,5.152753453979374%
25696,0,5.152552926525529%
25697,1,5.15624391952368%
25698,0,5.156043271849949%
25699,1,5.159733841783727%
25700,0,5.1595330739299605%
25701,0,5.159332321699544%
25702,0,5.1591315850906545%
25703,0,5.158930864101467%
25704,0,5.158730158730158%
25705,0,5.1585294689749075%
25706,0,5.15832879483389%
25707,0,5.158128136305287%
25708,0,5.157927493387272%
25709,0,5.157726866078027%
25710,0,5.157526254375729%
25711,0,5.157325658278558%
25712,0,5.157125077784692%
25713,0,5.156924512892312%
25714,0,5.156723963599596%
25715,0,5.156523429904725%
25716,0,5.156322911805879%
25717,0,5.156122409301241%
25718,0,5.1559219223889885%
25719,0,5.155721451067304%
25720,0,5.15552099533437%
25721,0,5.155320555188368%
25722,0,5.155120130627478%
25723,0,5.154919721649885%
25724,0,5.154719328253771%
25725,0,5.154518950437318%
25726,0,5.154318588198709%
25727,1,5.15800520853578%
25728,1,5.161691542288557%
25729,0,5.161490924637569%
25730,1,5.165176836377769%
25731,1,5.168862461622168%
25732,0,5.168661588683351%
25733,0,5.168460731356624%
25734,0,5.168259889640165%
25735,0,5.168059063532154%
25736,0,5.167858253030774%
25737,0,5.167657458134204%
25738,0,5.167456678840625%
25739,0,5.1672559151482185%
25740,0,5.167055167055167%
25741,0,5.166854434559652%
25742,0,5.166653717659855%
25743,0,5.166453016353961%
25744,0,5.166252330640149%
25745,0,5.166051660516605%
25746,0,5.165851005981511%
25747,0,5.165650367033052%
25748,0,5.165449743669411%
25749,0,5.165249135888772%
25750,0,5.165048543689321%
25751,0,5.16484796706924%
25752,0,5.164647406026717%
25753,1,5.168329903312236%
25754,0,5.1681292226450255%
25755,1,5.1718112987769365%
25756,1,5.175493088988974%
25757,1,5.179174593314439%
25758,1,5.18285581178663%
25759,1,5.186536744438837%
25760,0,5.186335403726708%
25761,0,5.186134078646015%
25762,0,5.185932769194938%
25763,0,5.185731475371657%
25764,0,5.1855301971743515%
25765,0,5.185328934601203%
25766,0,5.185127687650392%
25767,0,5.184926456320099%
25768,0,5.184725240608507%
25769,0,5.184524040513796%
25770,0,5.184322856034148%
25771,0,5.184121687167747%
25772,0,5.183920533912773%
25773,0,5.183719396267412%
25774,0,5.183518274229844%
25775,0,5.183317167798254%
25776,0,5.183116076970825%
25777,0,5.182915001745743%
25778,0,5.182713942121189%
25779,0,5.182512898095349%
25780,0,5.1823118696664086%
25781,0,5.182110856832551%
25782,0,5.181909859591963%
25783,0,5.18170887794283%
25784,0,5.1815079118833385%
25785,0,5.181306961411673%
25786,0,5.181106026526021%
25787,0,5.180905107224571%
25788,0,5.180704203505507%
25789,0,5.180503315367017%
25790,0,5.18030244280729%
25791,0,5.180101585824513%
25792,0,5.179900744416874%
25793,0,5.1796999185825605%
25794,0,5.179499108319765%
25795,0,5.179298313626672%
25796,0,5.179097534501473%
25797,0,5.178896770942357%
25798,0,5.178696022947515%
25799,0,5.178495290515136%
25800,0,5.178294573643411%
25801,0,5.178093872330529%
25802,0,5.177893186574685%
25803,0,5.177692516374065%
25804,0,5.177491861726864%
25805,0,5.177291222631273%
25806,0,5.177090599085484%
25807,0,5.176889991087689%
25808,0,5.176689398636082%
25809,0,5.176488821728855%
25810,0,5.1762882603642%
25811,0,5.176087714540312%
25812,0,5.1758871842553855%
25813,0,5.175686669507613%
25814,0,5.175486170295188%
25815,0,5.175285686616308%
25816,0,5.1750852184691665%
25817,0,5.174884765851958%
25818,0,5.174684328762879%
25819,0,5.174483907200124%
25820,0,5.17428350116189%
25821,0,5.1740831106463725%
25822,0,5.17388273565177%
25823,0,5.173682376176277%
25824,0,5.173482032218091%
25825,0,5.1732817037754115%
25826,0,5.173081390846434%
25827,0,5.172881093429357%
25828,0,5.172680811522379%
25829,0,5.172480545123698%
25830,0,5.1722802942315145%
25831,0,5.172080058844024%
25832,0,5.1718798389594305%
25833,0,5.17167963457593%
25834,0,5.171479445691724%
25835,0,5.1712792723050125%
25836,0,5.171079114413996%
25837,0,5.170878972016875%
25838,0,5.17067884511185%
25839,0,5.1704787336971245%
25840,0,5.170278637770897%
25841,0,5.170078557331373%
25842,0,5.169878492376752%
25843,0,5.169678442905235%
25844,0,5.169478408915029%
25845,0,5.169278390404333%
25846,0,5.1690783873713535%
25847,0,5.168878399814291%
25848,0,5.168678427731352%
25849,0,5.168478471120739%
25850,0,5.1682785299806575%
25851,0,5.168078604309311%
25852,0,5.167878694104905%
25853,0,5.167678799365644%
25854,0,5.167478920089734%
25855,0,5.167279056275382%
25856,0,5.167079207920792%
25857,0,5.1668793750241715%
25858,0,5.166679557583727%
25859,0,5.166479755597664%
25860,0,5.166279969064192%
25861,0,5.1660801979815165%
25862,0,5.165880442347846%
25863,0,5.165680702161389%
25864,0,5.165480977420352%
25865,0,5.165281268122946%
25866,1,5.168947653290033%
25867,1,5.172613754977384%
25868,1,5.176279573217876%
25869,0,5.1760794773667325%
25870,0,5.175879396984925%
25871,0,5.175679332070658%
25872,0,5.17547928262214%
25873,0,5.175279248637576%
25874,0,5.175079230115173%
25875,0,5.17487922705314%
25876,0,5.174679239449683%
25877,0,5.17447926730301%
25878,0,5.17427931061133%
25879,0,5.17407936937285%
25880,0,5.173879443585781%
25881,0,5.173679533248329%
25882,0,5.173479638358705%
25883,0,5.173279758915118%
25884,0,5.173079894915778%
25885,0,5.172880046358895%
25886,0,5.172680213242679%
25887,0,5.172480395565342%
25888,0,5.172280593325093%
25889,0,5.172080806520143%
25890,0,5.171881035148706%
25891,0,5.1716812792089915%
25892,0,5.171481538699212%
25893,0,5.17128181361758%
25894,0,5.171082103962308%
25895,0,5.170882409731608%
25896,0,5.170682730923694%
25897,0,5.1704830675367806%
25898,0,5.1702834195690786%
25899,0,5.170083787018804%
25900,0,5.16988416988417%
25901,0,5.169684568163391%
25902,0,5.169484981854683%
25903,0,5.16928541095626%
25904,0,5.169085855466337%
25905,0,5.16888631538313%
25906,0,5.1686867907048555%
25907,0,5.16848728142973%
25908,0,5.168287787555967%
25909,0,5.168088309081787%
25910,0,5.167888846005404%
25911,0,5.167689398325035%
25912,0,5.167489966038901%
25913,0,5.167290549145217%
25914,0,5.167091147642202%
25915,0,5.166891761528072%
25916,0,5.16669239080105%
25917,0,5.166493035459351%
25918,0,5.166293695501196%
25919,0,5.166094370924804%
25920,0,5.165895061728395%
25921,0,5.165695767910189%
25922,0,5.1654964894684054%
25923,0,5.165297226401265%
25924,0,5.1650979787069895%
25925,0,5.164898746383799%
25926,0,5.1646995294299165%
25927,0,5.164500327843561%
25928,0,5.164301141622956%
25929,0,5.164101970766324%
25930,0,5.163902815271886%
25931,0,5.1637036751378655%
25932,0,5.163504550362487%
25933,0,5.1633054409439705%
25934,0,5.163106346880543%
25935,0,5.162907268170426%
25936,0,5.162708204811844%
25937,0,5.162509156803022%
25938,0,5.162310124142185%
25939,0,5.162111106827557%
25940,0,5.161912104857363%
25941,0,5.161713118229829%
25942,0,5.161514146943181%
25943,0,5.161315190995644%
25944,0,5.1611162503854455%
25945,0,5.160917325110812%
25946,0,5.160718415169968%
25947,0,5.160519520561143%
25948,0,5.160320641282565%
25949,0,5.16012177733246%
25950,1,5.163776493256262%
25951,0,5.163577511463913%
25952,1,5.167231812577065%
25953,0,5.167032712981158%
25954,1,5.170686599368112%
25955,1,5.174340204199576%
25956,0,5.174140853752504%
25957,0,5.173941518665486%
25958,0,5.173742198936744%
25959,0,5.1735428945645054%
25960,0,5.173343605546996%
25961,0,5.1731443318824395%
25962,0,5.172945073569062%
25963,0,5.172745830605092%
25964,0,5.172546602988754%
25965,0,5.172347390718275%
25966,0,5.172148193791882%
25967,0,5.1719490122078025%
25968,0,5.171749845964264%
25969,0,5.171550695059493%
25970,0,5.171351559491722%
25971,0,5.171152439259174%
25972,0,5.17095333436008%
25973,0,5.170754244792669%
25974,0,5.17055517055517%
25975,0,5.1703561116458125%
25976,0,5.170157068062827%
25977,0,5.169958039804443%
25978,0,5.169759026868889%
25979,0,5.169560029254398%
25980,0,5.1693610469591995%
25981,0,5.1691620799815245%
25982,0,5.168963128319605%
25983,0,5.168764191971674%
25984,0,5.168565270935961%
25985,0,5.168366365210699%
25986,0,5.16816747479412%
25987,0,5.167968599684458%
25988,0,5.167769739879945%
25989,0,5.167570895378814%
25990,0,5.1673720661793%
25991,0,5.167173252279635%
25992,0,5.166974453678055%
25993,0,5.166775670372792%
25994,0,5.166576902362084%
25995,0,5.166378149644162%
25996,0,5.166179412217264%
25997,0,5.165980690079625%
25998,0,5.165781983229479%
25999,0,5.165583291665064%
26000,0,5.165384615384616%
26001,0,5.16518595438637%
26002,0,5.164987308668564%
26003,0,5.164788678229435%
26004,0,5.16459006306722%
26005,0,5.1643914631801575%
26006,0,5.164192878566485%
26007,0,5.16399430922444%
26008,0,5.163795755152261%
26009,0,5.163597216348187%
26010,0,5.163398692810457%
26011,1,5.167044711852678%
26012,0,5.166846071044134%
26013,1,5.170491677238304%
26014,1,5.174137003152149%
26015,0,5.17393811262733%
26016,1,5.177583025830258%
26017,1,5.181227658838452%
26018,1,5.184872011684219%
26019,1,5.188516084399861%
26020,0,5.1883166794773246%
26021,0,5.18811728988125%
26022,0,5.1879179156098685%
26023,0,5.187718556661415%
26024,0,5.187519213034123%
26025,0,5.187319884726225%
26026,0,5.1871205717359565%
26027,0,5.186921274061551%
26028,0,5.186721991701245%
26029,0,5.186522724653271%
26030,0,5.186323472915866%
26031,0,5.186124236487266%
26032,0,5.1859250153657035%
26033,0,5.185725809549417%
26034,0,5.1855266190366445%
26035,0,5.185327443825619%
26036,0,5.18512828391458%
26037,0,5.184929139301763%
26038,0,5.184730009985406%
26039,0,5.184530895963746%
26040,0,5.184331797235023%
26041,0,5.1841327137974735%
26042,0,5.1839336456493355%
26043,0,5.183734592788849%
26044,0,5.183535555214252%
26045,0,5.183336532923786%
26046,0,5.183137525915687%
26047,0,5.182938534188198%
26048,0,5.182739557739557%
26049,0,5.182540596568006%
26050,0,5.182341650671785%
26051,0,5.182142720049134%
26052,0,5.181943804698295%
26053,0,5.181744904617511%
26054,0,5.18154601980502%
26055,0,5.181347150259067%
26056,0,5.181148295977893%
26057,0,5.180949456959742%
26058,0,5.180750633202855%
26059,0,5.180551824705476%
26060,0,5.180353031465848%
26061,0,5.180154253482215%
26062,0,5.17995549075282%
26063,0,5.179756743275908%
26064,0,5.179558011049724%
26065,0,5.179359294072511%
26066,0,5.179160592342515%
26067,0,5.178961905857982%
26068,0,5.178763234617155%
26069,0,5.178564578618283%
26070,0,5.178365937859609%
26071,0,5.178167312339381%
26072,0,5.177968702055845%
26073,0,5.177770107007249%
26074,0,5.177571527191838%
26075,0,5.177372962607862%
26076,0,5.177174413253566%
26077,0,5.176975879127201%
26078,0,5.176777360227011%
26079,0,5.176578856551249%
26080,0,5.176380368098159%
26081,0,5.176181894865994%
26082,0,5.175983436853002%
26083,0,5.175784994057432%
26084,0,5.175586566477534%
26085,0,5.175388154111558%
26086,1,5.179023230851798%
26087,1,5.182658028903285%
26088,1,5.186292548298068%
26089,1,5.189926789068189%
26090,1,5.193560751245688%
26091,1,5.197194434862596%
26092,1,5.200827839950943%
26093,0,5.200628521059288%
26094,0,5.200429217444624%
26095,0,5.200229929105193%
26096,0,5.20003065603924%
26097,0,5.199831398245009%
26098,0,5.199632155720745%
26099,0,5.1994329284646925%
26100,0,5.199233716475096%
26101,0,5.199034519750201%
26102,0,5.198835338288254%
26103,0,5.198636172087499%
26104,0,5.1984370211461846%
26105,0,5.1982378854625555%
26106,0,5.198038765034858%
26107,0,5.19783965986134%
26108,0,5.197640569940249%
26109,0,5.197441495269831%
26110,0,5.197242435848334%
26111,0,5.197043391674007%
26112,0,5.196844362745098%
26113,0,5.196645349059855%
26114,0,5.196446350616528%
26115,0,5.196247367413364%
26116,0,5.196048399448614%
26117,0,5.195849446720527%
26118,1,5.199479286315951%
26119,1,5.203108847965083%
26120,1,5.206738131699847%
26121,0,5.206538800199074%
26122,1,5.210167674756909%
26123,1,5.213796271484898%
26124,0,5.213596692696371%
26125,0,5.213397129186602%
26126,0,5.213197580953839%
26127,1,5.216825506181345%
26128,1,5.220453153704837%
26129,1,5.224080523556203%
26130,1,5.227707615767317%
26131,0,5.227507558072787%
26132,0,5.227307515689576%
26133,0,5.227107488615927%
26134,0,5.22690747685008%
26135,0,5.226707480390281%
26136,0,5.2265074992347715%
26137,0,5.226307533381796%
26138,0,5.226107582829597%
26139,0,5.225907647576419%
26140,0,5.225707727620505%
26141,0,5.2255078229601%
26142,0,5.225307933593451%
26143,0,5.2251080595188%
26144,0,5.224908200734394%
26145,0,5.224708357238478%
26146,0,5.224508529029297%
26147,0,5.224308716105098%
26148,0,5.224108918464127%
26149,0,5.2239091361046315%
26150,0,5.223709369024856%
26151,0,5.223509617223051%
26152,0,5.223309880697461%
26153,0,5.2231101594463345%
26154,0,5.222910453467921%
26155,0,5.2227107627604665%
26156,0,5.2225110873222205%
26157,0,5.222311427151432%
26158,0,5.222111782246349%
26159,0,5.2219121526052215%
26160,0,5.221712538226299%
26161,0,5.221512939107832%
26162,0,5.2213133552480695%
26163,0,5.221113786645263%
26164,0,5.220914233297661%
26165,0,5.220714695203516%
26166,0,5.22051517236108%
26167,0,5.220315664768601%
26168,0,5.220116172424335%
26169,0,5.219916695326531%
26170,0,5.2197172334734425%
26171,0,5.219517786863323%
26172,0,5.219318355494421%
26173,0,5.219118939364995%
26174,0,5.218919538473294%
26175,0,5.218720152817574%
26176,0,5.218520782396088%
26177,0,5.21832142720709%
26178,0,5.218122087248835%
26179,0,5.217922762519576%
26180,0,5.2177234530175705%
26181,0,5.217524158741071%
26182,0,5.217324879688336%
26183,0,5.217125615857618%
26184,0,5.216926367247174%
26185,0,5.216727133855261%
26186,0,5.2165279156801345%
26187,0,5.216328712720052%
26188,0,5.216129524973271%
26189,0,5.215930352438047%
26190,0,5.215731195112639%
26191,0,5.215532052995304%
26192,0,5.215332926084301%
26193,0,5.215133814377887%
26194,0,5.214934717874322%
26195,0,5.214735636571865%
26196,1,5.218353947167507%
26197,0,5.218154750543955%
26198,1,5.221772654401099%
26199,1,5.225390282071834%
26200,1,5.229007633587787%
26201,0,5.22880806076104%
26202,0,5.228608503167697%
26203,0,5.228408960806014%
26204,0,5.228209433674248%
26205,0,5.228009921770655%
26206,0,5.22781042509349%
26207,0,5.227610943641012%
26208,0,5.2274114774114775%
26209,0,5.227212026403144%
26210,0,5.22701259061427%
26211,0,5.226813170043112%
26212,0,5.226613764687929%
26213,0,5.22641437454698%
26214,0,5.2262149996185245%
26215,0,5.226015639900821%
26216,0,5.225816295392127%
26217,0,5.225616966090704%
26218,0,5.225417651994812%
26219,0,5.225218353102711%
26220,0,5.225019069412662%
26221,0,5.2248198009229245%
26222,0,5.224620547631759%
26223,0,5.224421309537429%
26224,0,5.224222086638194%
26225,0,5.224022878932316%
26226,0,5.223823686418058%
26227,0,5.223624509093682%
26228,0,5.22342534695745%
26229,0,5.223226200007625%
26230,0,5.22302706824247%
26231,0,5.222827951660249%
26232,0,5.222628850259225%
26233,0,5.2224297640376625%
26234,0,5.222230692993825%
26235,0,5.222031637125977%
26236,0,5.2218325964323835%
26237,0,5.221633570911308%
26238,0,5.221434560561018%
26239,0,5.221235565379779%
26240,0,5.221036585365853%
26241,0,5.220837620517511%
26242,0,5.220638670833016%
26243,0,5.220439736310635%
26244,0,5.220240816948636%
26245,0,5.220041912745285%
26246,0,5.219843023698849%
26247,0,5.219644149807597%
26248,0,5.219445291069795%
26249,0,5.219246447483713%
26250,0,5.219047619047619%
26251,0,5.218848805759781%
26252,0,5.218650007618467%
26253,0,5.218451224621948%
26254,0,5.218252456768492%
26255,0,5.218053704056371%
26256,0,5.217854966483851%
26257,0,5.2176562440492065%
26258,0,5.217457536750705%
26259,0,5.217258844586618%
26260,0,5.217060167555218%
26261,0,5.216861505654773%
26262,0,5.2166628588835575%
26263,0,5.216464227239843%
26264,0,5.2162656107219005%
26265,0,5.216067009328003%
26266,0,5.215868423056422%
26267,0,5.2156698519054325%
26268,0,5.215471295873305%
26269,0,5.215272754958316%
26270,0,5.215074229158737%
26271,0,5.214875718472841%
26272,0,5.214677222898904%
26273,0,5.214478742435199%
26274,0,5.214280277080003%
26275,0,5.214081826831589%
26276,0,5.213883391688233%
26277,0,5.21368497164821%
26278,0,5.213486566709795%
26279,0,5.213288176871266%
26280,0,5.213089802130898%
26281,0,5.212891442486968%
26282,0,5.212693097937752%
26283,0,5.212494768481528%
26284,0,5.212296454116573%
26285,0,5.212098154841164%
26286,0,5.21189987065358%
26287,0,5.2117016015520985%
26288,0,5.211503347534998%
26289,0,5.211305108600555%
26290,0,5.211106884747052%
26291,0,5.2109086759727665%
26292,0,5.210710482275978%
26293,0,5.210512303654966%
26294,0,5.210314140108009%
26295,0,5.210115991633391%
26296,0,5.209917858229388%
26297,0,5.209719739894284%
26298,0,5.209521636626359%
26299,0,5.209323548423894%
26300,0,5.209125475285171%
26301,0,5.208927417208471%
26302,0,5.208729374192076%
26303,0,5.20853134623427%
26304,0,5.208333333333334%
26305,0,5.20813533548755%
26306,0,5.207937352695203%
26307,0,5.207739384954575%
26308,0,5.20754143226395%
26309,0,5.207343494621612%
26310,0,5.207145572025846%
26311,0,5.206947664474935%
26312,0,5.206749771967163%
26313,0,5.206551894500818%
26314,0,5.206354032074182%
26315,0,5.206156184685541%
26316,0,5.205958352333181%
26317,0,5.205760535015389%
26318,0,5.20556273273045%
26319,0,5.205364945476652%
26320,0,5.2051671732522795%
26321,0,5.20496941605562%
26322,0,5.204771673884963%
26323,0,5.204573946738593%
26324,0,5.2043762346148%
26325,0,5.20417853751187%
26326,0,5.203980855428094%
26327,0,5.203783188361758%
26328,0,5.203585536311152%
26329,0,5.203387899274564%
26330,0,5.203190277250285%
26331,0,5.202992670236603%
26332,0,5.202795078231809%
26333,0,5.202597501234193%
26334,0,5.202399939242045%
26335,0,5.202202392253655%
26336,0,5.202004860267315%
26337,0,5.201807343281315%
26338,0,5.201609841293948%
26339,0,5.201412354303504%
26340,0,5.201214882308276%
26341,0,5.201017425306556%
26342,0,5.200819983296637%
26343,0,5.20062255627681%
26344,0,5.2004251442453695%
26345,0,5.200227747200607%
26346,0,5.200030365140818%
26347,0,5.199832998064296%
26348,0,5.199635645969333%
26349,0,5.199438308854226%
26350,0,5.1992409867172675%
26351,0,5.199043679556753%
26352,0,5.198846387370978%
26353,0,5.198649110158236%
26354,0,5.198451847916825%
26355,1,5.202048947068867%
26356,1,5.205645773258461%
26357,0,5.205448268012293%
26358,0,5.205250777752485%
26359,1,5.20884707310596%
26360,1,5.212443095599393%
26361,1,5.216038845263837%
26362,1,5.219634322130339%
26363,0,5.219436331221789%
26364,1,5.223031406463359%
26365,1,5.22662620898919%
26366,1,5.230220738830312%
26367,1,5.233814996017749%
26368,1,5.237408980582525%
26369,1,5.241002692555653%
26370,0,5.2408039438756155%
26371,0,5.240605210268856%
26372,1,5.244198392234188%
26373,1,5.247791301710082%
26374,0,5.2475923257753845%
26375,0,5.24739336492891%
26376,0,5.247194419168942%
26377,0,5.246995488493764%
26378,0,5.24679657290166%
26379,0,5.246597672390918%
26380,0,5.246398786959818%
26381,0,5.246199916606649%
26382,0,5.246001061329694%
26383,0,5.245802221127241%
26384,0,5.245603395997574%
26385,0,5.245404585938981%
26386,0,5.245205790949746%
26387,0,5.245007011028157%
26388,0,5.244808246172503%
26389,0,5.244609496381067%
26390,0,5.244410761652141%
26391,0,5.244212041984009%
26392,0,5.2440133373749624%
26393,0,5.243814647823287%
26394,0,5.243615973327271%
26395,0,5.243417313885206%
26396,0,5.243218669495378%
26397,0,5.243020040156078%
26398,1,5.24660959163573%
26399,1,5.250198871169363%
26400,1,5.253787878787879%
26401,1,5.257376614522177%
26402,1,5.260965078403151%
26403,0,5.260765822065674%
26404,0,5.260566580821088%
26405,0,5.260367354667676%
26406,0,5.260168143603726%
26407,0,5.259968947627523%
26408,0,5.259769766737352%
26409,0,5.2595706009315%
26410,1,5.263157894736842%
26411,1,5.26674491689069%
26412,1,5.270331667423898%
26413,1,5.273918146367319%
26414,0,5.273718482622852%
26415,0,5.273518833995835%
26416,0,5.273319200484554%
26417,0,5.273119582087292%
26418,0,5.2729199788023315%
26419,0,5.272720390627957%
26420,0,5.2725208175624525%
26421,0,5.2723212596041025%
26422,0,5.272121716751192%
26423,0,5.271922189002006%
26424,0,5.271722676354829%
26425,0,5.271523178807947%
26426,0,5.271323696359645%
26427,0,5.271124229008211%
26428,0,5.27092477675193%
26429,0,5.270725339589088%
26430,0,5.270525917517972%
26431,0,5.2703265105368695%
26432,0,5.2701271186440675%
26433,0,5.269927741837854%
26434,0,5.269728380116517%
26435,0,5.269529033478343%
26436,0,5.269329701921622%
26437,0,5.269130385444642%
26438,0,5.2689310840456915%
26439,0,5.268731797723061%
26440,0,5.268532526475038%
26441,0,5.268333270299913%
26442,0,5.268134029195976%
26443,0,5.267934803161517%
26444,0,5.267735592194827%
26445,0,5.2675363962941955%
26446,0,5.267337215457914%
26447,0,5.267138049684275%
26448,0,5.266938898971567%
26449,0,5.266739763318084%
26450,0,5.266540642722117%
26451,0,5.266341537181959%
26452,0,5.266142446695902%
26453,0,5.265943371262239%
26454,0,5.265744310879262%
26455,0,5.265545265545265%
26456,0,5.2653462352585425%
26457,0,5.265147220017387%
26458,1,5.268727794995842%
26459,1,5.272308099323482%
26460,1,5.275888133030991%
26461,1,5.2794678961490495%
26462,1,5.2830473887083365%
26463,1,5.286626610739523%
26464,1,5.290205562273277%
26465,1,5.29378424334026%
26466,0,5.29358422126502%
26467,1,5.2971625042505766%
26468,1,5.300740516850536%
26469,0,5.300540254637501%
26470,0,5.300340007555723%
26471,0,5.3001397756034905%
26472,0,5.299939558779087%
26473,0,5.299739357080799%
26474,0,5.299539170506913%
26475,0,5.299338999055713%
26476,0,5.299138842725487%
26477,0,5.298938701514522%
26478,0,5.298738575421105%
26479,0,5.298538464443521%
26480,0,5.298338368580061%
26481,0,5.298138287829009%
26482,0,5.297938222188656%
26483,0,5.297738171657289%
26484,0,5.2975381362331975%
26485,0,5.297338115914669%
26486,0,5.297138110699993%
26487,0,5.296938120587457%
26488,0,5.296738145575355%
26489,0,5.296538185661973%
26490,0,5.296338240845603%
26491,0,5.296138311124532%
26492,0,5.295938396497056%
26493,0,5.295738496961461%
26494,0,5.295538612516042%
26495,0,5.295338743159086%
26496,0,5.295138888888888%
26497,0,5.29493904970374%
26498,0,5.294739225601932%
26499,0,5.294539416581758%
26500,0,5.294339622641509%
26501,0,5.29413984377948%
26502,0,5.293940079993963%
26503,0,5.293740331283251%
26504,0,5.293540597645639%
26505,0,5.293340879079419%
26506,0,5.293141175582887%
26507,0,5.292941487154336%
26508,0,5.292741813792063%
26509,0,5.292542155494361%
26510,0,5.292342512259525%
26511,0,5.292142884085852%
26512,0,5.291943270971636%
26513,0,5.291743672915174%
26514,0,5.291544089914762%
26515,0,5.291344521968696%
26516,0,5.291144969075275%
26517,0,5.290945431232794%
26518,0,5.2907459084395505%
26519,0,5.2905464006938425%
26520,0,5.290346907993967%
26521,0,5.290147430338223%
26522,0,5.289947967724908%
26523,0,5.289748520152321%
26524,0,5.28954908761876%
26525,0,5.289349670122526%
26526,0,5.289150267661916%
26527,0,5.288950880235232%
26528,0,5.288751507840772%
26529,0,5.2885521504768365%
26530,0,5.288352808141726%
26531,0,5.288153480833742%
26532,0,5.287954168551184%
26533,0,5.2877548712923526%
26534,0,5.287555589055551%
26535,0,5.287356321839081%
26536,0,5.287157069641242%
26537,0,5.286957832460339%
26538,0,5.2867586102946715%
26539,0,5.286559403142545%
26540,0,5.28636021100226%
26541,0,5.286161033872122%
26542,0,5.285961871750433%
26543,0,5.285762724635497%
26544,0,5.285563592525618%
26545,0,5.2853644754191%
26546,0,5.285165373314247%
26547,0,5.2849662862093645%
26548,0,5.284767214102757%
26549,0,5.28456815699273%
26550,0,5.284369114877589%
26551,0,5.28417008775564%
26552,0,5.283971075625189%
26553,0,5.283772078484541%
26554,0,5.2835730963320025%
26555,0,5.283374129165882%
26556,0,5.283175176984486%
26557,0,5.28297623978612%
26558,0,5.282777317569094%
26559,0,5.282578410331714%
26560,0,5.28237951807229%
26561,0,5.282180640789127%
26562,0,5.281981778480536%
26563,0,5.281782931144825%
26564,0,5.281584098780304%
26565,0,5.2813852813852815%
26566,0,5.281186478958066%
26567,0,5.28098769149697%
26568,0,5.280788919000301%
26569,0,5.28059016146637%
26570,0,5.280391418893489%
26571,0,5.280192691279967%
26572,0,5.279993978624115%
26573,0,5.2797952809242465%
26574,0,5.279596598178671%
26575,0,5.2793979303857%
26576,0,5.279199277543648%
26577,0,5.2790006396508256%
26578,0,5.278802016705546%
26579,0,5.278603408706122%
26580,0,5.278404815650865%
26581,0,5.278206237538091%
26582,0,5.278007674366112%
26583,0,5.277809126133243%
26584,0,5.277610592837797%
26585,0,5.2774120744780895%
26586,0,5.2772135710524335%
26587,0,5.277015082559145%
26588,0,5.27681660899654%
26589,0,5.276618150362932%
26590,0,5.276419706656638%
26591,0,5.276221277875973%
26592,0,5.276022864019254%
26593,0,5.2758244650847965%
26594,0,5.275626081070918%
26595,0,5.275427711975935%
26596,0,5.275229357798166%
26597,0,5.275031018535925%
26598,0,5.274832694187532%
26599,0,5.274634384751307%
26600,0,5.2744360902255645%
26601,1,5.277997067779407%
26602,0,5.277798661754756%
26603,1,5.28135924519791%
26604,1,5.284919560968276%
26605,0,5.2847209171208425%
26606,0,5.284522288205668%
26607,0,5.28432367422107%
26608,0,5.284125075165364%
26609,0,5.283926491036867%
26610,0,5.283727921833897%
26611,0,5.28352936755477%
26612,0,5.283330828197806%
26613,0,5.283132303761319%
26614,0,5.282933794243632%
26615,0,5.2827352996430585%
26616,0,5.28253681995792%
26617,0,5.282338355186535%
26618,0,5.282139905327223%
26619,0,5.281941470378301%
26620,0,5.2817430503380915%
26621,0,5.281544645204914%
26622,0,5.281346254977087%
26623,0,5.281147879652932%
26624,0,5.280949519230769%
26625,0,5.2807511737089206%
26626,0,5.280552843085705%
26627,0,5.280354527359448%
26628,0,5.280156226528467%
26629,0,5.279957940591085%
26630,0,5.279759669545625%
26631,0,5.279561413390409%
26632,0,5.2793631721237615%
26633,1,5.282919686103706%
26634,0,5.2827213336337016%
26635,1,5.286277454477192%
26636,0,5.286078990839465%
26637,0,5.28588054210309%
26638,0,5.2856821082663865%
26639,0,5.285483689327678%
26640,0,5.285285285285285%
26641,0,5.285086896137532%
26642,0,5.284888521882741%
26643,0,5.284690162519236%
26644,0,5.284491818045338%
26645,0,5.284293488459373%
26646,0,5.284095173759664%
26647,0,5.283896873944534%
26648,0,5.2836985890123085%
26649,0,5.283500318961312%
26650,0,5.283302063789868%
26651,0,5.283103823496304%
26652,0,5.282905598078943%
26653,0,5.282707387536113%
26654,0,5.282509191866136%
26655,0,5.282311011067343%
26656,0,5.282112845138055%
26657,0,5.281914694076603%
26658,0,5.281716557881311%
26659,0,5.281518436550509%
26660,0,5.28132033008252%
26661,0,5.2811222384756755%
26662,0,5.2809241617283025%
26663,0,5.280726099838728%
26664,0,5.2805280528052805%
26665,0,5.280330020626289%
26666,0,5.280132003300082%
26667,0,5.27993400082499%
26668,0,5.27973601319934%
26669,0,5.279538040421463%
26670,0,5.279340082489689%
26671,0,5.279142139402347%
26672,0,5.278944211157769%
26673,0,5.278746297754283%
26674,0,5.278548399190223%
26675,0,5.278350515463917%
26676,0,5.278152646573699%
26677,0,5.2779547925179%
26678,0,5.277756953294849%
26679,0,5.277559128902882%
26680,0,5.27736131934033%
26681,0,5.277163524605524%
26682,0,5.2769657446968%
26683,0,5.276767979612488%
26684,0,5.276570229350922%
26685,0,5.276372493910437%
26686,0,5.276174773289365%
26687,0,5.275977067486042%
26688,0,5.275779376498801%
26689,0,5.2755817003259775%
26690,0,5.275384038965905%
26691,0,5.27518639241692%
26692,0,5.274988760677356%
26693,0,5.274791143745551%
26694,0,5.27459354161984%
26695,0,5.274395954298558%
26696,0,5.2741983817800415%
26697,0,5.274000824062629%
26698,0,5.273803281144655%
26699,0,5.273605753024458%
26700,0,5.273408239700374%
26701,0,5.273210741170742%
26702,0,5.2730132574339%
26703,0,5.2728157884881846%
26704,0,5.272618334331936%
26705,0,5.27242089496349%
26706,0,5.272223470381188%
26707,0,5.272026060583368%
26708,0,5.2718286655683695%
26709,0,5.271631285334531%
26710,0,5.271433919880194%
26711,0,5.271236569203698%
26712,0,5.271039233303385%
26713,0,5.270841912177591%
26714,0,5.270644605824661%
26715,0,5.270447314242935%
26716,0,5.270250037430753%
26717,0,5.270052775386458%
26718,1,5.2735983232277865%
26719,0,5.27340095063438%
26720,0,5.2732035928143715%
26721,0,5.273006249766102%
26722,0,5.272808921487913%
26723,0,5.272611607978146%
26724,0,5.2724143092351445%
26725,0,5.27221702525725%
26726,0,5.272019756042805%
26727,0,5.271822501590153%
26728,0,5.271625261897635%
26729,0,5.271428036963598%
26730,0,5.271230826786382%
26731,0,5.271033631364333%
26732,0,5.270836450695795%
26733,0,5.270639284779112%
26734,0,5.270442133612628%
26735,0,5.2702449971946885%
26736,0,5.270047875523638%
26737,1,5.2735909039907245%
26738,0,5.273393671927594%
26739,0,5.273196454616852%
26740,0,5.272999252056844%
26741,0,5.272802064245914%
26742,0,5.27260489118241%
26743,0,5.272407732864675%
26744,0,5.272210589291055%
26745,0,5.272013460459899%
26746,0,5.27181634636955%
26747,0,5.271619247018357%
26748,0,5.271422162404666%
26749,0,5.271225092526823%
26750,0,5.271028037383178%
26751,0,5.270830996972076%
26752,0,5.270633971291866%
26753,0,5.270436960340897%
26754,0,5.270239964117515%
26755,0,5.270042982620071%
26756,0,5.2698460158469125%
26757,0,5.26964906379639%
26758,0,5.2694521264668515%
26759,0,5.2692552038566465%
26760,0,5.2690582959641254%
26761,0,5.268861402787639%
26762,0,5.268664524325536%
26763,0,5.268467660576168%
26764,0,5.268270811537887%
26765,0,5.268073977209042%
26766,0,5.267877157587985%
26767,0,5.267680352673067%
26768,0,5.267483562462641%
26769,0,5.26728678695506%
26770,0,5.267090026148674%
26771,0,5.266893280041836%
26772,0,5.2666965486329005%
26773,0,5.2664998319202185%
26774,0,5.266303129902144%
26775,0,5.266106442577031%
26776,0,5.2659097699432325%
26777,0,5.265713111999103%
26778,0,5.265516468742998%
26779,0,5.26531984017327%
26780,0,5.265123226288275%
26781,0,5.264926627086367%
26782,0,5.264730042565902%
26783,0,5.264533472725237%
26784,0,5.264336917562724%
26785,0,5.264140377076722%
26786,0,5.263943851265586%
26787,0,5.263747340127674%
26788,0,5.263550843661341%
26789,0,5.263354361864945%
26790,0,5.263157894736842%
26791,0,5.26296144227539%
26792,0,5.262765004478949%
26793,0,5.262568581345874%
26794,0,5.2623721728745245%
26795,0,5.2621757790632575%
26796,0,5.261979399910435%
26797,0,5.261783035414412%
26798,0,5.26158668557355%
26799,0,5.2613903503862085%
26800,0,5.2611940298507465%
26801,0,5.260997723965524%
26802,0,5.2608014327289006%
26803,0,5.260605156139238%
26804,0,5.260408894194897%
26805,0,5.260212646894236%
26806,0,5.2600164142356185%
26807,0,5.259820196217406%
26808,0,5.259623992837959%
26809,0,5.2594278040956395%
26810,0,5.25923162998881%
26811,0,5.259035470515833%
26812,0,5.258839325675071%
26813,0,5.258643195464886%
26814,0,5.258447079883643%
26815,0,5.258250978929704%
26816,0,5.258054892601431%
26817,0,5.257858820897192%
26818,0,5.257662763815349%
26819,0,5.257466721354264%
26820,0,5.257270693512305%
26821,0,5.257074680287834%
26822,0,5.256878681679219%
26823,0,5.256682697684822%
26824,0,5.256486728303012%
26825,0,5.256290773532153%
26826,0,5.256094833370611%
26827,0,5.255898907816752%
26828,0,5.255702996868943%
26829,0,5.25550710052555%
26830,0,5.255311218784942%
26831,0,5.255115351645485%
26832,1,5.258646392367323%
26833,1,5.262177169902732%
26834,0,5.261981068793322%
26835,0,5.261784982299236%
26836,0,5.2615889104188405%
26837,0,5.261392853150501%
26838,0,5.261196810492585%
26839,0,5.261000782443459%
26840,0,5.26080476900149%
26841,0,5.260608770165046%
26842,0,5.260412785932494%
26843,0,5.260216816302202%
26844,0,5.260020861272538%
26845,0,5.2598249208418695%
26846,0,5.259628995008567%
26847,0,5.259433083770999%
26848,0,5.259237187127533%
26849,0,5.25904130507654%
26850,0,5.258845437616387%
26851,0,5.258649584745447%
26852,0,5.258453746462088%
26853,0,5.258257922764682%
26854,0,5.258062113651597%
26855,1,5.261590020480358%
26856,1,5.265117664581472%
26857,0,5.264921621923521%
26858,0,5.264725593864025%
26859,0,5.264529580401355%
26860,0,5.264333581533879%
26861,0,5.2641375972599675%
26862,0,5.263941627577991%
26863,0,5.263745672486319%
26864,0,5.263549731983323%
26865,0,5.263353806067374%
26866,0,5.263157894736842%
26867,0,5.262961997990099%
26868,0,5.262766115825517%
26869,0,5.2625702482414685%
26870,0,5.262374395236323%
26871,0,5.262178556808455%
26872,0,5.261982732956237%
26873,0,5.2617869236780415%
26874,0,5.261591128972241%
26875,0,5.261395348837209%
26876,0,5.26119958327132%
26877,0,5.261003832272947%
26878,0,5.260808095840464%
26879,0,5.260612373972246%
26880,0,5.260416666666667%
26881,0,5.260220973922101%
26882,0,5.2600252957369245%
26883,0,5.259829632109512%
26884,0,5.259633983038238%
26885,0,5.25943834852148%
26886,0,5.259242728557614%
26887,0,5.259047123145014%
26888,0,5.258851532282059%
26889,0,5.258655955967124%
26890,0,5.258460394198586%
26891,0,5.258264846974824%
26892,0,5.2580693142942145%
26893,0,5.257873796155133%
26894,0,5.25767829255596%
26895,0,5.257482803495074%
26896,0,5.25728732897085%
26897,0,5.257091868981671%
26898,0,5.256896423525912%
26899,0,5.256700992601956%
26900,0,5.256505576208179%
26901,0,5.256310174342961%
26902,0,5.256114787004684%
26903,0,5.255919414191726%
26904,0,5.255724055902468%
26905,0,5.25552871213529%
26906,0,5.255333382888575%
26907,0,5.255138068160702%
26908,0,5.254942767950052%
26909,0,5.2547474822550075%
26910,0,5.254552211073951%
26911,0,5.254356954405262%
26912,0,5.254161712247325%
26913,0,5.2539664845985214%
26914,0,5.253771271457234%
26915,0,5.253576072821846%
26916,0,5.253380888690741%
26917,0,5.253185719062302%
26918,0,5.2529905639349135%
26919,0,5.252795423306958%
26920,0,5.25260029717682%
26921,0,5.252405185542885%
26922,0,5.252210088403536%
26923,0,5.252015005757159%
26924,0,5.251819937602139%
26925,0,5.251624883936862%
26926,0,5.251429844759712%
26927,0,5.251234820069076%
26928,0,5.2510398098633395%
26929,0,5.250844814140889%
26930,0,5.250649832900112%
26931,1,5.254168059114033%
26932,1,5.257686024060597%
26933,1,5.261203727768908%
26934,1,5.2647211702680625%
26935,1,5.268238351587154%
26936,0,5.268042768042768%
26937,1,5.271559564910717%
26938,1,5.2750761006756255%
26939,1,5.278592375366569%
26940,1,5.28210838901262%
26941,0,5.28191232693664%
26942,0,5.28171627941504%
26943,1,5.285231785621497%
26944,1,5.288747030878859%
26945,1,5.292262015216181%
26946,1,5.29577673866251%
26947,1,5.299291201246891%
26948,1,5.302805402998367%
26949,1,5.306319343945972%
26950,1,5.309833024118738%
26951,1,5.313346443545694%
26952,1,5.316859602255862%
26953,0,5.316662338144177%
26954,0,5.316465088669585%
26955,0,5.316267853830458%
26956,0,5.316070633625166%
26957,0,5.3158734280520825%
26958,0,5.315676237109577%
26959,0,5.315479060796024%
26960,0,5.3152818991097925%
26961,0,5.315084752049256%
26962,0,5.314887619612788%
26963,0,5.314690501798761%
26964,0,5.314493398605548%
26965,0,5.314296310031522%
26966,0,5.314099236075057%
26967,0,5.313902176734527%
26968,0,5.313705132008306%
26969,0,5.313508101894768%
26970,0,5.313311086392288%
26971,0,5.313114085499239%
26972,0,5.312917099214%
26973,0,5.312720127534942%
26974,0,5.312523170460444%
26975,0,5.312326227988878%
26976,0,5.312129300118624%
26977,0,5.3119323868480555%
26978,0,5.31173548817555%
26979,0,5.311538604099485%
26980,1,5.315048183839881%
26981,1,5.318557503428338%
26982,1,5.322066562893781%
26983,0,5.3218693251306375%
26984,1,5.325378001778832%
26985,1,5.3288864183805815%
26986,1,5.3323945749647965%
26987,1,5.335902471560381%
26988,1,5.339410108196235%
26989,1,5.342917484901256%
26990,1,5.346424601704335%
26991,1,5.34993145863436%
26992,1,5.353438055720213%
26993,1,5.356944392990775%
26994,1,5.36045047047492%
26995,1,5.363956288201519%
26996,1,5.367461846199436%
26997,1,5.370967144497537%
26998,1,5.374472183124676%
26999,0,5.374273121226712%
27000,0,5.374074074074074%
27001,0,5.373875041665124%
27002,0,5.373676023998223%
27003,0,5.373477021071733%
27004,0,5.373278032884017%
27005,0,5.373079059433438%
27006,0,5.372880100718358%
27007,0,5.372681156737142%
27008,0,5.372482227488152%
27009,0,5.372283312969751%
27010,0,5.372084413180303%
27011,0,5.371885528118174%
27012,0,5.371686657781726%
27013,0,5.371487802169326%
27014,0,5.371288961279337%
27015,0,5.371090135110124%
27016,0,5.370891323660054%
27017,0,5.37069252692749%
27018,0,5.3704937449108%
27019,0,5.370294977608349%
27020,0,5.370096225018505%
27021,0,5.369897487139632%
27022,0,5.369698763970098%
27023,0,5.369500055508271%
27024,0,5.369301361752516%
27025,0,5.369102682701202%
27026,0,5.368904018352697%
27027,0,5.368705368705369%
27028,0,5.3685067337575845%
27029,0,5.368308113507714%
27030,0,5.3681095079541254%
27031,0,5.3679109170951875%
27032,0,5.367712340929269%
27033,0,5.3675137794547405%
27034,0,5.367315232669971%
27035,0,5.367116700573331%
27036,0,5.36691818316319%
27037,0,5.366719680437918%
27038,0,5.366521192395887%
27039,0,5.366322719035467%
27040,0,5.36612426035503%
27041,0,5.365925816352945%
27042,0,5.3657273870275874%
27043,0,5.365528972377325%
27044,0,5.3653305724005325%
27045,0,5.365132187095582%
27046,0,5.364933816460844%
27047,0,5.364735460494694%
27048,0,5.3645371191955045%
27049,0,5.3643387925616475%
27050,0,5.364140480591497%
27051,0,5.363942183283427%
27052,0,5.3637439006358125%
27053,0,5.3635456326470266%
27054,0,5.363347379315443%
27055,0,5.363149140639438%
27056,0,5.362950916617386%
27057,0,5.362752707247663%
27058,0,5.362554512528642%
27059,0,5.362356332458702%
27060,0,5.362158167036216%
27061,0,5.3619600162595615%
27062,0,5.361761880127116%
27063,0,5.361563758637254%
27064,0,5.361365651788354%
27065,0,5.361167559578791%
27066,0,5.360969482006946%
27067,1,5.364465954852773%
27068,1,5.367962169351263%
27069,1,5.371458125531051%
27070,0,5.37125969708164%
27071,0,5.371061283292084%
27072,0,5.370862884160756%
27073,0,5.370664499686034%
27074,0,5.370466129866292%
27075,0,5.370267774699908%
27076,0,5.370069434185256%
27077,0,5.369871108320715%
27078,0,5.36967279710466%
27079,0,5.36947450053547%
27080,0,5.369276218611521%
27081,0,5.3690779513311915%
27082,0,5.368879698692859%
27083,0,5.368681460694901%
27084,0,5.368483237335696%
27085,0,5.368285028613624%
27086,0,5.368086834527062%
27087,0,5.36788865507439%
27088,0,5.367690490253986%
27089,0,5.367492340064232%
27090,0,5.367294204503507%
27091,0,5.367096083570189%
27092,0,5.366897977262661%
27093,0,5.3666998855793%
27094,0,5.366501808518491%
27095,0,5.3663037460786125%
27096,0,5.366105698258045%
27097,0,5.365907665055173%
27098,0,5.365709646468374%
27099,0,5.365511642496033%
27100,0,5.365313653136532%
27101,0,5.365115678388252%
27102,0,5.3649177182495755%
27103,0,5.364719772718887%
27104,0,5.364521841794569%
27105,0,5.364323925475004%
27106,0,5.364126023758577%
27107,0,5.363928136643671%
27108,0,5.36373026412867%
27109,0,5.363532406211959%
27110,0,5.3633345628919225%
27111,0,5.363136734166943%
27112,0,5.3629389200354085%
27113,0,5.362741120495703%
27114,0,5.362543335546213%
27115,0,5.362345565185322%
27116,0,5.362147809411417%
27117,0,5.361950068222885%
27118,0,5.361752341618113%
27119,0,5.361554629595487%
27120,0,5.3613569321533925%
27121,0,5.361159249290218%
27122,0,5.36096158100435%
27123,0,5.360763927294179%
27124,0,5.360566288158089%
27125,0,5.360368663594469%
27126,0,5.36017105360171%
27127,0,5.359973458178199%
27128,0,5.359775877322324%
27129,0,5.359578311032474%
27130,0,5.35938075930704%
27131,0,5.35918322214441%
27132,0,5.358985699542975%
27133,0,5.358788191501125%
27134,0,5.358590698017248%
27135,0,5.358393219089737%
27136,0,5.358195754716981%
27137,0,5.3579983048973725%
27138,0,5.357800869629302%
27139,0,5.357603448911162%
27140,0,5.357406042741341%
27141,0,5.357208651118235%
27142,0,5.357011274040232%
27143,0,5.356813911505729%
27144,0,5.356616563513115%
27145,0,5.3564192300607845%
27146,0,5.356221911147131%
27147,0,5.3560246067705455%
27148,0,5.355827316929425%
27149,0,5.35563004162216%
27150,0,5.355432780847146%
27151,0,5.355235534602778%
27152,0,5.355038302887449%
27153,0,5.3548410856995545%
27154,0,5.35464388303749%
27155,0,5.35444669489965%
27156,0,5.354249521284431%
27157,0,5.354052362190227%
27158,0,5.353855217615436%
27159,0,5.353658087558452%
27160,0,5.353460972017673%
27161,0,5.353263870991495%
27162,0,5.353066784478315%
27163,0,5.35286971247653%
27164,0,5.352672654984538%
27165,0,5.352475612000736%
27166,0,5.352278583523522%
27167,0,5.352081569551294%
27168,0,5.35188457008245%
27169,0,5.351687585115389%
27170,0,5.35149061464851%
27171,0,5.35129365868021%
27172,0,5.3510967172088915%
27173,0,5.350899790232952%
27174,0,5.350702877750791%
27175,0,5.350505979760809%
27176,0,5.350309096261407%
27177,0,5.3501122272509845%
27178,0,5.349915372727942%
27179,0,5.34971853269068%
27180,0,5.349521707137601%
27181,0,5.349324896067106%
27182,0,5.349128099477595%
27183,0,5.348931317367472%
27184,0,5.348734549735138%
27185,0,5.348537796578996%
27186,0,5.348341057897447%
27187,0,5.348144333688896%
27188,0,5.347947623951743%
27189,0,5.347750928684395%
27190,0,5.3475542478852525%
27191,0,5.3473575815527195%
27192,0,5.347160929685202%
27193,0,5.346964292281102%
27194,0,5.346767669338825%
27195,0,5.346571060856775%
27196,0,5.346374466833358%
27197,0,5.346177887266978%
27198,0,5.3459813221560415%
27199,0,5.345784771498952%
27200,0,5.345588235294118%
27201,0,5.345391713539943%
27202,0,5.345195206234836%
27203,1,5.348674778517076%
27204,1,5.352154094986031%
27205,1,5.3556331556699135%
27206,1,5.359111960596928%
27207,0,5.358914985114125%
27208,0,5.358718024110556%
27209,0,5.358521077584623%
27210,0,5.35832414553473%
27211,0,5.358127227959281%
27212,0,5.357930324856681%
27213,0,5.357733436225334%
27214,0,5.357536562063644%
27215,0,5.357339702370017%
27216,0,5.357142857142857%
27217,0,5.356946026380571%
27218,0,5.3567492100815635%
27219,0,5.356552408244241%
27220,0,5.356355620867009%
27221,0,5.356158847948275%
27222,0,5.355962089486445%
27223,1,5.359438709914411%
27224,1,5.362915074933882%
27225,0,5.362718089990818%
27226,1,5.366194079189011%
27227,0,5.365996988283689%
27228,0,5.365799911855443%
27229,0,5.365602849902677%
27230,0,5.365405802423797%
27231,0,5.365208769417208%
27232,0,5.365011750881316%
27233,0,5.364814746814527%
27234,0,5.364617757215245%
27235,0,5.36442078208188%
27236,0,5.364223821412836%
27237,0,5.3640268752065206%
27238,0,5.363829943461341%
27239,0,5.363633026175704%
27240,0,5.363436123348018%
27241,0,5.36323923497669%
27242,0,5.363042361060128%
27243,0,5.36284550159674%
27244,0,5.362648656584936%
27245,0,5.362451826023124%
27246,0,5.3622550099097115%
27247,0,5.36205820824311%
27248,0,5.361861421021726%
27249,0,5.3616646482439725%
27250,0,5.3614678899082575%
27251,0,5.3612711460129905%
27252,0,5.3610744165565825%
27253,0,5.360877701537445%
27254,0,5.3606810009539885%
27255,0,5.360484314804623%
27256,0,5.36028764308776%
27257,0,5.360090985801812%
27258,0,5.35989434294519%
27259,0,5.359697714516306%
27260,0,5.359501100513573%
27261,0,5.359304500935402%
27262,0,5.359107915780207%
27263,0,5.3589113450464%
27264,0,5.358714788732395%
27265,1,5.362185952686595%
27266,0,5.361989290691704%
27267,0,5.361792643121722%
27268,0,5.361596009975062%
27269,0,5.361399391250137%
27270,0,5.361202786945361%
27271,0,5.3610061970591465%
27272,0,5.360809621589909%
27273,0,5.360613060536061%
27274,0,5.360416513896018%
27275,0,5.360219981668194%
27276,0,5.360023463851005%
27277,0,5.359826960442864%
27278,0,5.359630471442188%
27279,0,5.359433996847391%
27280,0,5.359237536656892%
27281,0,5.359041090869103%
27282,0,5.358844659482442%
27283,0,5.358648242495327%
27284,0,5.358451839906172%
27285,0,5.358255451713396%
27286,1,5.361723961005644%
27287,1,5.365192216073588%
27288,1,5.368660216945178%
27289,0,5.368463483454872%
27290,1,5.371931110296812%
27291,0,5.371734271371515%
27292,0,5.371537446870878%
27293,0,5.371340636793317%
27294,0,5.371143841137246%
27295,0,5.370947059901081%
27296,0,5.370750293083236%
27297,0,5.370553540682126%
27298,0,5.370356802696168%
27299,0,5.370160079123777%
27300,0,5.36996336996337%
27301,0,5.369766675213363%
27302,0,5.369569994872171%
27303,0,5.369373328938211%
27304,0,5.369176677409903%
27305,0,5.368980040285662%
27306,0,5.368783417563906%
27307,0,5.368586809243051%
27308,0,5.368390215321518%
27309,0,5.368193635797723%
27310,0,5.367997070670085%
27311,0,5.367800519937021%
27312,0,5.367603983596954%
27313,0,5.367407461648299%
27314,0,5.367210954089478%
27315,0,5.367014460918909%
27316,0,5.366817982135013%
27317,0,5.366621517736208%
27318,0,5.366425067720916%
27319,0,5.366228632087558%
27320,0,5.366032210834554%
27321,0,5.365835803960324%
27322,0,5.36563941146329%
27323,0,5.365443033341873%
27324,0,5.365246669594495%
27325,0,5.365050320219579%
27326,0,5.364853985215546%
27327,0,5.364657664580817%
27328,0,5.364461358313817%
27329,0,5.364265066412968%
27330,0,5.3640687888766925%
27331,0,5.363872525703414%
27332,0,5.363676276891556%
27333,0,5.363480042439542%
27334,0,5.363283822345796%
27335,0,5.363087616608744%
27336,0,5.362891425226808%
27337,0,5.3626952481984125%
27338,0,5.362499085521985%
27339,0,5.362302937195947%
27340,0,5.362106803218728%
27341,0,5.36191068358875%
27342,0,5.36171457830444%
27343,0,5.361518487364225%
27344,0,5.3613224107665305%
27345,0,5.361126348509782%
27346,0,5.3609303005924085%
27347,0,5.360734267012835%
27348,0,5.360538247769489%
27349,0,5.360342242860799%
27350,0,5.360146252285192%
27351,0,5.359950276041095%
27352,0,5.3597543141269375%
27353,0,5.3595583665411475%
27354,0,5.359362433282152%
27355,0,5.359166514348383%
27356,0,5.3589706097382654%
27357,0,5.358774719450232%
27358,0,5.358578843482711%
27359,0,5.358382981834131%
27360,0,5.3581871345029235%
27361,0,5.357991301487519%
27362,0,5.357795482786346%
27363,0,5.357599678397836%
27364,0,5.3574038883204205%
27365,0,5.357208112552531%
27366,0,5.357012351092597%
27367,0,5.35681660393905%
27368,0,5.356620871090325%
27369,0,5.356425152544849%
27370,0,5.356229448301059%
27371,0,5.356033758357386%
27372,0,5.3558380827122605%
27373,0,5.355642421364118%
27374,0,5.355446774311391%
27375,0,5.355251141552511%
27376,0,5.355055523085914%
27377,0,5.3548599189100345%
27378,0,5.354664329023303%
27379,0,5.3544687534241575%
27380,0,5.35427319211103%
27381,0,5.354077645082357%
27382,0,5.353882112336572%
27383,0,5.35368659387211%
27384,0,5.353491089687409%
27385,0,5.3532955997809015%
27386,0,5.353100124151026%
27387,0,5.352904662796218%
27388,0,5.352709215714912%
27389,0,5.352513782905547%
27390,0,5.352318364366558%
27391,0,5.3521229600963816%
27392,0,5.351927570093458%
27393,0,5.351732194356222%
27394,0,5.351536832883113%
27395,0,5.351341485672568%
27396,0,5.351146152723025%
27397,0,5.350950834032924%
27398,0,5.3507555296007006%
27399,0,5.350560239424797%
27400,0,5.350364963503649%
27401,0,5.3501697018357%
27402,0,5.349974454419385%
27403,0,5.349779221253147%
27404,0,5.349584002335425%
27405,0,5.34938879766466%
27406,0,5.3491936072392905%
27407,0,5.348998431057759%
27408,0,5.3488032691185055%
27409,0,5.348608121419971%
27410,0,5.348412987960598%
27411,0,5.3482178687388275%
27412,0,5.3480227637531%
27413,0,5.347827673001861%
27414,0,5.347632596483549%
27415,0,5.347437534196608%
27416,0,5.34724248613948%
27417,0,5.34704745231061%
27418,0,5.34685243270844%
27419,0,5.3466574273314125%
27420,0,5.346462436177972%
27421,0,5.346267459246563%
27422,0,5.346072496535628%
27423,0,5.345877548043613%
27424,0,5.345682613768962%
27425,0,5.345487693710119%
27426,0,5.345292787865529%
27427,0,5.345097896233638%
27428,0,5.344903018812892%
27429,0,5.344708155601735%
27430,0,5.344513306598615%
27431,0,5.344318471801976%
27432,0,5.344123651210266%
27433,0,5.34392884482193%
27434,0,5.3437340526354165%
27435,0,5.343539274649171%
27436,0,5.343344510861642%
27437,0,5.343149761271276%
27438,0,5.342955025876521%
27439,0,5.342760304675826%
27440,0,5.3425655976676385%
27441,0,5.342370904850406%
27442,0,5.342176226222579%
27443,0,5.341981561782604%
27444,0,5.341786911528932%
27445,0,5.341592275460011%
27446,0,5.341397653574291%
27447,0,5.341203045870222%
27448,0,5.341008452346255%
27449,0,5.3408138730008385%
27450,0,5.340619307832423%
27451,0,5.34042475683946%
27452,0,5.340230220020399%
27453,0,5.340035697373693%
27454,0,5.339841188897792%
27455,0,5.339646694591149%
27456,0,5.339452214452215%
27457,0,5.33925774847944%
27458,0,5.33906329667128%
27459,0,5.338868859026184%
27460,0,5.3386744355426075%
27461,0,5.338480026219002%
27462,0,5.33828563105382%
27463,0,5.338091250045516%
27464,0,5.337896883192543%
27465,0,5.337702530493355%
27466,0,5.337508191946407%
27467,0,5.337313867550151%
27468,0,5.337119557303044%
27469,0,5.336925261203539%
27470,0,5.336730979250091%
27471,0,5.336536711441156%
27472,0,5.3363424577751895%
27473,0,5.336148218250647%
27474,0,5.335953992865983%
27475,0,5.335759781619654%
27476,0,5.3355655845101175%
27477,0,5.33537140153583%
27478,0,5.335177232695247%
27479,0,5.334983077986826%
27480,0,5.334788937409025%
27481,0,5.3345948109603%
27482,0,5.33440069863911%
27483,0,5.334206600443911%
27484,0,5.334012516373162%
27485,0,5.333818446425323%
27486,0,5.3336243905988505%
27487,0,5.333430348892203%
27488,0,5.333236321303842%
27489,0,5.3330423078322235%
27490,0,5.33284830847581%
27491,0,5.332654323233058%
27492,0,5.33246035210243%
27493,0,5.332266395082385%
27494,0,5.332072452171383%
27495,0,5.331878523367885%
27496,0,5.331684608670352%
27497,0,5.3314907080772445%
27498,0,5.331296821587025%
27499,0,5.3311029491981525%
27500,0,5.330909090909091%
27501,0,5.330715246718301%
27502,0,5.330521416624245%
27503,0,5.330327600625386%
27504,0,5.330133798720186%
27505,0,5.329940010907108%
27506,0,5.329746237184614%
27507,0,5.329552477551169%
27508,0,5.329358732005235%
27509,0,5.3291650005452755%
27510,0,5.328971283169757%
27511,0,5.32877757987714%
27512,0,5.328583890665891%
27513,0,5.3283902155344745%
27514,0,5.328196554481355%
27515,0,5.328002907504997%
27516,0,5.327809274603867%
27517,0,5.327615655776429%
27518,0,5.327422051021149%
27519,0,5.327228460336494%
27520,0,5.3270348837209305%
27521,0,5.326841321172923%
27522,0,5.326647772690938%
27523,0,5.326454238273444%
27524,0,5.326260717918907%
27525,0,5.326067211625795%
27526,0,5.3258737193925745%
27527,0,5.3256802412177136%
27528,0,5.32548677709968%
27529,0,5.325293327036943%
27530,0,5.325099891027969%
27531,0,5.324906469071228%
27532,0,5.32471306116519%
27533,0,5.324519667308321%
27534,0,5.324326287499092%
27535,0,5.3241329217359725%
27536,0,5.323939570017432%
27537,0,5.32374623234194%
27538,0,5.323552908707967%
27539,0,5.323359599113984%
27540,0,5.323166303558461%
27541,0,5.322973022039868%
27542,0,5.322779754556677%
27543,0,5.322586501107359%
27544,0,5.322393261690387%
27545,0,5.322200036304229%
27546,0,5.322006824947361%
27547,0,5.321813627618253%
27548,0,5.321620444315377%
27549,0,5.321427275037206%
27550,0,5.321234119782215%
27551,0,5.321040978548873%
27552,0,5.320847851335656%
27553,0,5.320654738141037%
27554,0,5.32046163896349%
27555,0,5.320268553801489%
27556,0,5.320075482653506%
27557,0,5.319882425518017%
27558,0,5.319689382393497%
27559,0,5.319496353278421%
27560,0,5.319303338171263%
27561,0,5.319110337070498%
27562,0,5.318917349974603%
27563,0,5.318724376882052%
27564,0,5.3185314177913225%
27565,0,5.318338472700889%
27566,0,5.318145541609229%
27567,0,5.3179526245148185%
27568,0,5.3177597214161345%
27569,0,5.3175668323116545%
27570,0,5.317373957199855%
27571,0,5.317181096079214%
27572,0,5.316988248948208%
27573,0,5.316795415805317%
27574,0,5.316602596649017%
27575,0,5.3164097914777875%
27576,0,5.3162170002901075%
27577,0,5.3160242230844545%
27578,0,5.315831459859308%
27579,1,5.319264657891874%
27580,0,5.319071791153009%
27581,0,5.318878938399623%
27582,0,5.318686099630194%
27583,0,5.318493274843201%
27584,0,5.318300464037122%
27585,0,5.318107667210441%
27586,0,5.317914884361633%
27587,0,5.31772211548918%
27588,0,5.3175293605915614%
27589,0,5.317336619667259%
27590,0,5.317143892714752%
27591,0,5.316951179732522%
27592,0,5.3167584807190496%
27593,0,5.316565795672815%
27594,0,5.316373124592302%
27595,0,5.316180467475992%
27596,0,5.315987824322366%
27597,0,5.315795195129906%
27598,0,5.315602579897094%
27599,0,5.315409978622414%
27600,0,5.315217391304348%
27601,0,5.315024817941379%
27602,0,5.3148322585319905%
27603,0,5.314639713074666%
27604,0,5.314447181567888%
27605,0,5.314254664010143%
27606,0,5.314062160399913%
27607,0,5.313869670735683%
27608,0,5.313677195015938%
27609,0,5.313484733239162%
27610,0,5.31329228540384%
27611,0,5.313099851508457%
27612,0,5.3129074315514995%
27613,0,5.312715025531452%
27614,0,5.312522633446802%
27615,0,5.312330255296035%
27616,0,5.3121378910776365%
27617,0,5.311945540790093%
27618,0,5.311753204431892%
27619,0,5.311560882001521%
27620,0,5.311368573497466%
27621,0,5.311176278918214%
27622,0,5.310983998262254%
27623,0,5.310791731528075%
27624,0,5.3105994787141615%
27625,0,5.310407239819004%
27626,0,5.310215014841091%
27627,0,5.310022803778912%
27628,0,5.309830606630954%
27629,0,5.3096384233957075%
27630,0,5.309446254071661%
27631,0,5.309254098657306%
27632,0,5.309061957151129%
27633,0,5.3088698295516235%
27634,0,5.308677715857278%
27635,0,5.308485616066582%
27636,0,5.3082935301780285%
27637,0,5.308101458190107%
27638,0,5.30790940010131%
27639,0,5.307717355910127%
27640,0,5.3075253256150505%
27641,0,5.307333309214573%
27642,0,5.307141306707185%
27643,0,5.306949318091379%
27644,0,5.306757343365649%
27645,0,5.306565382528486%
27646,0,5.306373435578384%
27647,0,5.306181502513835%
27648,0,5.305989583333334%
27649,0,5.305797678035372%
27650,0,5.305605786618445%
27651,0,5.305413909081046%
27652,0,5.30522204542167%
27653,0,5.3050301956388095%
27654,0,5.304838359730961%
27655,0,5.304646537696619%
27656,0,5.304454729534278%
27657,0,5.304262935242434%
27658,0,5.304071154819582%
27659,0,5.3038793882642175%
27660,0,5.303687635574837%
27661,0,5.303495896749936%
27662,0,5.303304171788013%
27663,0,5.3031124606875615%
27664,1,5.306535569693464%
27665,0,5.306343755647931%
27666,0,5.306151955468807%
27667,0,5.305960169154589%
27668,0,5.305768396703773%
27669,0,5.305576638114857%
27670,0,5.305384893386339%
27671,0,5.305193162516715%
27672,0,5.305001445504481%
27673,0,5.304809742348137%
27674,0,5.30461805304618%
27675,0,5.304426377597109%
27676,0,5.304234715999422%
27677,0,5.304043068251617%
27678,0,5.303851434352193%
27679,0,5.30365981429965%
27680,0,5.303468208092486%
27681,0,5.3032766157292%
27682,0,5.3030850372082945%
27683,0,5.302893472528266%
27684,0,5.302701921687617%
27685,0,5.302510384684847%
27686,0,5.302318861518457%
27687,0,5.302127352186947%
27688,0,5.301935856688819%
27689,0,5.301744375022572%
27690,0,5.30155290718671%
27691,0,5.301361453179734%
27692,0,5.301170013000144%
27693,0,5.300978586646445%
27694,0,5.300787174117137%
27695,0,5.3005957754107245%
27696,0,5.300404390525708%
27697,0,5.300213019460592%
27698,0,5.3000216622138785%
27699,0,5.299830318784072%
27700,0,5.299638989169675%
27701,0,5.299447673369192%
27702,0,5.299256371381128%
27703,0,5.299065083203986%
27704,0,5.2988738088362695%
27705,0,5.298682548276484%
27706,0,5.298491301523136%
27707,0,5.298300068574728%
27708,0,5.2981088494297675%
27709,0,5.297917644086759%
27710,0,5.297726452544208%
27711,0,5.297535274800621%
27712,0,5.297344110854504%
27713,0,5.297152960704363%
27714,0,5.296961824348704%
27715,0,5.296770701786036%
27716,0,5.296579593014865%
27717,0,5.296388498033697%
27718,0,5.296197416841042%
27719,0,5.296006349435405%
27720,0,5.295815295815296%
27721,0,5.295624255979221%
27722,0,5.295433229925691%
27723,0,5.295242217653212%
27724,0,5.295051219160294%
27725,0,5.294860234445446%
27726,0,5.294669263507178%
27727,0,5.294478306343997%
27728,0,5.294287362954414%
27729,0,5.294096433336939%
27730,0,5.293905517490083%
27731,0,5.293714615412354%
27732,0,5.293523727102264%
27733,0,5.293332852558324%
27734,0,5.293141991779043%
27735,0,5.2929511447629345%
27736,0,5.292760311508509%
27737,0,5.292569492014277%
27738,0,5.2923786862787505%
27739,0,5.292187894300444%
27740,0,5.291997116077866%
27741,0,5.291806351609531%
27742,0,5.291615600893952%
27743,0,5.29142486392964%
27744,0,5.29123414071511%
27745,0,5.291043431248873%
27746,0,5.2908527355294455%
27747,0,5.290662053555339%
27748,0,5.290471385325068%
27749,0,5.290280730837147%
27750,0,5.29009009009009%
27751,0,5.289899463082412%
27752,0,5.289708849812627%
27753,0,5.289518250279249%
27754,0,5.289327664480795%
27755,0,5.289137092415781%
27756,0,5.288946534082721%
27757,0,5.288755989480131%
27758,0,5.288565458606528%
27759,0,5.288374941460427%
27760,0,5.2881844380403455%
27761,0,5.2879939483448%
27762,0,5.287803472372307%
27763,0,5.287613010121384%
27764,0,5.2874225615905495%
27765,0,5.287232126778318%
27766,0,5.28704170568321%
27767,0,5.286851298303742%
27768,0,5.286660904638433%
27769,0,5.2864705246858%
27770,0,5.286280158444365%
27771,0,5.286089805912643%
27772,0,5.285899467089155%
27773,0,5.285709141972419%
27774,0,5.285518830560957%
27775,0,5.285328532853286%
27776,0,5.285138248847926%
27777,0,5.284947978543399%
27778,0,5.284757721938225%
27779,0,5.2845674790309225%
27780,0,5.2843772498200146%
27781,0,5.28418703430402%
27782,0,5.283996832481463%
27783,0,5.283806644350862%
27784,0,5.28361646991074%
27785,0,5.283426309159619%
27786,0,5.28323616209602%
27787,0,5.2830460287184655%
27788,0,5.2828559090254785%
27789,0,5.282665803015582%
27790,0,5.282475710687297%
27791,0,5.282285632039149%
27792,0,5.2820955670696605%
27793,1,5.285503544057856%
27794,0,5.2853133769878395%
27795,0,5.285123223601367%
27796,0,5.284933083896964%
27797,0,5.284742957873152%
27798,0,5.284552845528456%
27799,0,5.284362746861397%
27800,0,5.284172661870504%
27801,0,5.283982590554297%
27802,0,5.283792532911302%
27803,0,5.283602488940042%
27804,0,5.283412458639044%
27805,0,5.283222442006833%
27806,0,5.283032439041933%
27807,0,5.282842449742871%
27808,0,5.28265247410817%
27809,0,5.282462512136359%
27810,0,5.282272563825962%
27811,0,5.282082629175506%
27812,0,5.281892708183518%
27813,0,5.2817028008485245%
27814,0,5.281512907169052%
27815,0,5.281323027143627%
27816,0,5.281133160770779%
27817,0,5.280943308049035%
27818,0,5.280753468976922%
27819,0,5.280563643552967%
27820,0,5.280373831775701%
27821,0,5.280184033643651%
27822,0,5.279994249155345%
27823,0,5.2798044783093125%
27824,0,5.279614721104083%
27825,0,5.279424977538185%
27826,0,5.279235247610148%
27827,0,5.279045531318503%
27828,0,5.27885582866178%
27829,0,5.278666139638507%
27830,0,5.278476464247215%
27831,0,5.278286802486436%
27832,0,5.2780971543546995%
27833,0,5.277907519850538%
27834,0,5.27771789897248%
27835,0,5.277528291719059%
27836,0,5.277338698088806%
27837,0,5.277149118080253%
27838,0,5.276959551691932%
27839,0,5.276769998922375%
27840,1,5.280172413793103%
27841,1,5.283574584246256%
27842,1,5.286976510308167%
27843,1,5.290378192005172%
27844,1,5.2937796293635975%
27845,1,5.297180822409769%
27846,1,5.300581771170006%
27847,1,5.303982475670629%
27848,1,5.307382935937949%
27849,1,5.310783151998277%
27850,0,5.310592459605027%
27851,0,5.310401780905534%
27852,0,5.310211115898319%
27853,0,5.310020464581912%
27854,0,5.309829826954836%
27855,0,5.3096392030156165%
27856,0,5.30944859276278%
27857,0,5.3092579961948525%
27858,0,5.30906741331036%
27859,0,5.308876844107829%
27860,0,5.308686288585786%
27861,0,5.308495746742759%
27862,0,5.308305218577273%
27863,0,5.308114704087859%
27864,0,5.307924203273041%
27865,0,5.307733716131348%
27866,0,5.307543242661308%
27867,0,5.307352782861449%
27868,0,5.3071623367303%
27869,0,5.30697190426639%
27870,0,5.306781485468245%
27871,0,5.306591080334398%
27872,0,5.306400688863375%
27873,0,5.306210311053708%
27874,0,5.306019946903925%
27875,0,5.305829596412556%
27876,0,5.305639259578132%
27877,0,5.305448936399182%
27878,0,5.305258626874237%
27879,0,5.305068331001829%
27880,0,5.304878048780488%
27881,0,5.304687780208744%
27882,0,5.3044975252851305%
27883,0,5.3043072840081775%
27884,0,5.304117056376416%
27885,0,5.303926842388381%
27886,0,5.303736642042602%
27887,0,5.303546455337613%
27888,0,5.303356282271944%
27889,0,5.303166122844132%
27890,0,5.302975977052707%
27891,0,5.302785844896203%
27892,0,5.302595726373154%
27893,0,5.302405621482093%
27894,0,5.302215530221553%
27895,0,5.30202545259007%
27896,0,5.301835388586177%
27897,0,5.301645338208409%
27898,0,5.301455301455301%
27899,0,5.3012652783253875%
27900,0,5.301075268817204%
27901,0,5.3008852729292855%
27902,0,5.300695290660168%
27903,0,5.300505322008386%
27904,0,5.300315366972478%
27905,0,5.300125425550976%
27906,0,5.299935497742421%
27907,0,5.299745583545347%
27908,0,5.2995556829582915%
27909,0,5.299365795979791%
27910,0,5.299175922608383%
27911,0,5.298986062842607%
27912,0,5.298796216680998%
27913,0,5.298606384122094%
27914,0,5.298416565164434%
27915,0,5.298226759806555%
27916,0,5.298036968046998%
27917,0,5.2978471898843%
27918,0,5.2976574253169995%
27919,0,5.297467674343636%
27920,0,5.29727793696275%
27921,0,5.297088213172881%
27922,0,5.296898502972566%
27923,0,5.296708806360348%
27924,0,5.2965191233347655%
27925,0,5.2963294538943595%
27926,0,5.296139798037671%
27927,0,5.29595015576324%
27928,0,5.295760527069607%
27929,0,5.295570911955315%
27930,0,5.295381310418904%
27931,0,5.295191722458917%
27932,0,5.295002148073894%
27933,0,5.294812587262378%
27934,0,5.294623040022911%
27935,0,5.294433506354037%
27936,0,5.294243986254296%
27937,0,5.294054479722233%
27938,0,5.29386498675639%
27939,0,5.293675507355309%
27940,0,5.2934860415175375%
27941,0,5.293296589241616%
27942,0,5.29310715052609%
27943,0,5.292917725369502%
27944,0,5.2927283137703975%
27945,0,5.292538915727322%
27946,0,5.292349531238818%
27947,0,5.292160160303432%
27948,0,5.291970802919708%
27949,0,5.291781459086193%
27950,0,5.291592128801431%
27951,1,5.294980501592072%
27952,0,5.2947910704064105%
27953,1,5.298179086323471%
27954,1,5.301566859841167%
27955,1,5.304954390985513%
27956,1,5.308341679782515%
27957,0,5.3081518045569975%
27958,0,5.307961942914371%
27959,0,5.307772094853178%
27960,0,5.30758226037196%
27961,0,5.307392439469261%
27962,0,5.307202632143623%
27963,0,5.307012838393591%
27964,0,5.3068230582177085%
27965,0,5.306633291614518%
27966,0,5.306443538582564%
27967,0,5.306253799120392%
27968,0,5.306064073226545%
27969,0,5.305874360899567%
27970,0,5.305684662138005%
27971,0,5.305494976940403%
27972,0,5.305305305305305%
27973,0,5.305115647231259%
27974,0,5.304926002716809%
27975,0,5.304736371760501%
27976,0,5.304546754360881%
27977,0,5.304357150516496%
27978,0,5.304167560225892%
27979,0,5.3039779834876155%
27980,0,5.303788420300214%
27981,0,5.303598870662235%
27982,0,5.303409334572224%
27983,0,5.303219812028732%
27984,0,5.303030303030303%
27985,0,5.302840807575486%
27986,1,5.30622454084185%
27987,1,5.309608032300711%
27988,0,5.309418322138059%
27989,0,5.309228625531459%
27990,0,5.309038942479457%
27991,0,5.308849272980601%
27992,0,5.308659617033438%
27993,0,5.308469974636516%
27994,0,5.308280345788384%
27995,0,5.308090730487587%
27996,0,5.307901128732676%
27997,0,5.307711540522199%
27998,0,5.307521965854703%
27999,0,5.30733240472874%
28000,0,5.307142857142857%
28001,0,5.306953323095604%
28002,0,5.30676380258553%
28003,0,5.306574295611185%
28004,0,5.306384802171118%
28005,0,5.306195322263881%
28006,0,5.306005855888024%
28007,0,5.305816403042097%
28008,0,5.3056269637246505%
28009,0,5.305437537934235%
28010,0,5.305248125669404%
28011,0,5.305058726928706%
28012,0,5.304869341710695%
28013,0,5.304679970013923%
28014,0,5.304490611836939%
28015,0,5.304301267178297%
28016,0,5.30411193603655%
28017,0,5.303922618410251%
28018,0,5.3037333142979515%
28019,0,5.303544023698205%
28020,0,5.303354746609565%
28021,0,5.303165483030584%
28022,0,5.302976232959818%
28023,0,5.302786996395818%
28024,0,5.30259777333714%
28025,0,5.302408563782337%
28026,0,5.302219367729965%
28027,0,5.302030185178578%
28028,0,5.301841016126731%
28029,0,5.301651860572978%
28030,0,5.301462718515876%
28031,0,5.301273589953979%
28032,0,5.301084474885845%
28033,0,5.300895373310027%
28034,0,5.300706285225084%
28035,0,5.300517210629571%
28036,0,5.300328149522043%
28037,0,5.30013910190106%
28038,0,5.299950067765176%
28039,0,5.29976104711295%
28040,0,5.299572039942939%
28041,0,5.2993830462537%
28042,0,5.299194066043792%
28043,0,5.2990050993117706%
28044,0,5.298816146056198%
28045,0,5.298627206275628%
28046,0,5.298438279968623%
28047,0,5.2982493671337405%
28048,0,5.298060467769538%
28049,0,5.297871581874577%
28050,0,5.2976827094474155%
28051,0,5.297493850486614%
28052,0,5.297305004990731%
28053,0,5.2971161729583285%
28054,0,5.296927354387966%
28055,0,5.296738549278204%
28056,0,5.296549757627602%
28057,0,5.296360979434722%
28058,0,5.296172214698125%
28059,0,5.2959834634163725%
28060,0,5.295794725588026%
28061,0,5.295606001211646%
28062,0,5.295417290285796%
28063,0,5.295228592809037%
28064,0,5.295039908779932%
28065,0,5.294851238197042%
28066,0,5.294662581058932%
28067,0,5.294473937364164%
28068,1,5.29784808322645%
28069,1,5.301221988670775%
28070,1,5.304595653722836%
28071,1,5.307969078408322%
28072,1,5.3113422627529205%
28073,0,5.311153065222812%
28074,0,5.31096388117119%
28075,0,5.3107747105966165%
28076,0,5.310585553497649%
28077,0,5.310396409872849%
28078,0,5.310207279720778%
28079,0,5.310018163039994%
28080,0,5.30982905982906%
28081,0,5.309639970086535%
28082,0,5.309450893810983%
28083,0,5.309261831000962%
28084,0,5.309072781655035%
28085,0,5.308883745771764%
28086,0,5.308694723349712%
28087,0,5.308505714387439%
28088,0,5.308316718883509%
28089,0,5.308127736836484%
28090,0,5.307938768244927%
28091,0,5.3077498131074%
28092,0,5.307560871422469%
28093,0,5.307371943188695%
28094,0,5.3071830284046415%
28095,0,5.306994127068874%
28096,0,5.306805239179954%
28097,0,5.306616364736449%
28098,0,5.306427503736921%
28099,0,5.306238656179936%
28100,0,5.3060498220640575%
28101,0,5.305861001387851%
28102,0,5.305672194149882%
28103,0,5.3054834003487175%
28104,0,5.305294619982921%
28105,0,5.305105853051058%
28106,0,5.304917099551697%
28107,0,5.304728359483403%
28108,0,5.304539632844742%
28109,0,5.30435091963428%
28110,0,5.3041622198505864%
28111,0,5.303973533492227%
28112,0,5.303784860557769%
28113,0,5.30359620104578%
28114,0,5.303407554954827%
28115,0,5.303218922283478%
28116,0,5.303030303030303%
28117,0,5.302841697193869%
28118,0,5.302653104772744%
28119,0,5.3024645257654965%
28120,0,5.3022759601706975%
28121,0,5.302087407986914%
28122,1,5.30545480406799%
28123,1,5.308821960672759%
28124,0,5.308633195846964%
28125,1,5.312%
28126,1,5.315366564744364%
28127,1,5.318732890105593%
28128,1,5.322098976109215%
28129,0,5.321909772832308%
28130,0,5.321720583007465%
28131,1,5.325086203832071%
28132,0,5.324896914545714%
28133,1,5.328262183201223%
28134,0,5.3280727944835435%
28135,1,5.3314377110360756%
28136,1,5.334802388399204%
28137,1,5.338166826598429%
28138,1,5.341531025659251%
28139,1,5.344894985607165%
28140,0,5.344705046197584%
28141,0,5.3445151202871255%
28142,0,5.344325207874352%
28143,0,5.3441353089578225%
28144,0,5.3439454235361%
28145,0,5.343755551607746%
28146,0,5.343565693171321%
28147,0,5.343375848225388%
28148,0,5.3431860167685095%
28149,0,5.342996198799247%
28150,0,5.342806394316164%
28151,0,5.342616603317821%
28152,0,5.342426825802785%
28153,0,5.342237061769616%
28154,0,5.342047311216878%
28155,0,5.341857574143137%
28156,0,5.341667850546953%
28157,0,5.341478140426892%
28158,0,5.341288443781519%
28159,0,5.3410987606093965%
28160,0,5.340909090909091%
28161,0,5.340719434679166%
28162,0,5.340529791918187%
28163,0,5.34034016262472%
28164,0,5.3401505467973305%
28165,0,5.339960944434582%
28166,0,5.339771355535042%
28167,0,5.339581780097277%
28168,0,5.339392218119852%
28169,0,5.339202669601335%
28170,0,5.3390131345402905%
28171,0,5.338823612935288%
28172,0,5.338634104784893%
28173,0,5.338444610087673%
28174,0,5.338255128842195%
28175,0,5.338065661047028%
28176,0,5.337876206700738%
28177,0,5.337686765801895%
28178,0,5.337497338349067%
28179,0,5.337307924340822%
28180,0,5.337118523775727%
28181,0,5.336929136652355%
28182,0,5.336739762969271%
28183,0,5.336550402725047%
28184,0,5.3363610559182515%
28185,0,5.336171722547454%
28186,0,5.335982402611225%
28187,0,5.3357930961081355%
28188,0,5.3356038030367525%
28189,0,5.3354145233956505%
28190,0,5.3352252571833985%
28191,0,5.3350360043985665%
28192,0,5.334846765039727%
28193,0,5.334657539105452%
28194,0,5.334468326594311%
28195,0,5.334279127504877%
28196,0,5.334089941835721%
28197,0,5.333900769585417%
28198,0,5.333711610752536%
28199,0,5.33352246533565%
28200,1,5.336879432624113%
28201,0,5.336690188291195%
28202,0,5.3365009573789095%
28203,0,5.3363117398858275%
28204,0,5.3361225358105235%
28205,0,5.3359333451515685%
28206,0,5.335744167907537%
28207,0,5.335555004077002%
28208,0,5.335365853658536%
28209,0,5.3351767166507145%
28210,0,5.334987593052109%
28211,0,5.334798482861295%
28212,0,5.334609386076846%
28213,0,5.334420302697338%
28214,0,5.334231232721344%
28215,0,5.33404217614744%
28216,0,5.333853132974199%
28217,0,5.333664103200198%
28218,1,5.337018924091005%
28219,0,5.336829795527835%
28220,0,5.336640680368533%
28221,1,5.339995039155239%
28222,1,5.343349160229608%
28223,1,5.346703043616908%
28224,1,5.350056689342404%
28225,1,5.353410097431356%
28226,1,5.356763267909019%
28227,0,5.3565734934637055%
28228,0,5.35638373246422%
28229,0,5.356193984909137%
28230,0,5.3560042507970245%
28231,0,5.355814530126457%
28232,0,5.355624822896004%
28233,0,5.35543512910424%
28234,0,5.355245448749734%
28235,0,5.3550557818310605%
28236,0,5.354866128346791%
28237,0,5.354676488295499%
28238,0,5.354486861675756%
28239,0,5.354297248486136%
28240,0,5.354107648725213%
28241,0,5.353918062391559%
28242,0,5.353728489483748%
28243,0,5.3535389300003535%
28244,0,5.3533493839399515%
28245,0,5.353159851301116%
28246,0,5.3529703320824185%
28247,0,5.352780826282437%
28248,0,5.352591333899745%
28249,0,5.352401854932918%
28250,0,5.352212389380531%
28251,0,5.35202293724116%
28252,0,5.351833498513379%
28253,0,5.351644073195767%
28254,0,5.351454661286898%
28255,0,5.351265262785348%
28256,0,5.351075877689694%
28257,0,5.350886505998513%
28258,0,5.350697147710383%
28259,0,5.350507802823879%
28260,0,5.35031847133758%
28261,0,5.350129153250062%
28262,0,5.349939848559904%
28263,0,5.349750557265684%
28264,0,5.349561279365978%
28265,0,5.349372014859367%
28266,0,5.349182763744428%
28267,0,5.34899352601974%
28268,0,5.348804301683883%
28269,0,5.348615090735435%
28270,0,5.3484258931729745%
28271,0,5.348236708995083%
28272,0,5.34804753820034%
28273,0,5.347858380787324%
28274,0,5.347669236754616%
28275,0,5.347480106100796%
28276,0,5.347290988824445%
28277,0,5.347101884924143%
28278,0,5.346912794398472%
28279,0,5.346723717246013%
28280,0,5.346534653465347%
28281,0,5.346345603055055%
28282,0,5.346156566013719%
28283,0,5.345967542339921%
28284,0,5.345778532032244%
28285,0,5.34558953508927%
28286,0,5.345400551509581%
28287,0,5.3452115812917596%
28288,0,5.345022624434389%
28289,0,5.344833680936053%
28290,0,5.344644750795334%
28291,0,5.344455834010816%
28292,0,5.3442669305810835%
28293,0,5.344078040504718%
28294,0,5.3438891637803065%
28295,0,5.343700300406432%
28296,0,5.343511450381679%
28297,0,5.3433226137046335%
28298,0,5.343133790373878%
28299,0,5.342944980387999%
28300,0,5.342756183745583%
28301,0,5.342567400445214%
28302,0,5.342378630485478%
28303,0,5.342189873864962%
28304,0,5.34200113058225%
28305,0,5.34181240063593%
28306,0,5.341623684024588%
28307,0,5.341434980746812%
28308,0,5.341246290801187%
28309,0,5.341057614186301%
28310,0,5.340868950900742%
28311,0,5.340680300943097%
28312,0,5.340491664311953%
28313,0,5.340303041005899%
28314,0,5.340114431023522%
28315,0,5.339925834363412%
28316,0,5.3397372510241565%
28317,0,5.339548681004343%
28318,0,5.339360124302564%
28319,0,5.339171580917405%
28320,0,5.338983050847458%
28321,0,5.33879453409131%
28322,0,5.338606030647553%
28323,0,5.338417540514776%
28324,0,5.3382290636915695%
28325,0,5.338040600176522%
28326,0,5.337852149968227%
28327,0,5.3376637130652735%
28328,0,5.337475289466252%
28329,0,5.337286879169755%
28330,0,5.337098482174373%
28331,0,5.336910098478699%
28332,0,5.336721728081321%
28333,0,5.336533370980836%
28334,0,5.336345027175831%
28335,0,5.3361566966649026%
28336,0,5.33596837944664%
28337,0,5.335780075519639%
28338,0,5.3355917848824905%
28339,0,5.335403507533788%
28340,0,5.335215243472124%
28341,0,5.335026992696093%
28342,0,5.33483875520429%
28343,0,5.334650530995307%
28344,0,5.334462320067739%
28345,0,5.33427412242018%
28346,0,5.334085938051224%
28347,0,5.333897766959467%
28348,0,5.333709609143502%
28349,0,5.333521464601926%
28350,0,5.333333333333334%
28351,0,5.3331452153363195%
28352,0,5.33295711060948%
28353,0,5.332769019151413%
28354,0,5.33258094096071%
28355,0,5.332392876035972%
28356,0,5.332204824375793%
28357,0,5.33201678597877%
28358,0,5.331828760843501%
28359,0,5.3316407489685815%
28360,0,5.33145275035261%
28361,0,5.331264764994182%
28362,0,5.331076792891897%
28363,0,5.330888834044353%
28364,1,5.334226484275843%
28365,1,5.337563899171514%
28366,1,5.340901078756258%
28367,1,5.344238023054959%
28368,0,5.344049633389735%
28369,0,5.343861257005886%
28370,0,5.343672893902009%
28371,0,5.343484544076698%
28372,0,5.3432962075285495%
28373,0,5.343107884256159%
28374,0,5.342919574258124%
28375,0,5.34273127753304%
28376,0,5.342542994079504%
28377,0,5.342354723896113%
28378,0,5.342166466981464%
28379,0,5.341978223334156%
28380,0,5.3417899929527835%
28381,0,5.341601775835947%
28382,0,5.341413571982242%
28383,0,5.341225381390268%
28384,1,5.3445603156708%
28385,0,5.344372027479302%
28386,0,5.344183752554076%
28387,0,5.343995490893719%
28388,0,5.34380724249683%
28389,0,5.3436190073620065%
28390,0,5.343430785487848%
28391,0,5.343242576872953%
28392,0,5.34305438151592%
28393,0,5.342866199415349%
28394,0,5.342678030569839%
28395,0,5.342489874977989%
28396,0,5.3423017326384%
28397,0,5.342113603549671%
28398,0,5.341925487710402%
28399,0,5.341737385119194%
28400,0,5.341549295774648%
28401,0,5.341361219675363%
28402,0,5.341173156819942%
28403,0,5.340985107206985%
28404,0,5.340797070835094%
28405,0,5.340609047702869%
28406,0,5.340421037808913%
28407,0,5.340233041151829%
28408,0,5.340045057730217%
28409,0,5.33985708754268%
28410,0,5.339669130587821%
28411,0,5.339481186864243%
28412,0,5.3392932563705475%
28413,0,5.339105339105339%
28414,0,5.338917435067221%
28415,0,5.338729544254795%
28416,0,5.338541666666666%
28417,0,5.338353802301439%
28418,0,5.338165951157717%
28419,0,5.337978113234104%
28420,0,5.337790288529205%
28421,0,5.3376024770416235%
28422,0,5.337414678769966%
28423,0,5.337226893712838%
28424,0,5.337039121868843%
28425,0,5.336851363236588%
28426,1,5.340181523956941%
28427,1,5.343511450381679%
28428,1,5.346841142535529%
28429,0,5.346653065531676%
28430,1,5.349982412944073%
28431,1,5.353311526151033%
28432,1,5.356640405177266%
28433,1,5.3599690500474795%
28434,0,5.359780544418654%
28435,0,5.359592052048532%
28436,0,5.359403572935715%
28437,0,5.359215107078806%
28438,0,5.359026654476405%
28439,0,5.358838215127114%
28440,0,5.358649789029537%
28441,0,5.358461376182272%
28442,0,5.358272976583925%
28443,0,5.358084590233098%
28444,0,5.357896217128393%
28445,0,5.357707857268413%
28446,0,5.357519510651762%
28447,0,5.357331177277041%
28448,0,5.357142857142857%
28449,0,5.356954550247812%
28450,0,5.356766256590509%
28451,0,5.356577976169555%
28452,0,5.356389708983551%
28453,0,5.356201455031104%
28454,0,5.356013214310817%
28455,0,5.355824986821297%
28456,0,5.355636772561147%
28457,0,5.3554485715289735%
28458,0,5.355260383723382%
28459,0,5.355072209142977%
28460,0,5.354884047786366%
28461,0,5.354695899652156%
28462,0,5.35450776473895%
28463,0,5.354319643045357%
28464,0,5.354131534569983%
28465,0,5.353943439311435%
28466,0,5.35375535726832%
28467,0,5.353567288439246%
28468,0,5.353379232822818%
28469,0,5.353191190417647%
28470,0,5.35300316122234%
28471,0,5.352815145235502%
28472,0,5.352627142455746%
28473,0,5.3524391528816775%
28474,0,5.352251176511905%
28475,0,5.35206321334504%
28476,0,5.3518752633796876%
28477,0,5.351687326614461%
28478,0,5.351499403047967%
28479,0,5.351311492678816%
28480,0,5.351123595505618%
28481,0,5.350935711526983%
28482,0,5.350747840741521%
28483,0,5.350559983147843%
28484,0,5.350372138744559%
28485,0,5.350184307530279%
28486,0,5.349996489503616%
28487,0,5.34980868466318%
28488,0,5.3496208930075815%
28489,0,5.349433114535435%
28490,0,5.349245349245349%
28491,0,5.349057597135937%
28492,0,5.348869858205812%
28493,0,5.348682132453585%
28494,0,5.348494419877869%
28495,0,5.348306720477277%
28496,0,5.348119034250421%
28497,0,5.347931361195915%
28498,0,5.347743701312373%
28499,0,5.347556054598407%
28500,0,5.347368421052632%
28501,0,5.3471808006736605%
28502,0,5.346993193460108%
28503,0,5.3468055994105885%
28504,0,5.346618018523716%
28505,0,5.346430450798105%
28506,0,5.346242896232372%
28507,0,5.346055354825131%
28508,0,5.345867826574997%
28509,0,5.345680311480585%
28510,0,5.345492809540512%
28511,0,5.345305320753393%
28512,0,5.345117845117845%
28513,0,5.344930382632483%
28514,0,5.344742933295925%
28515,0,5.344555497106786%
28516,0,5.344368074063683%
28517,0,5.344180664165235%
28518,0,5.343993267410057%
28519,0,5.343805883796767%
28520,0,5.3436185133239835%
28521,0,5.343431155990323%
28522,0,5.343243811794404%
28523,0,5.3430564807348455%
28524,0,5.342869162810265%
28525,0,5.342681858019281%
28526,0,5.3424945663605135%
28527,0,5.34230728783258%
28528,0,5.3421200224341%
28529,0,5.341932770163693%
28530,0,5.3417455310199795%
28531,0,5.341558305001577%
28532,0,5.341371092107107%
28533,0,5.341183892335191%
28534,0,5.3409967056844465%
28535,0,5.340809532153496%
28536,0,5.340622371740959%
28537,0,5.340435224445457%
28538,0,5.340248090265611%
28539,0,5.340060969200042%
28540,0,5.339873861247372%
28541,0,5.339686766406223%
28542,0,5.339499684675215%
28543,0,5.339312616052973%
28544,0,5.3391255605381165%
28545,0,5.338938518129269%
28546,0,5.338751488825054%
28547,0,5.3385644726240935%
28548,0,5.33837746952501%
28549,0,5.338190479526428%
28550,0,5.33800350262697%
28551,0,5.33781653882526%
28552,0,5.337629588119921%
28553,0,5.337442650509579%
28554,0,5.337255725992856%
28555,0,5.337068814568377%
28556,0,5.336881916234767%
28557,0,5.33669503099065%
28558,0,5.336508158834652%
28559,0,5.336321299765398%
28560,0,5.336134453781512%
28561,0,5.335947620881622%
28562,0,5.335760801064351%
28563,0,5.335573994328327%
28564,0,5.335387200672175%
28565,0,5.335200420094521%
28566,0,5.335013652593993%
28567,0,5.334826898169216%
28568,0,5.334640156818819%
28569,0,5.334453428541426%
28570,0,5.334266713335667%
28571,0,5.334080011200168%
28572,0,5.333893322133557%
28573,0,5.333706646134463%
28574,0,5.333519983201511%
28575,0,5.333333333333334%
28576,0,5.333146696528555%
28577,0,5.332960072785807%
28578,0,5.332773462103716%
28579,0,5.332586864480913%
28580,0,5.332400279916025%
28581,0,5.332213708407683%
28582,0,5.332027149954517%
28583,0,5.331840604555156%
28584,0,5.331654072208228%
28585,0,5.3314675529123665%
28586,0,5.3312810466662%
28587,0,5.331094553468359%
28588,0,5.330908073317476%
28589,0,5.33072160621218%
28590,0,5.330535152151102%
28591,0,5.330348711132874%
28592,0,5.3301622831561275%
28593,0,5.329975868219494%
28594,0,5.329789466321606%
28595,0,5.329603077461095%
28596,0,5.3294167016365925%
28597,0,5.329230338846732%
28598,0,5.329043989090146%
28599,0,5.328857652365468%
28600,0,5.328671328671328%
28601,0,5.328485018006363%
28602,0,5.3282987203692045%
28603,0,5.328112435758487%
28604,0,5.327926164172843%
28605,0,5.327739905610907%
28606,0,5.327553660071314%
28607,0,5.327367427552697%
28608,0,5.327181208053691%
28609,0,5.326995001572932%
28610,0,5.326808808109053%
28611,0,5.32662262766069%
28612,0,5.326436460226478%
28613,0,5.326250305805054%
28614,0,5.326064164395052%
28615,0,5.325878035995108%
28616,0,5.325691920603858%
28617,0,5.3255058182199395%
28618,0,5.325319728841987%
28619,0,5.325133652468639%
28620,0,5.3249475890985325%
28621,0,5.324761538730303%
28622,0,5.324575501362588%
28623,0,5.324389476994026%
28624,0,5.3242034656232535%
28625,0,5.324017467248908%
28626,0,5.32383148186963%
28627,0,5.323645509484053%
28628,0,5.32345955009082%
28629,0,5.323273603688568%
28630,0,5.323087670275934%
28631,0,5.322901749851559%
28632,0,5.322715842414082%
28633,0,5.322529947962142%
28634,0,5.322344066494377%
28635,0,5.322158198009428%
28636,0,5.321972342505936%
28637,0,5.32178649998254%
28638,0,5.3216006704378795%
28639,0,5.321414853870595%
28640,0,5.32122905027933%
28641,0,5.321043259662721%
28642,0,5.320857482019412%
28643,0,5.320671717348043%
28644,0,5.320485965647256%
28645,0,5.320300226915692%
28646,0,5.320114501151994%
28647,0,5.319928788354802%
28648,0,5.319743088522759%
28649,0,5.319557401654508%
28650,0,5.319371727748691%
28651,0,5.319186066803951%
28652,0,5.319000418818931%
28653,0,5.318814783792273%
28654,0,5.318629161722622%
28655,0,5.31844355260862%
28656,0,5.318257956448911%
28657,0,5.31807237324214%
28658,0,5.3178868029869495%
28659,0,5.3177012456819845%
28660,0,5.317515701325889%
28661,0,5.31733016991731%
28662,0,5.317144651454888%
28663,1,5.3204479642745%
28664,1,5.323751046608987%
28665,1,5.32705389848247%
28666,0,5.326868066699226%
28667,0,5.326682247880838%
28668,0,5.326496442025952%
28669,0,5.32631064913321%
28670,0,5.326124869201256%
28671,0,5.325939102228733%
28672,0,5.325753348214286%
28673,0,5.325567607156558%
28674,0,5.325381879054195%
28675,0,5.325196163905841%
28676,0,5.325010461710141%
28677,0,5.324824772465739%
28678,0,5.324639096171281%
28679,0,5.324453432825412%
28680,0,5.324267782426778%
28681,0,5.3240821449740245%
28682,0,5.323896520465797%
28683,0,5.323710908900742%
28684,0,5.323525310277507%
28685,0,5.323339724594736%
28686,0,5.323154151851077%
28687,0,5.322968592045177%
28688,0,5.322783045175683%
28689,0,5.322597511241242%
28690,0,5.322411990240502%
28691,0,5.32222648217211%
28692,0,5.322040987034714%
28693,0,5.321855504826961%
28694,0,5.321670035547501%
28695,0,5.321484579194982%
28696,0,5.321299135768051%
28697,0,5.3211137052653585%
28698,0,5.320928287685553%
28699,0,5.320742883027283%
28700,0,5.320557491289199%
28701,0,5.320372112469949%
28702,0,5.320186746568183%
28703,0,5.320001393582553%
28704,0,5.319816053511706%
28705,0,5.319630726354293%
28706,0,5.3194454121089665%
28707,0,5.319260110774375%
28708,0,5.319074822349171%
28709,0,5.318889546832004%
28710,0,5.318704284221525%
28711,0,5.318519034516387%
28712,0,5.318333797715241%
28713,0,5.318148573816738%
28714,0,5.317963362819531%
28715,0,5.317778164722271%
28716,0,5.31759297952361%
28717,0,5.317407807222203%
28718,0,5.3172226478167%
28719,0,5.317037501305756%
28720,0,5.316852367688022%
28721,0,5.316667246962154%
28722,1,5.319963790822366%
28723,0,5.319778574661421%
28724,0,5.319593371396741%
28725,0,5.31940818102698%
28726,0,5.31922300355079%
28727,0,5.319037838966826%
28728,0,5.31885268727374%
28729,0,5.318667548470187%
28730,0,5.318482422554821%
28731,0,5.3182973095262955%
28732,0,5.3181122093832665%
28733,0,5.317927122124386%
28734,0,5.317742047748312%
28735,0,5.317556986253698%
28736,0,5.317371937639198%
28737,0,5.31718690190347%
28738,0,5.317001879045167%
28739,0,5.316816869062945%
28740,0,5.316631871955463%
28741,0,5.316446887721374%
28742,0,5.316261916359335%
28743,0,5.3160769578680025%
28744,0,5.315892012246034%
28745,0,5.3157070794920855%
28746,0,5.315522159604814%
28747,0,5.315337252582878%
28748,0,5.3151523584249345%
28749,0,5.31496747712964%
28750,0,5.314782608695652%
28751,0,5.31459775312163%
28752,0,5.314412910406233%
28753,0,5.314228080548117%
28754,0,5.314043263545941%
28755,1,5.317336115458182%
28756,0,5.317151203227152%
28757,0,5.316966303856453%
28758,0,5.316781417344739%
28759,0,5.316596543690671%
28760,0,5.316411682892907%
28761,0,5.316226834950106%
28762,0,5.316041999860928%
28763,0,5.315857177624031%
28764,0,5.315672368238075%
28765,0,5.315487571701721%
28766,0,5.315302788013628%
28767,0,5.315118017172455%
28768,0,5.314933259176864%
28769,0,5.3147485140255135%
28770,0,5.314563781717067%
28771,0,5.3143790622501825%
28772,0,5.314194355623523%
28773,0,5.314009661835748%
28774,0,5.313824980885522%
28775,0,5.313640312771503%
28776,0,5.313455657492354%
28777,0,5.313271015046739%
28778,0,5.3130863854333175%
28779,0,5.312901768650753%
28780,0,5.312717164697707%
28781,0,5.3125325735728435%
28782,0,5.312347995274824%
28783,0,5.312163429802315%
28784,0,5.311978877153974%
28785,0,5.31179433732847%
28786,0,5.311609810324463%
28787,0,5.311425296140619%
28788,0,5.311240794775601%
28789,0,5.311056306228074%
28790,0,5.3108718304967%
28791,0,5.3106873675801465%
28792,0,5.310502917477077%
28793,0,5.310318480186156%
28794,0,5.31013405570605%
28795,0,5.309949644035423%
28796,0,5.30976524517294%
28797,0,5.309580859117268%
28798,0,5.309396485867074%
28799,0,5.309212125421022%
28800,0,5.309027777777778%
28801,0,5.308843442936009%
28802,0,5.308659120894382%
28803,0,5.308474811651564%
28804,0,5.308290515206222%
28805,0,5.308106231557021%
28806,0,5.307921960702632%
28807,0,5.307737702641719%
28808,0,5.307553457372952%
28809,0,5.307369224894998%
28810,0,5.3071850052065255%
28811,0,5.307000798306202%
28812,0,5.306816604192697%
28813,0,5.30663242286468%
28814,0,5.3064482543208165%
28815,0,5.306264098559778%
28816,0,5.306079955580233%
28817,0,5.305895825380852%
28818,0,5.3057117079603024%
28819,0,5.305527603317256%
28820,0,5.305343511450382%
28821,0,5.30515943235835%
28822,0,5.30497536603983%
28823,0,5.304791312493495%
28824,0,5.304607271718012%
28825,0,5.304423243712055%
28826,0,5.304239228474294%
28827,0,5.3040552260034%
28828,0,5.303871236298044%
28829,0,5.303687259356898%
28830,0,5.303503295178634%
28831,0,5.303319343761923%
28832,0,5.303135405105438%
28833,0,5.302951479207852%
28834,0,5.302767566067836%
28835,0,5.302583665684065%
28836,0,5.302399778055208%
28837,0,5.302215903179943%
28838,0,5.302032041056939%
28839,0,5.301848191684871%
28840,0,5.301664355062413%
28841,0,5.301480531188239%
28842,0,5.301296720061022%
28843,0,5.3011129216794375%
28844,0,5.300929136042158%
28845,0,5.300745363147859%
28846,0,5.300561602995216%
28847,0,5.300377855582903%
28848,0,5.3001941209095955%
28849,0,5.300010398973968%
28850,0,5.299826689774697%
28851,0,5.299642993310457%
28852,0,5.299459309579925%
28853,0,5.2992756385817765%
28854,0,5.299091980314688%
28855,0,5.298908334777335%
28856,0,5.298724701968395%
28857,0,5.298541081886544%
28858,0,5.29835747453046%
28859,0,5.298173879898818%
28860,0,5.297990297990298%
28861,0,5.297806728803576%
28862,0,5.297623172337329%
28863,0,5.2974396285902365%
28864,0,5.297256097560975%
28865,0,5.2970725792482245%
28866,0,5.296889073650662%
28867,0,5.296705580766966%
28868,0,5.296522100595816%
28869,0,5.29633863313589%
28870,0,5.296155178385868%
28871,0,5.295971736344429%
28872,0,5.295788307010252%
28873,0,5.295604890382018%
28874,0,5.295421486458405%
28875,0,5.295238095238095%
28876,0,5.2950547167197675%
28877,0,5.294871350902102%
28878,0,5.29468799778378%
28879,0,5.294504657363483%
28880,0,5.29432132963989%
28881,0,5.294138014611683%
28882,0,5.293954712277543%
28883,0,5.293771422636153%
28884,0,5.293588145686193%
28885,0,5.293404881426346%
28886,0,5.293221629855293%
28887,0,5.293038390971717%
28888,0,5.292855164774301%
28889,0,5.292671951261726%
28890,0,5.292488750432676%
28891,0,5.292305562285833%
28892,0,5.292122386819881%
28893,0,5.291939224033503%
28894,0,5.291756073925383%
28895,0,5.291572936494203%
28896,0,5.291389811738649%
28897,0,5.291206699657404%
28898,0,5.291023600249152%
28899,0,5.2908405135125784%
28900,0,5.290657439446367%
28901,0,5.290474378049202%
28902,0,5.29029132931977%
28903,0,5.290108293256755%
28904,0,5.289925269858843%
28905,0,5.2897422591247185%
28906,0,5.289559261053069%
28907,0,5.289376275642578%
28908,0,5.289193302891933%
28909,0,5.28901034279982%
28910,0,5.288827395364926%
28911,0,5.288644460585936%
28912,0,5.288461538461538%
28913,0,5.288278628990419%
28914,0,5.288095732171266%
28915,0,5.287912848002767%
28916,0,5.287729976483608%
28917,0,5.287547117612477%
28918,0,5.287364271388062%
28919,0,5.2871814378090525%
28920,0,5.286998616874135%
28921,0,5.286815808581999%
28922,0,5.286633012931333%
28923,0,5.286450229920824%
28924,0,5.286267459549164%
28925,0,5.286084701815039%
28926,0,5.28590195671714%
28927,0,5.285719224254157%
28928,0,5.285536504424779%
28929,0,5.285353797227695%
28930,0,5.285171102661597%
28931,0,5.284988420725174%
28932,0,5.2848057514171165%
28933,0,5.284623094736114%
28934,0,5.28444045068086%
28935,0,5.284257819250043%
28936,0,5.284075200442356%
28937,0,5.283892594256488%
28938,0,5.2837100006911335%
28939,0,5.28352741974498%
28940,0,5.283344851416724%
28941,0,5.283162295705055%
28942,0,5.282979752608666%
28943,0,5.2827972221262485%
28944,0,5.2826147042564955%
28945,0,5.2824321989981%
28946,0,5.282249706349755%
28947,0,5.282067226310153%
28948,0,5.281884758877988%
28949,0,5.2817023040519535%
28950,0,5.281519861830743%
28951,0,5.28133743221305%
28952,0,5.281155015197568%
28953,0,5.280972610782993%
28954,0,5.2807902189680185%
28955,0,5.2806078397513385%
28956,0,5.280425473131648%
28957,0,5.280243119107642%
28958,0,5.280060777678017%
28959,0,5.279878448841465%
28960,0,5.279696132596685%
28961,0,5.27951382894237%
28962,0,5.279331537877219%
28963,0,5.279149259399924%
28964,0,5.278966993509184%
28965,1,5.282237182806836%
28966,1,5.285507146309467%
28967,1,5.28877688404046%
28968,0,5.288594310963822%
28969,0,5.288411750491905%
28970,0,5.288229202623404%
28971,0,5.288046667357013%
28972,0,5.287864144691426%
28973,0,5.287681634625341%
28974,0,5.287499137157452%
28975,0,5.287316652286454%
28976,0,5.287134180011044%
28977,0,5.286951720329917%
28978,0,5.286769273241769%
28979,0,5.286586838745298%
28980,0,5.2864044168392%
28981,0,5.28622200752217%
28982,0,5.286039610792906%
28983,0,5.285857226650105%
28984,0,5.285674855092465%
28985,0,5.285492496118682%
28986,0,5.285310149727454%
28987,0,5.28512781591748%
28988,0,5.284945494687457%
28989,0,5.284763186036082%
28990,0,5.284580889962056%
28991,0,5.284398606464076%
28992,0,5.2842163355408385%
28993,0,5.284034077191046%
28994,0,5.283851831413395%
28995,0,5.283669598206588%
28996,0,5.28348737756932%
28997,0,5.283305169500293%
28998,0,5.283122973998207%
28999,0,5.282940791061761%
29000,0,5.2827586206896555%
29001,0,5.2825764628805905%
29002,0,5.282394317633267%
29003,0,5.282212184946385%
29004,0,5.282030064818645%
29005,0,5.2818479572487504%
29006,0,5.2816658622354%
29007,0,5.281483779777295%
29008,0,5.281301709873138%
29009,0,5.281119652521631%
29010,0,5.280937607721476%
29011,0,5.280755575471373%
29012,0,5.280573555770026%
29013,0,5.280391548616137%
29014,0,5.28020955400841%
29015,0,5.280027571945546%
29016,0,5.2798456024262475%
29017,0,5.27966364544922%
29018,1,5.282927837893721%
29019,1,5.2861918053688965%
29020,1,5.289455547898001%
29021,1,5.29271906550429%
29022,1,5.295982358211012%
29023,0,5.295799882851532%
29024,0,5.2956174200661525%
29025,0,5.2954349698535745%
29026,0,5.2952525322124995%
29027,0,5.295070107141626%
29028,0,5.294887694639659%
29029,0,5.294705294705294%
29030,0,5.294522907337237%
29031,0,5.2943405325341875%
29032,0,5.294158170294847%
29033,0,5.293975820617917%
29034,0,5.2937934835021005%
29035,0,5.293611158946099%
29036,0,5.293428846948616%
29037,0,5.293246547508351%
29038,0,5.29306426062401%
29039,0,5.292881986294294%
29040,0,5.292699724517906%
29041,0,5.29251747529355%
29042,0,5.29233523861993%
29043,0,5.292153014495748%
29044,0,5.291970802919708%
29045,0,5.291788603890515%
29046,0,5.2916064174068715%
29047,0,5.291424243467484%
29048,0,5.291242082071055%
29049,1,5.294502392509209%
29050,1,5.29776247848537%
29051,1,5.301022340022719%
29052,0,5.300839873330579%
29053,1,5.304099404536537%
29054,1,5.307358711365044%
29055,0,5.3071760454310795%
29056,0,5.306993392070485%
29057,0,5.306810751281963%
29058,0,5.3066281230642165%
29059,0,5.306445507415947%
29060,0,5.306262904335856%
29061,0,5.306080313822649%
29062,0,5.305897735875026%
29063,0,5.30571517049169%
29064,0,5.305532617671346%
29065,0,5.305350077412696%
29066,0,5.305167549714443%
29067,0,5.304985034575291%
29068,0,5.304802531993945%
29069,0,5.304620041969108%
29070,0,5.304437564499484%
29071,0,5.304255099583777%
29072,1,5.307512383048982%
29073,1,5.3107694424380005%
29074,0,5.310586778565041%
29075,0,5.310404127257094%
29076,1,5.3136607511349565%
29077,1,5.316917151012828%
29078,1,5.320173326913817%
29079,0,5.319990371058152%
29080,0,5.3198074277854195%
29081,1,5.323063168391733%
29082,0,5.322880132040438%
29083,1,5.32613554310078%
29084,1,5.329390730298446%
29085,1,5.3326456936565245%
29086,1,5.335900433198102%
29087,1,5.339154948946264%
29088,1,5.342409240924092%
29089,1,5.345663309154664%
29090,0,5.34547954623582%
29091,0,5.345295795950638%
29092,0,5.345112058297814%
29093,0,5.344928333276046%
29094,0,5.344744620884031%
29095,0,5.344560921120467%
29096,0,5.344377233984053%
29097,0,5.344193559473485%
29098,0,5.344009897587463%
29099,0,5.343826248324684%
29100,0,5.3436426116838485%
29101,0,5.343458987663654%
29102,0,5.3432753762628%
29103,0,5.343091777479985%
29104,0,5.342908191313909%
29105,0,5.342724617763271%
29106,0,5.342541056826771%
29107,0,5.34235750850311%
29108,0,5.342173972790985%
29109,0,5.3419904496891%
29110,1,5.345242184816215%
29111,1,5.348493696540826%
29112,1,5.351744984885958%
29113,1,5.354996049874627%
29114,1,5.3582468915298485%
29115,0,5.358062854198867%
29116,0,5.357878829509548%
29117,0,5.35769481746059%
29118,0,5.357510818050691%
29119,0,5.357326831278546%
29120,0,5.357142857142857%
29121,0,5.35695889564232%
29122,0,5.356774946775634%
29123,0,5.3565910105414964%
29124,0,5.356407086938607%
29125,0,5.356223175965665%
29126,0,5.3560392776213686%
29127,0,5.355855391904418%
29128,0,5.355671518813513%
29129,0,5.355487658347351%
29130,0,5.355303810504634%
29131,0,5.355119975284062%
29132,0,5.354936152684334%
29133,0,5.35475234270415%
29134,0,5.354568545342212%
29135,0,5.35438476059722%
29136,0,5.354200988467875%
29137,0,5.354017228952878%
29138,0,5.35383348205093%
29139,0,5.353649747760733%
29140,0,5.353466026080989%
29141,0,5.353282317010398%
29142,0,5.353098620547663%
29143,0,5.352914936691486%
29144,0,5.352731265440571%
29145,0,5.352547606793618%
29146,0,5.352363960749331%
29147,0,5.352180327306413%
29148,0,5.351996706463566%
29149,0,5.351813098219493%
29150,0,5.351629502572899%
29151,0,5.351445919522487%
29152,0,5.351262349066959%
29153,0,5.351078791205022%
29154,0,5.350895245935377%
29155,0,5.3507117132567314%
29156,0,5.350528193167787%
29157,0,5.35034468566725%
29158,0,5.350161190753823%
29159,0,5.3499777084262155%
29160,0,5.349794238683128%
29161,0,5.349610781523268%
29162,0,5.3494273369453404%
29163,0,5.34924390494805%
29164,0,5.349060485530106%
29165,0,5.348877078690211%
29166,0,5.348693684427073%
29167,0,5.348510302739397%
29168,0,5.348326933625891%
29169,0,5.348143577085262%
29170,0,5.347960233116216%
29171,0,5.347776901717459%
29172,0,5.347593582887701%
29173,0,5.347410276625647%
29174,0,5.347226982930006%
29175,0,5.347043701799485%
29176,0,5.346860433232794%
29177,0,5.346677177228639%
29178,0,5.3464939337857285%
29179,0,5.346310702902772%
29180,0,5.346127484578479%
29181,0,5.345944278811555%
29182,0,5.345761085600713%
29183,0,5.345577904944659%
29184,0,5.345394736842105%
29185,0,5.3452115812917596%
29186,0,5.345028438292331%
29187,0,5.344845307842533%
29188,0,5.344662189941072%
29189,0,5.344479084586659%
29190,0,5.344295991778006%
29191,0,5.344112911513823%
29192,0,5.34392984379282%
29193,0,5.343746788613709%
29194,0,5.3435637459752%
29195,0,5.343380715876006%
29196,0,5.343197698314837%
29197,0,5.343014693290407%
29198,0,5.342831700801424%
29199,0,5.342648720846604%
29200,0,5.342465753424658%
29201,0,5.342282798534296%
29202,0,5.342099856174235%
29203,0,5.341916926343184%
29204,0,5.3417340090398575%
29205,0,5.341551104262968%
29206,0,5.341368212011231%
29207,0,5.341185332283357%
29208,0,5.341002465078061%
29209,0,5.340819610394057%
29210,0,5.340636768230058%
29211,0,5.34045393858478%
29212,0,5.340271121456936%
29213,0,5.34008831684524%
29214,0,5.339905524748408%
29215,0,5.3397227451651545%
29216,0,5.339539978094194%
29217,0,5.339357223534244%
29218,0,5.339174481484017%
29219,0,5.338991751942229%
29220,0,5.338809034907597%
29221,0,5.338626330378837%
29222,0,5.338443638354665%
29223,0,5.3382609588337955%
29224,0,5.338078291814947%
29225,1,5.341317365269461%
29226,1,5.344556217066995%
29227,0,5.344373353406097%
29228,0,5.344190502258109%
29229,0,5.3440076636217455%
29230,0,5.343824837495723%
29231,0,5.3436420238787585%
29232,0,5.343459222769567%
29233,0,5.3432764341668655%
29234,0,5.343093658069371%
29235,0,5.3429108944758%
29236,0,5.342728143384868%
29237,0,5.342545404795294%
29238,0,5.342362678705794%
29239,0,5.342179965115086%
29240,0,5.341997264021888%
29241,0,5.341814575424917%
29242,0,5.341631899322892%
29243,0,5.3414492357145305%
29244,0,5.34126658459855%
29245,0,5.341083945973671%
29246,0,5.34090131983861%
29247,0,5.340718706192088%
29248,0,5.340536105032823%
29249,0,5.340353516359533%
29250,0,5.34017094017094%
29251,0,5.339988376465762%
29252,0,5.339805825242718%
29253,0,5.3396232865005295%
29254,0,5.339440760237917%
29255,0,5.339258246453598%
29256,0,5.339075745146295%
29257,0,5.338893256314728%
29258,0,5.338710779957618%
29259,0,5.3385283160736865%
29260,0,5.338345864661654%
29261,0,5.338163425720242%
29262,0,5.337980999248171%
29263,0,5.3377985852441645%
29264,0,5.337616183706944%
29265,0,5.3374337946352295%
29266,0,5.337251418027746%
29267,0,5.337069053883213%
29268,0,5.336886702200355%
29269,0,5.336704362977895%
29270,0,5.3365220362145545%
29271,0,5.336339721909057%
29272,0,5.336157420060126%
29273,0,5.335975130666484%
29274,0,5.335792853726857%
29275,0,5.335610589239965%
29276,0,5.335428337204537%
29277,0,5.335246097619292%
29278,0,5.335063870482956%
29279,0,5.3348816557942556%
29280,0,5.334699453551912%
29281,0,5.334517263754654%
29282,0,5.334335086401202%
29283,0,5.3341529214902845%
29284,0,5.333970769020626%
29285,0,5.333788628990951%
29286,0,5.333606501399987%
29287,0,5.333424386246458%
29288,0,5.33324228352909%
29289,0,5.333060193246611%
29290,0,5.3328781153977465%
29291,0,5.332696049981223%
29292,0,5.332513996995767%
29293,0,5.332331956440106%
29294,0,5.332149928312965%
29295,0,5.331967912613074%
29296,0,5.331785909339159%
29297,0,5.331603918489948%
29298,0,5.3314219400641685%
29299,0,5.331239974060549%
29300,0,5.3310580204778155%
29301,0,5.330876079314699%
29302,0,5.3306941505699275%
29303,0,5.330512234242227%
29304,0,5.33033033033033%
29305,0,5.330148438832963%
29306,0,5.329966559748857%
29307,0,5.32978469307674%
29308,0,5.329602838815341%
29309,0,5.32942099696339%
29310,0,5.329239167519618%
29311,0,5.3290573504827545%
29312,0,5.3288755458515285%
29313,0,5.3286937536246715%
29314,0,5.328511973800914%
29315,0,5.328330206378987%
29316,0,5.32814845135762%
29317,0,5.327966708735546%
29318,0,5.327784978511494%
29319,0,5.327603260684198%
29320,0,5.327421555252387%
29321,0,5.327239862214795%
29322,0,5.327058181570152%
29323,0,5.326876513317192%
29324,0,5.326694857454645%
29325,0,5.3265132139812446%
29326,0,5.326331582895724%
29327,0,5.326149964196815%
29328,0,5.3259683578832515%
29329,0,5.325786763953766%
29330,0,5.325605182407092%
29331,0,5.325423613241963%
29332,0,5.325242056457111%
29333,0,5.325060512051273%
29334,0,5.324878980023182%
29335,0,5.32469746037157%
29336,0,5.324515953095173%
29337,0,5.324334458192726%
29338,0,5.324152975662963%
29339,0,5.323971505504618%
29340,0,5.323790047716428%
29341,0,5.323608602297127%
29342,0,5.32342716924545%
29343,0,5.323245748560133%
29344,0,5.323064340239913%
29345,0,5.322882944283524%
29346,0,5.322701560689702%
29347,0,5.322520189457185%
29348,0,5.322338830584707%
29349,0,5.322157484071008%
29350,0,5.321976149914821%
29351,0,5.321794828114886%
29352,0,5.321613518669937%
29353,0,5.321432221578714%
29354,0,5.321250936839954%
29355,0,5.321069664452393%
29356,0,5.32088840441477%
29357,0,5.320707156725824%
29358,0,5.320525921384291%
29359,0,5.32034469838891%
29360,0,5.320163487738419%
29361,0,5.319982289431559%
29362,0,5.319801103467067%
29363,0,5.319619929843681%
29364,0,5.319438768560142%
29365,0,5.319257619615189%
29366,0,5.31907648300756%
29367,0,5.318895358735996%
29368,0,5.318714246799237%
29369,0,5.318533147196023%
29370,0,5.318352059925094%
29371,0,5.31817098498519%
29372,0,5.317989922375052%
29373,0,5.317808872093419%
29374,0,5.317627834139035%
29375,0,5.317446808510638%
29376,0,5.317265795206972%
29377,0,5.317084794226775%
29378,0,5.316903805568793%
29379,0,5.316722829231764%
29380,0,5.316541865214432%
29381,0,5.316360913515537%
29382,0,5.316179974133823%
29383,0,5.315999047068033%
29384,0,5.315818132316908%
29385,0,5.31563722987919%
29386,0,5.3154563397536245%
29387,0,5.315275461938953%
29388,0,5.3150945964339185%
29389,0,5.314913743237266%
29390,0,5.314732902347737%
29391,0,5.3145520737640775%
29392,0,5.31437125748503%
29393,0,5.314190453509339%
29394,0,5.314009661835748%
29395,0,5.313828882463004%
29396,0,5.313648115389849%
29397,0,5.313467360615029%
29398,0,5.313286618137289%
29399,0,5.3131058879553725%
29400,0,5.312925170068027%
29401,1,5.316145709329614%
29402,1,5.3193660295218015%
29403,1,5.322586130666939%
29404,1,5.325806012787376%
29405,0,5.325624893725557%
29406,0,5.325443786982249%
29407,0,5.325262692556194%
29408,0,5.325081610446137%
29409,0,5.324900540650821%
29410,0,5.32471948316899%
29411,0,5.324538437999387%
29412,0,5.324357405140759%
29413,0,5.324176384591847%
29414,0,5.323995376351397%
29415,0,5.323814380418154%
29416,0,5.323633396790862%
29417,0,5.3234524254682665%
29418,0,5.323271466449113%
29419,0,5.323090519732146%
29420,0,5.322909585316111%
29421,0,5.322728663199755%
29422,0,5.322547753381823%
29423,0,5.322366855861061%
29424,0,5.322185970636215%
29425,0,5.322005097706032%
29426,0,5.321824237069259%
29427,0,5.321643388724641%
29428,0,5.321462552670925%
29429,0,5.32128172890686%
29430,0,5.321100917431193%
29431,0,5.32092011824267%
29432,0,5.320739331340038%
29433,0,5.320558556722046%
29434,0,5.3203777943874435%
29435,0,5.320197044334975%
29436,0,5.320016306563391%
29437,0,5.319835581071441%
29438,0,5.319654867857871%
29439,0,5.319474166921431%
29440,0,5.31929347826087%
29441,0,5.319112801874936%
29442,0,5.31893213776238%
29443,0,5.3187514859219505%
29444,0,5.318570846352397%
29445,0,5.31839021905247%
29446,0,5.31820960402092%
29447,0,5.318029001256495%
29448,0,5.3178484107579465%
29449,0,5.317667832524024%
29450,0,5.3174872665534805%
29451,0,5.317306712845064%
29452,0,5.317126171397528%
29453,0,5.316945642209622%
29454,0,5.316765125280098%
29455,0,5.316584620607707%
29456,0,5.3164041281912%
29457,0,5.316223648029331%
29458,0,5.31604318012085%
29459,0,5.315862724464511%
29460,0,5.315682281059063%
29461,0,5.315501849903262%
29462,0,5.315321430995859%
29463,0,5.315141024335608%
29464,0,5.31496062992126%
29465,0,5.314780247751569%
29466,0,5.31459987782529%
29467,0,5.314419520141175%
29468,0,5.314239174697978%
29469,0,5.314058841494452%
29470,0,5.313878520529352%
29471,0,5.313698211801432%
29472,0,5.313517915309447%
29473,0,5.313337631052149%
29474,0,5.313157359028296%
29475,0,5.312977099236641%
29476,0,5.31279685167594%
29477,0,5.312616616344947%
29478,0,5.312436393242418%
29479,0,5.312256182367109%
29480,0,5.312075983717775%
29481,0,5.311895797293172%
29482,0,5.311715623092056%
29483,0,5.311535461113183%
29484,0,5.311355311355311%
29485,0,5.311175173817196%
29486,0,5.310995048497593%
29487,0,5.310814935395259%
29488,0,5.310634834508953%
29489,0,5.310454745837431%
29490,0,5.310274669379451%
29491,0,5.310094605133769%
29492,0,5.309914553099145%
29493,0,5.3097345132743365%
29494,0,5.3095544856581%
29495,0,5.309374470249194%
29496,0,5.309194467046379%
29497,0,5.309014476048412%
29498,0,5.308834497254051%
29499,0,5.308654530662056%
29500,0,5.308474576271186%
29501,0,5.3082946340802%
29502,0,5.308114704087859%
29503,0,5.307934786292919%
29504,0,5.3077548806941435%
29505,0,5.30757498729029%
29506,0,5.307395106080119%
29507,0,5.307215237062392%
29508,0,5.307035380235868%
29509,0,5.306855535599309%
29510,0,5.306675703151474%
29511,0,5.3064958828911255%
29512,0,5.3063160748170235%
29513,0,5.30613627892793%
29514,0,5.305956495222606%
29515,0,5.305776723699814%
29516,0,5.305596964358314%
29517,0,5.30541721719687%
29518,0,5.305237482214242%
29519,0,5.305057759409195%
29520,0,5.304878048780488%
29521,0,5.304698350326886%
29522,0,5.304518664047151%
29523,0,5.304338989940047%
29524,0,5.304159328004335%
29525,0,5.303979678238781%
29526,0,5.303800040642146%
29527,0,5.303620415213195%
29528,0,5.303440801950691%
29529,0,5.303261200853399%
29530,0,5.303081611920081%
29531,0,5.302902035149504%
29532,0,5.302722470540431%
29533,0,5.302542918091626%
29534,0,5.302363377801855%
29535,0,5.302183849669883%
29536,0,5.302004333694475%
29537,0,5.301824829874395%
29538,0,5.301645338208409%
29539,0,5.301465858695284%
29540,0,5.301286391333785%
29541,0,5.301106936122677%
29542,0,5.300927493060727%
29543,0,5.300748062146702%
29544,0,5.300568643379366%
29545,0,5.300389236757488%
29546,0,5.300209842279835%
29547,0,5.300030459945172%
29548,0,5.299851089752267%
29549,0,5.299671731699888%
29550,0,5.2994923857868015%
29551,0,5.299313052011776%
29552,0,5.299133730373579%
29553,0,5.298954420870978%
29554,0,5.2987751235027405%
29555,0,5.298595838267637%
29556,0,5.298416565164434%
29557,0,5.2982373041919%
29558,0,5.298058055348806%
29559,0,5.297878818633919%
29560,0,5.2976995940460085%
29561,0,5.297520381583844%
29562,0,5.297341181246194%
29563,0,5.297161993031831%
29564,0,5.296982816939521%
29565,0,5.296803652968037%
29566,0,5.296624501116147%
29567,0,5.296445361382623%
29568,0,5.296266233766234%
29569,0,5.296087118265751%
29570,0,5.295908014879946%
29571,0,5.295728923607588%
29572,0,5.29554984444745%
29573,0,5.295370777398302%
29574,0,5.295191722458917%
29575,0,5.295012679628065%
29576,0,5.294833648904517%
29577,0,5.294654630287048%
29578,0,5.294475623774427%
29579,0,5.294296629365428%
29580,0,5.294117647058823%
29581,0,5.293938676853386%
29582,0,5.2937597187478875%
29583,0,5.293580772741102%
29584,0,5.293401838831801%
29585,0,5.29322291701876%
29586,0,5.29304400730075%
29587,0,5.292865109676547%
29588,0,5.292686224144924%
29589,0,5.292507350704654%
29590,0,5.292328489354511%
29591,0,5.292149640093272%
29592,1,5.295350094620168%
29593,1,5.2985503328489845%
29594,0,5.298371291478002%
29595,1,5.301571211353269%
29596,0,5.301392080010812%
29597,1,5.304591681589351%
29598,1,5.3077910669639845%
29599,0,5.307611743639988%
29600,0,5.3074324324324325%
29601,0,5.307253133340089%
29602,0,5.307073846361733%
29603,0,5.306894571496132%
29604,0,5.306715308742062%
29605,0,5.3065360580982945%
29606,0,5.306356819563602%
29607,0,5.306177593136758%
29608,0,5.305998378816536%
29609,0,5.305819176601709%
29610,0,5.30563998649105%
29611,0,5.305460808483334%
29612,0,5.3052816425773335%
29613,0,5.305102488771824%
29614,0,5.304923347065578%
29615,0,5.30474421745737%
29616,0,5.304565099945975%
29617,0,5.304385994530168%
29618,0,5.304206901208724%
29619,0,5.304027819980417%
29620,0,5.303848750844025%
29621,0,5.3036696937983185%
29622,0,5.303490648842077%
29623,0,5.303311615974074%
29624,0,5.3031325951930866%
29625,0,5.302953586497891%
29626,0,5.302774589887261%
29627,0,5.302595605359976%
29628,0,5.30241663291481%
29629,0,5.302237672550541%
29630,0,5.302058724265947%
29631,0,5.301879788059803%
29632,0,5.301700863930885%
29633,0,5.301521951877974%
29634,0,5.301343051899845%
29635,0,5.301164163995276%
29636,0,5.300985288163045%
29637,1,5.304180585079461%
29638,1,5.3073756663742495%
29639,1,5.310570532069233%
29640,1,5.313765182186235%
29641,1,5.316959616747073%
29642,0,5.316780244248027%
29643,0,5.316600883851162%
29644,0,5.316421535555256%
29645,0,5.316242199359082%
29646,0,5.316062875261418%
29647,0,5.315883563261038%
29648,0,5.315704263356719%
29649,0,5.315524975547236%
29650,0,5.315345699831366%
29651,0,5.3151664362078845%
29652,0,5.31498718467557%
29653,1,5.31818028529997%
29654,1,5.321373170567209%
29655,0,5.321193727870511%
29656,0,5.321014297275425%
29657,0,5.320834878780727%
29658,0,5.320655472385191%
29659,0,5.320476078087596%
29660,0,5.320296695886716%
29661,0,5.320117325781329%
29662,0,5.319937967770211%
29663,0,5.31975862185214%
29664,0,5.31957928802589%
29665,0,5.319399966290241%
29666,0,5.319220656643969%
29667,0,5.319041359085853%
29668,0,5.318862073614669%
29669,0,5.318682800229196%
29670,0,5.31850353892821%
29671,0,5.318324289710492%
29672,0,5.318145052574818%
29673,0,5.317965827519967%
29674,0,5.317786614544719%
29675,0,5.317607413647852%
29676,0,5.317428224828144%
29677,0,5.317249048084375%
29678,0,5.317069883415324%
29679,0,5.316890730819772%
29680,0,5.316711590296496%
29681,0,5.316532461844278%
29682,0,5.316353345461896%
29683,1,5.319543172859886%
29684,0,5.319363967120334%
29685,0,5.319184773454607%
29686,0,5.319005591861484%
29687,0,5.318826422339744%
29688,0,5.31864726488817%
29689,0,5.318468119505541%
29690,0,5.318288986190637%
29691,0,5.3181098649422385%
29692,0,5.317930755759128%
29693,0,5.317751658640084%
29694,0,5.317572573583889%
29695,0,5.317393500589325%
29696,0,5.317214439655173%
29697,0,5.317035390780213%
29698,0,5.31685635396323%
29699,0,5.316677329203003%
29700,0,5.316498316498317%
29701,0,5.316319315847951%
29702,0,5.31614032725069%
29703,0,5.315961350705316%
29704,0,5.3157823862106115%
29705,0,5.315603433765359%
29706,0,5.315424493368344%
29707,0,5.315245565018346%
29708,0,5.315066648714152%
29709,0,5.314887744454542%
29710,0,5.3147088522383035%
29711,0,5.314529972064219%
29712,0,5.314351103931072%
29713,0,5.3141722478376465%
29714,0,5.313993403782729%
29715,0,5.313814571765102%
29716,0,5.3136357517835515%
29717,0,5.3134569438368615%
29718,0,5.313278147923818%
29719,0,5.313099364043205%
29720,0,5.312920592193809%
29721,0,5.3127418323744156%
29722,0,5.31256308458381%
29723,0,5.312384348820778%
29724,0,5.312205625084107%
29725,0,5.312026913372582%
29726,0,5.311848213684989%
29727,0,5.3116695260201165%
29728,0,5.3114908503767495%
29729,0,5.311312186753675%
29730,0,5.311133535149681%
29731,0,5.310954895563553%
29732,0,5.310776267994081%
29733,0,5.310597652440049%
29734,0,5.310419048900249%
29735,0,5.310240457373466%
29736,0,5.310061877858488%
29737,0,5.309883310354104%
29738,0,5.309704754859103%
29739,0,5.3095262113722725%
29740,0,5.309347679892401%
29741,0,5.309169160418278%
29742,0,5.308990652948692%
29743,0,5.308812157482433%
29744,0,5.30863367401829%
29745,1,5.311817112119685%
29746,1,5.315000336179654%
29747,1,5.3181833462197865%
29748,1,5.321366142261665%
29749,0,5.3211872667988835%
29750,1,5.324369747899159%
29751,1,5.327552015058317%
29752,1,5.33073406829793%
29753,1,5.3339159076395655%
29754,1,5.337097533104792%
29755,1,5.340278944715174%
29756,1,5.343460142492271%
29757,0,5.343280572638371%
29758,0,5.343101014853149%
29759,0,5.342921469135388%
29760,0,5.342741935483871%
29761,0,5.342562413897382%
29762,0,5.342382904374706%
29763,0,5.342203406914626%
29764,0,5.342023921515925%
29765,0,5.3418444481773895%
29766,0,5.341664986897803%
29767,0,5.34148553767595%
29768,0,5.341306100510615%
29769,0,5.341126675400584%
29770,0,5.340947262344643%
29771,0,5.3407678613415746%
29772,0,5.3405884723901655%
29773,0,5.340409095489202%
29774,0,5.3402297306374695%
29775,0,5.3400503778337525%
29776,0,5.339871037076841%
29777,0,5.339691708365517%
29778,0,5.339512391698569%
29779,0,5.339333087074785%
29780,0,5.339153794492948%
29781,0,5.3389745139518485%
29782,0,5.338795245450272%
29783,0,5.338615988987006%
29784,0,5.338436744560838%
29785,0,5.338257512170555%
29786,0,5.338078291814947%
29787,0,5.337899083492799%
29788,0,5.3377198872029%
29789,0,5.33754070294404%
29790,0,5.337361530715005%
29791,0,5.337182370514585%
29792,0,5.3370032223415675%
29793,0,5.336824086194744%
29794,0,5.336644962072901%
29795,0,5.336465849974828%
29796,0,5.336286749899315%
29797,0,5.336107661845152%
29798,0,5.3359285858111285%
29799,0,5.335749521796034%
29800,0,5.3355704697986575%
29801,0,5.335391429817792%
29802,0,5.335212401852225%
29803,0,5.335033385900748%
29804,0,5.334854381962153%
29805,0,5.334675390035229%
29806,0,5.334496410118768%
29807,0,5.334317442211561%
29808,0,5.3341384863123995%
29809,0,5.333959542420075%
29810,0,5.333780610533378%
29811,0,5.333601690651102%
29812,0,5.333422782772038%
29813,0,5.333243886894979%
29814,0,5.3330650030187154%
29815,0,5.332886131142043%
29816,0,5.332707271263751%
29817,0,5.332528423382634%
29818,0,5.332349587497485%
29819,0,5.332170763607096%
29820,0,5.331991951710262%
29821,0,5.3318131518057745%
29822,0,5.331634363892428%
29823,0,5.3314555879690175%
29824,0,5.331276824034335%
29825,0,5.331098072087175%
29826,0,5.330919332126332%
29827,0,5.330740604150601%
29828,0,5.330561888158777%
29829,0,5.330383184149653%
29830,0,5.330204492122024%
29831,0,5.3300258120746875%
29832,0,5.329847144006436%
29833,0,5.329668487916066%
29834,0,5.329489843802373%
29835,0,5.329311211664153%
29836,0,5.329132591500201%
29837,0,5.328953983309314%
29838,0,5.328775387090288%
29839,0,5.328596802841918%
29840,0,5.328418230563003%
29841,0,5.328239670252337%
29842,0,5.3280611219087195%
29843,0,5.327882585530945%
29844,0,5.327704061117813%
29845,0,5.327525548668119%
29846,0,5.327347048180661%
29847,0,5.327168559654236%
29848,0,5.326990083087644%
29849,0,5.326811618479681%
29850,0,5.326633165829145%
29851,0,5.326454725134836%
29852,0,5.326276296395551%
29853,0,5.3260978796100895%
29854,0,5.325919474777249%
29855,0,5.3257410818958295%
29856,0,5.32556270096463%
29857,0,5.325384331982449%
29858,0,5.325205974948088%
29859,0,5.325027629860343%
29860,0,5.324849296718017%
29861,0,5.324670975519909%
29862,0,5.324492666264819%
29863,0,5.324314368951545%
29864,0,5.324136083578892%
29865,0,5.3239578101456555%
29866,0,5.32377954865064%
29867,0,5.323601299092644%
29868,0,5.32342306147047%
29869,0,5.323244835782918%
29870,0,5.323066622028792%
29871,0,5.32288842020689%
29872,0,5.322710230316015%
29873,0,5.32253205235497%
29874,0,5.322353886322555%
29875,0,5.322175732217573%
29876,0,5.321997590038827%
29877,0,5.321819459785119%
29878,0,5.321641341455251%
29879,0,5.321463235048027%
29880,0,5.321285140562249%
29881,0,5.321107057996721%
29882,0,5.3209289873502446%
29883,0,5.320750928621624%
29884,0,5.320572881809664%
29885,0,5.320394846913167%
29886,0,5.320216823930938%
29887,0,5.320038812861779%
29888,0,5.319860813704497%
29889,0,5.319682826457894%
29890,0,5.319504851120776%
29891,0,5.319326887691948%
29892,0,5.319148936170213%
29893,0,5.318970996554377%
29894,0,5.318793068843246%
29895,0,5.3186151530356245%
29896,0,5.3184372491303185%
29897,0,5.318259357126133%
29898,0,5.318081477021874%
29899,0,5.317903608816348%
29900,0,5.317725752508362%
29901,0,5.317547908096719%
29902,0,5.317370075580229%
29903,0,5.317192254957696%
29904,0,5.31701444622793%
29905,0,5.316836649389734%
29906,0,5.3166588644419175%
29907,0,5.316481091383288%
29908,0,5.316303330212652%
29909,0,5.3161255809288175%
29910,0,5.315947843530592%
29911,0,5.315770118016784%
29912,0,5.3155924043862%
29913,0,5.315414702637649%
29914,0,5.31523701276994%
29915,0,5.315059334781882%
29916,0,5.314881668672283%
29917,0,5.31470401443995%
29918,0,5.314526372083696%
29919,0,5.314348741602326%
29920,0,5.314171122994652%
29921,0,5.313993516259483%
29922,0,5.313815921395629%
29923,0,5.313638338401898%
29924,0,5.313460767277102%
29925,0,5.31328320802005%
29926,0,5.313105660629553%
29927,0,5.3129281251044205%
29928,0,5.312750601443464%
29929,0,5.312573089645494%
29930,0,5.312395589709322%
29931,0,5.312218101633757%
29932,0,5.312040625417613%
29933,0,5.3118631610597005%
29934,0,5.31168570855883%
29935,0,5.311508267913814%
29936,0,5.311330839123463%
29937,0,5.3111534221865915%
29938,0,5.310976017102011%
29939,0,5.310798623868532%
29940,0,5.31062124248497%
29941,0,5.3104438729501355%
29942,0,5.310266515262842%
29943,0,5.310089169421901%
29944,0,5.309911835426129%
29945,0,5.3097345132743365%
29946,0,5.309557202965338%
29947,0,5.309379904497947%
29948,0,5.309202617870977%
29949,0,5.309025343083242%
29950,0,5.308848080133556%
29951,0,5.308670829020734%
29952,0,5.308493589743589%
29953,0,5.308316362300938%
29954,0,5.308139146691594%
29955,0,5.307961942914371%
29956,0,5.307784750968087%
29957,0,5.3076075708515535%
29958,0,5.307430402563589%
29959,0,5.3072532461030075%
29960,0,5.307076101468625%
29961,0,5.306898968659257%
29962,0,5.30672184767372%
29963,0,5.30654473851083%
29964,0,5.306367641169403%
29965,0,5.306190555648256%
29966,0,5.306013481946206%
29967,0,5.305836420062068%
29968,0,5.305659369994661%
29969,0,5.305482331742801%
29970,0,5.305305305305305%
29971,0,5.305128290680992%
29972,0,5.304951287868677%
29973,0,5.304774296867181%
29974,0,5.304597317675318%
29975,0,5.30442035029191%
29976,0,5.3042433947157726%
29977,0,5.304066450945725%
29978,0,5.303889518980586%
29979,0,5.303712598819174%
29980,0,5.303535690460307%
29981,0,5.303358793902805%
29982,0,5.303181909145487%
29983,0,5.303005036187173%
29984,0,5.302828175026681%
29985,0,5.302651325662831%
29986,0,5.302474488094444%
29987,0,5.302297662320339%
29988,0,5.302120848339336%
29989,0,5.301944046150255%
29990,0,5.301767255751917%
29991,0,5.301590477143143%
29992,0,5.301413710322753%
29993,0,5.301236955289568%
29994,0,5.301060212042408%
29995,0,5.300883480580096%
29996,0,5.300706760901454%
29997,0,5.300530053005301%
29998,0,5.30035335689046%
29999,0,5.300176672555752%
30000,0,5.3%
30001,0,5.299823339222026%
30002,0,5.299646690220651%
30003,0,5.2994700529947005%
30004,0,5.299293427542994%
30005,0,5.299116813864356%
30006,0,5.298940211957608%
30007,0,5.298763621821575%
30008,0,5.298587043455079%
30009,0,5.298410476856943%
30010,0,5.298233922025991%
30011,0,5.2980573789610474%
30012,0,5.297880847660936%
30013,0,5.297704328124479%
30014,0,5.297527820350504%
30015,0,5.297351324337831%
30016,0,5.297174840085288%
30017,0,5.296998367591698%
30018,0,5.296821906855886%
30019,0,5.296645457876678%
30020,0,5.296469020652898%
30021,0,5.296292595183372%
30022,0,5.296116181466924%
30023,0,5.2959397795023815%
30024,0,5.295763389288569%
30025,0,5.295587010824313%
30026,0,5.295410644108439%
30027,0,5.295234289139774%
30028,0,5.2950579459171445%
30029,0,5.294881614439375%
30030,0,5.294705294705294%
30031,0,5.294528986713729%
30032,0,5.294352690463506%
30033,0,5.2941764059534515%
30034,0,5.294000133182393%
30035,0,5.29382387214916%
30036,0,5.2936476228525775%
30037,0,5.293471385291474%
30038,0,5.293295159464678%
30039,0,5.293118945371018%
30040,0,5.292942743009322%
30041,0,5.292766552378416%
30042,0,5.2925903734771325%
30043,0,5.292414206304297%
30044,0,5.2922380508587406%
30045,0,5.292061907139291%
30046,0,5.291885775144777%
30047,0,5.2917096548740306%
30048,0,5.291533546325879%
30049,0,5.291357449499151%
30050,0,5.291181364392679%
30051,0,5.291005291005291%
30052,0,5.290829229335818%
30053,0,5.2906531793830895%
30054,0,5.290477141145937%
30055,0,5.29030111462319%
30056,0,5.2901250998136815%
30057,0,5.2899490967162395%
30058,0,5.289773105329696%
30059,0,5.289597125652882%
30060,0,5.289421157684631%
30061,0,5.289245201423771%
30062,0,5.289069256869137%
30063,0,5.2888933240195595%
30064,0,5.2887174028738695%
30065,0,5.2885414934309%
30066,0,5.288365595689483%
30067,0,5.288189709648452%
30068,0,5.288013835306638%
30069,0,5.287837972662875%
30070,0,5.2876621217159965%
30071,0,5.287486282464833%
30072,0,5.28731045490822%
30073,0,5.287134639044991%
30074,0,5.286958834873977%
30075,0,5.286783042394015%
30076,0,5.286607261603937%
30077,0,5.286431492502577%
30078,1,5.289580424230334%
30079,1,5.292729146580671%
30080,0,5.292553191489362%
30081,0,5.292377248096805%
30082,0,5.292201316401835%
30083,0,5.292025396403284%
30084,0,5.291849488099986%
30085,0,5.291673591490776%
30086,0,5.291497706574487%
30087,0,5.291321833349952%
30088,0,5.2911459718160065%
30089,0,5.290970121971485%
30090,0,5.290794283815221%
30091,0,5.29061845734605%
30092,0,5.290442642562807%
30093,0,5.290266839464327%
30094,0,5.290091048049446%
30095,0,5.289915268316996%
30096,0,5.289739500265815%
30097,0,5.28956374389474%
30098,0,5.289387999202605%
30099,0,5.289212266188245%
30100,0,5.289036544850498%
30101,0,5.2888608351882%
30102,0,5.2886851372001855%
30103,0,5.288509450885294%
30104,0,5.28833377624236%
30105,0,5.288158113270221%
30106,0,5.287982461967714%
30107,0,5.2878068223336765%
30108,0,5.287631194366946%
30109,0,5.287455578066359%
30110,0,5.287279973430754%
30111,0,5.287104380458969%
30112,0,5.28692879914984%
30113,0,5.286753229502208%
30114,0,5.286577671514911%
30115,0,5.286402125186784%
30116,0,5.286226590516669%
30117,0,5.286051067503403%
30118,0,5.285875556145826%
30119,0,5.285700056442777%
30120,0,5.285524568393094%
30121,0,5.285349091995617%
30122,0,5.285173627249186%
30123,0,5.284998174152641%
30124,0,5.28482273270482%
30125,0,5.284647302904564%
30126,0,5.284471884750714%
30127,0,5.2842964782421085%
30128,0,5.284121083377589%
30129,0,5.283945700155996%
30130,0,5.2837703285761695%
30131,0,5.283594968636952%
30132,0,5.283419620337184%
30133,0,5.283244283675705%
30134,0,5.2830689586513575%
30135,0,5.282893645262983%
30136,0,5.282718343509424%
30137,0,5.282543053389521%
30138,0,5.282367774902117%
30139,0,5.2821925080460534%
30140,0,5.2820172528201725%
30141,0,5.281842009223317%
30142,0,5.28166677725433%
30143,0,5.281491556912052%
30144,1,5.2846337579617835%
30145,0,5.284458450821031%
30146,0,5.2842831553108205%
30147,0,5.284107871429993%
30148,0,5.283932599177391%
30149,0,5.283757338551859%
30150,0,5.283582089552239%
30151,0,5.283406852177374%
30152,0,5.283231626426107%
30153,0,5.283056412297284%
30154,0,5.282881209789745%
30155,0,5.2827060189023385%
30156,0,5.282530839633904%
30157,0,5.282355671983288%
30158,0,5.282180515949333%
30159,0,5.282005371530887%
30160,0,5.281830238726791%
30161,0,5.28165511753589%
30162,0,5.281480007957032%
30163,0,5.28130490998906%
30164,0,5.281129823630818%
30165,0,5.280954748881154%
30166,0,5.280779685738912%
30167,0,5.280604634202938%
30168,0,5.280429594272077%
30169,0,5.280254565945175%
30170,0,5.280079549221081%
30171,0,5.279904544098637%
30172,0,5.279729550576693%
30173,0,5.279554568654095%
30174,0,5.279379598329688%
30175,0,5.27920463960232%
30176,0,5.2790296924708375%
30177,0,5.27885475693409%
30178,0,5.278679832990921%
30179,0,5.278504920640181%
30180,0,5.278330019880715%
30181,0,5.278155130711375%
30182,0,5.277980253131005%
30183,0,5.277805387138455%
30184,0,5.277630532732574%
30185,0,5.277455689912208%
30186,0,5.277280858676208%
30187,0,5.277106039023421%
30188,0,5.276931230952696%
30189,0,5.276756434462883%
30190,0,5.276581649552832%
30191,1,5.279719121592528%
30192,0,5.279544250132486%
30193,0,5.2793693902560195%
30194,0,5.279194541961979%
30195,0,5.279019705249214%
30196,0,5.278844880116572%
30197,0,5.278670066562904%
30198,0,5.278495264587059%
30199,0,5.278320474187887%
30200,0,5.2781456953642385%
30201,0,5.277970928114963%
30202,0,5.2777961724389115%
30203,0,5.277621428334934%
30204,0,5.27744669580188%
30205,1,5.280582684985929%
30206,1,5.2837184665298285%
30207,1,5.2868540404542%
30208,0,5.286679025423728%
30209,0,5.286504021980205%
30210,0,5.286329030122476%
30211,0,5.286154049849393%
30212,0,5.285979081159804%
30213,0,5.28580412405256%
30214,0,5.285629178526511%
30215,0,5.285454244580507%
30216,0,5.2852793222133965%
30217,0,5.285104411424032%
30218,0,5.284929512211265%
30219,0,5.284754624573944%
30220,0,5.28457974851092%
30221,0,5.284404884021045%
30222,0,5.28423003110317%
30223,0,5.284055189756146%
30224,0,5.283880359978825%
30225,0,5.283705541770058%
30226,0,5.283530735128697%
30227,0,5.283355940053594%
30228,0,5.283181156543602%
30229,0,5.283006384597572%
30230,0,5.2828316242143565%
30231,0,5.282656875392808%
30232,0,5.2824821381317815%
30233,0,5.282307412430126%
30234,0,5.282132698286697%
30235,0,5.281957995700347%
30236,0,5.28178330466993%
30237,0,5.281608625194298%
30238,0,5.281433957272307%
30239,0,5.281259300902807%
30240,0,5.281084656084656%
30241,0,5.280910022816706%
30242,0,5.280735401097811%
30243,0,5.280560790926827%
30244,0,5.280386192302605%
30245,0,5.280211605224004%
30246,0,5.280037029689876%
30247,0,5.279862465699078%
30248,0,5.279687913250463%
30249,0,5.279513372342888%
30250,0,5.279338842975206%
30251,0,5.279164325146276%
30252,0,5.278989818854952%
30253,0,5.278815324100089%
30254,0,5.278640840880545%
30255,0,5.278466369195174%
30256,0,5.278291909042834%
30257,0,5.278117460422382%
30258,0,5.277943023332672%
30259,0,5.277768597772563%
30260,0,5.277594183740912%
30261,0,5.277419781236575%
30262,0,5.27724539025841%
30263,0,5.277071010805274%
30264,0,5.276896642876024%
30265,0,5.27672228646952%
30266,0,5.276547941584616%
30267,0,5.276373608220173%
30268,0,5.27619928637505%
30269,0,5.276024976048102%
30270,0,5.27585067723819%
30271,0,5.275676389944171%
30272,0,5.2755021141649046%
30273,0,5.27532784989925%
30274,0,5.2751535971460655%
30275,0,5.274979355904211%
30276,0,5.274805126172546%
30277,0,5.274630907949929%
30278,0,5.27445670123522%
30279,0,5.274282506027279%
30280,0,5.274108322324967%
30281,0,5.273934150127142%
30282,0,5.2737599894326666%
30283,0,5.273585840240399%
30284,0,5.2734117025492%
30285,0,5.273237576357933%
30286,0,5.273063461665456%
30287,0,5.272889358470631%
30288,0,5.272715266772319%
30289,0,5.272541186569382%
30290,0,5.27236711786068%
30291,0,5.272193060645076%
30292,0,5.272019014921431%
30293,0,5.271844980688608%
30294,0,5.271670957945468%
30295,0,5.271496946690872%
30296,0,5.271322946923687%
30297,0,5.27114895864277%
30298,0,5.270974981846987%
30299,0,5.270801016535199%
30300,0,5.270627062706271%
30301,0,5.270453120359065%
30302,0,5.270279189492443%
30303,0,5.27010527010527%
30304,0,5.2699313621964095%
30305,0,5.269757465764726%
30306,0,5.269583580809081%
30307,0,5.26940970732834%
30308,0,5.269235845321367%
30309,0,5.269061994787027%
30310,0,5.268888155724183%
30311,0,5.2687143281317015%
30312,0,5.268540512008445%
30313,0,5.268366707353281%
30314,0,5.2681929141650725%
30315,0,5.268019132442685%
30316,0,5.267845362184985%
30317,0,5.267671603390837%
30318,0,5.267497856059107%
30319,0,5.267324120188661%
30320,0,5.267150395778364%
30321,0,5.266976682827083%
30322,0,5.266802981333686%
30323,0,5.266629291297035%
30324,0,5.266455612716%
30325,0,5.266281945589448%
30326,0,5.266108289916244%
30327,0,5.265934645695255%
30328,1,5.2690582959641254%
30329,0,5.268884565927%
30330,0,5.268710847345862%
30331,0,5.2685371402195775%
30332,0,5.268363444547013%
30333,0,5.2681897603270365%
30334,0,5.268016087558515%
30335,0,5.267842426240317%
30336,0,5.267668776371308%
30337,0,5.267495137950358%
30338,0,5.267321510976333%
30339,0,5.267147895448103%
30340,0,5.266974291364535%
30341,0,5.266800698724499%
30342,0,5.266627117526861%
30343,0,5.266453547770491%
30344,0,5.266279989454257%
30345,0,5.266106442577031%
30346,0,5.265932907137679%
30347,0,5.265759383135071%
30348,0,5.265585870568077%
30349,0,5.265412369435566%
30350,0,5.265238879736408%
30351,0,5.2650654014694735%
30352,0,5.264891934633632%
30353,0,5.264718479227754%
30354,0,5.264545035250708%
30355,0,5.264371602701367%
30356,0,5.2641981815786005%
30357,0,5.26402477188128%
30358,0,5.263851373608275%
30359,0,5.263677986758457%
30360,0,5.263504611330698%
30361,0,5.263331247323869%
30362,0,5.263157894736842%
30363,0,5.262984553568488%
30364,0,5.262811223817679%
30365,0,5.262637905483287%
30366,0,5.262464598564184%
30367,0,5.262291303059242%
30368,0,5.262118018967334%
30369,0,5.261944746287332%
30370,1,5.265064208100099%
30371,0,5.264890849823845%
30372,0,5.264717502963256%
30373,0,5.264544167517203%
30374,0,5.264370843484559%
30375,0,5.264197530864197%
30376,0,5.264024229654991%
30377,0,5.2638509398558115%
30378,0,5.263677661465534%
30379,0,5.263504394483031%
30380,0,5.2633311389071755%
30381,0,5.263157894736842%
30382,0,5.262984661970903%
30383,0,5.262811440608235%
30384,0,5.26263823064771%
30385,0,5.262465032088202%
30386,0,5.262291844928586%
30387,0,5.262118669167736%
30388,0,5.261945504804528%
30389,0,5.261772351837836%
30390,0,5.261599210266535%
30391,0,5.2614260800895%
30392,0,5.2612529613056065%
30393,0,5.2610798539137305%
30394,0,5.260906757912745%
30395,0,5.26073367330153%
30396,0,5.260560600078958%
30397,0,5.260387538243905%
30398,0,5.26021448779525%
30399,0,5.260041448731866%
30400,0,5.259868421052632%
30401,0,5.259695404756423%
30402,0,5.2595223998421154%
30403,0,5.259349406308588%
30404,0,5.259176424154717%
30405,0,5.259003453379378%
30406,0,5.258830493981451%
30407,0,5.258657545959812%
30408,0,5.258484609313339%
30409,0,5.258311684040909%
30410,0,5.258138770141401%
30411,0,5.2579658676136924%
30412,0,5.257792976456662%
30413,0,5.2576200966691875%
30414,0,5.257447228250148%
30415,0,5.257274371198422%
30416,0,5.257101525512888%
30417,0,5.256928691192425%
30418,0,5.256755868235913%
30419,0,5.25658305664223%
30420,0,5.256410256410256%
30421,1,5.259524670457908%
30422,1,5.26263887975807%
30423,1,5.265752884330934%
30424,1,5.268866684196687%
30425,1,5.271980279375513%
30426,1,5.275093669887596%
30427,1,5.278206855753114%
30428,0,5.278033390298409%
30429,0,5.277859936245029%
30430,0,5.27768649359185%
30431,1,5.28079918504157%
30432,1,5.28391167192429%
30433,1,5.287023954260178%
30434,1,5.2901360320693955%
30435,1,5.293247905372104%
30436,1,5.296359574188461%
30437,0,5.296185563623221%
30438,1,5.299296931467245%
30439,0,5.299122835835606%
30440,0,5.298948751642576%
30441,0,5.298774678887027%
30442,0,5.298600617567835%
30443,0,5.298426567683869%
30444,0,5.298252529234004%
30445,0,5.298078502217113%
30446,0,5.29790448663207%
30447,0,5.297730482477749%
30448,0,5.297556489753021%
30449,0,5.297382508456764%
30450,0,5.297208538587849%
30451,0,5.2970345801451515%
30452,0,5.296860633127546%
30453,0,5.296686697533905%
30454,0,5.296512773363105%
30455,0,5.2963388606140205%
30456,0,5.296164959285527%
30457,0,5.295991069376498%
30458,0,5.29581719088581%
30459,0,5.295643323812338%
30460,0,5.295469468154957%
30461,0,5.295295623912544%
30462,0,5.295121791083973%
30463,0,5.294947969668122%
30464,0,5.2947741596638656%
30465,0,5.2946003610700805%
30466,0,5.2944265738856435%
30467,0,5.29425279810943%
30468,0,5.294079033740317%
30469,0,5.293905280777183%
30470,0,5.2937315392189035%
30471,0,5.293557809064357%
30472,0,5.2933840903124185%
30473,0,5.293210382961966%
30474,0,5.293036687011879%
30475,0,5.292863002461034%
30476,0,5.292689329308308%
30477,0,5.29251566755258%
30478,0,5.292342017192729%
30479,0,5.2921683782276325%
30480,0,5.291994750656167%
30481,0,5.291821134477216%
30482,0,5.291647529689652%
30483,0,5.29147393629236%
30484,0,5.291300354284215%
30485,0,5.291126783664097%
30486,0,5.290953224430886%
30487,0,5.290779676583462%
30488,0,5.290606140120703%
30489,0,5.290432615041491%
30490,0,5.290259101344703%
30491,0,5.290085599029222%
30492,0,5.289912108093926%
30493,0,5.289738628537697%
30494,0,5.289565160359415%
30495,0,5.28939170355796%
30496,0,5.289218258132214%
30497,0,5.289044824081057%
30498,0,5.28887140140337%
30499,0,5.288697990098036%
30500,0,5.288524590163934%
30501,0,5.288351201599947%
30502,0,5.288177824404957%
30503,0,5.288004458577845%
30504,0,5.287831104117493%
30505,0,5.287657761022784%
30506,0,5.287484429292598%
30507,0,5.28731110892582%
30508,0,5.287137799921332%
30509,0,5.286964502278017%
30510,0,5.286791215994755%
30511,0,5.286617941070434%
30512,0,5.286444677503932%
30513,0,5.286271425294137%
30514,0,5.286098184439929%
30515,0,5.285924954940193%
30516,0,5.285751736793813%
30517,0,5.285578529999673%
30518,0,5.285405334556655%
30519,0,5.285232150463646%
30520,0,5.285058977719529%
30521,0,5.284885816323187%
30522,0,5.284712666273507%
30523,0,5.2845395275693745%
30524,0,5.284366400209671%
30525,0,5.284193284193284%
30526,0,5.284020179519098%
30527,0,5.283847086185999%
30528,0,5.283674004192872%
30529,0,5.283500933538603%
30530,0,5.283327874222077%
30531,0,5.28315482624218%
30532,0,5.282981789597799%
30533,0,5.28280876428782%
30534,0,5.282635750311129%
30535,0,5.282462747666612%
30536,0,5.282289756353157%
30537,0,5.28211677636965%
30538,0,5.2819438077149785%
30539,0,5.281770850388028%
30540,0,5.281597904387688%
30541,0,5.2814249697128455%
30542,0,5.281252046362386%
30543,0,5.2810791343352%
30544,0,5.280906233630173%
30545,0,5.280733344246194%
30546,0,5.280560466182151%
30547,0,5.280387599436933%
30548,0,5.280214744009428%
30549,0,5.2800418998985235%
30550,0,5.279869067103109%
30551,0,5.279696245622074%
30552,0,5.2795234354543075%
30553,0,5.279350636598697%
30554,0,5.2791778490541335%
30555,0,5.279005072819506%
30556,0,5.278832307893704%
30557,0,5.278659554275616%
30558,0,5.278486811964134%
30559,0,5.278314080958147%
30560,0,5.278141361256544%
30561,0,5.277968652858218%
30562,0,5.277795955762057%
30563,0,5.277623269966954%
30564,0,5.277450595471797%
30565,0,5.277277932275479%
30566,0,5.277105280376889%
30567,0,5.2769326397749206%
30568,0,5.276760010468464%
30569,0,5.276587392456411%
30570,0,5.276414785737652%
30571,0,5.276242190311079%
30572,0,5.276069606175585%
30573,0,5.275897033330063%
30574,0,5.275724471773402%
30575,0,5.275551921504497%
30576,0,5.27537938252224%
30577,0,5.275206854825522%
30578,0,5.2750343384132385%
30579,0,5.27486183328428%
30580,0,5.274689339437541%
30581,0,5.274516856871914%
30582,0,5.274344385586292%
30583,0,5.27417192557957%
30584,0,5.273999476850641%
30585,0,5.273827039398398%
30586,0,5.273654613221736%
30587,0,5.273482198319548%
30588,0,5.273309794690729%
30589,0,5.273137402334172%
30590,0,5.2729650212487735%
30591,0,5.272792651433428%
30592,0,5.272620292887029%
30593,0,5.272447945608472%
30594,0,5.272275609596653%
30595,0,5.272103284850465%
30596,0,5.271930971368807%
30597,0,5.271758669150571%
30598,0,5.271586378194653%
30599,0,5.271414098499951%
30600,0,5.271241830065359%
30601,0,5.271069572889775%
30602,0,5.270897326972094%
30603,0,5.270725092311211%
30604,0,5.270552868906026%
30605,0,5.2703806567554325%
30606,0,5.270208455858329%
30607,0,5.270036266213611%
30608,0,5.269864087820178%
30609,0,5.269691920676925%
30610,0,5.269519764782751%
30611,0,5.269347620136553%
30612,0,5.269175486737227%
30613,0,5.269003364583673%
30614,0,5.268831253674789%
30615,0,5.268659154009472%
30616,0,5.268487065586622%
30617,0,5.268314988405135%
30618,0,5.26814292246391%
30619,0,5.267970867761847%
30620,0,5.267798824297844%
30621,0,5.267626792070801%
30622,0,5.267454771079616%
30623,0,5.267282761323189%
30624,0,5.267110762800418%
30625,0,5.266938775510204%
30626,0,5.266766799451447%
30627,0,5.266594834623045%
30628,0,5.2664228810238995%
30629,0,5.26625093865291%
30630,0,5.266079007508978%
30631,0,5.265907087591002%
30632,0,5.265735178897884%
30633,0,5.265563281428525%
30634,0,5.265391395181824%
30635,0,5.265219520156684%
30636,0,5.265047656352005%
30637,0,5.264875803766687%
30638,0,5.264703962399635%
30639,0,5.264532132249747%
30640,0,5.264360313315927%
30641,0,5.264188505597075%
30642,0,5.264016709092096%
30643,0,5.263844923799889%
30644,0,5.263673149719358%
30645,0,5.263501386849404%
30646,0,5.263329635188932%
30647,0,5.263157894736842%
30648,0,5.2629861654920385%
30649,0,5.262814447453424%
30650,0,5.262642740619902%
30651,0,5.2624710449903755%
30652,0,5.262299360563747%
30653,0,5.262127687338923%
30654,0,5.261956025314804%
30655,0,5.261784374490295%
30656,0,5.2616127348643005%
30657,0,5.261441106435724%
30658,0,5.26126948920347%
30659,0,5.2610978831664434%
30660,0,5.260926288323549%
30661,0,5.2607547046736896%
30662,0,5.260583132215772%
30663,0,5.2604115709487%
30664,0,5.260240020871381%
30665,0,5.260068481982716%
30666,0,5.259896954281615%
30667,0,5.25972543776698%
30668,0,5.25955393243772%
30669,0,5.2593824382927385%
30670,0,5.259210955330943%
30671,0,5.259039483551238%
30672,0,5.25886802295253%
30673,0,5.258696573533727%
30674,0,5.258525135293734%
30675,0,5.258353708231459%
30676,0,5.258182292345808%
30677,0,5.258010887635687%
30678,0,5.257839494100006%
30679,0,5.2576681117376705%
30680,0,5.257496740547588%
30681,0,5.257325380528666%
30682,0,5.257154031679812%
30683,0,5.256982693999935%
30684,0,5.256811367487941%
30685,0,5.256640052142741%
30686,0,5.256468747963241%
30687,1,5.259556163847883%
30688,0,5.259384775808133%
30689,0,5.25921339893773%
30690,0,5.259042033235581%
30691,0,5.258870678700596%
30692,0,5.258699335331682%
30693,0,5.258528003127749%
30694,0,5.258356682087705%
30695,0,5.258185372210457%
30696,0,5.258014073494918%
30697,0,5.257842785939994%
30698,0,5.257671509544596%
30699,0,5.257500244307632%
30700,0,5.257328990228013%
30701,0,5.257157747304648%
30702,0,5.256986515536447%
30703,0,5.25681529492232%
30704,0,5.256644085461177%
30705,0,5.25647288715193%
30706,0,5.256301699993487%
30707,0,5.256130523984758%
30708,0,5.255959359124658%
30709,0,5.255788205412094%
30710,0,5.255617062845978%
30711,0,5.255445931425222%
30712,0,5.255274811148737%
30713,0,5.255103702015433%
30714,0,5.254932604024224%
30715,0,5.254761517174019%
30716,0,5.2545904414637326%
30717,0,5.254419376892275%
30718,0,5.254248323458559%
30719,0,5.254077281161496%
30720,0,5.25390625%
30721,0,5.253735229972983%
30722,0,5.253564221079357%
30723,0,5.253393223318035%
30724,0,5.2532222366879315%
30725,0,5.253051261187958%
30726,0,5.252880296817028%
30727,0,5.252709343574055%
30728,0,5.2525384014579535%
30729,0,5.252367470467637%
30730,0,5.252196550602017%
30731,0,5.252025641860011%
30732,0,5.251854744240531%
30733,0,5.251683857742492%
30734,0,5.251512982364807%
30735,0,5.251342118106393%
30736,0,5.251171264966163%
30737,0,5.251000422943033%
30738,0,5.250829592035917%
30739,0,5.25065877224373%
30740,0,5.250487963565387%
30741,0,5.250317165999805%
30742,0,5.250146379545898%
30743,0,5.249975604202583%
30744,0,5.249804839968775%
30745,0,5.249634086843389%
30746,0,5.249463344825343%
30747,0,5.2492926139135525%
30748,0,5.249121894106934%
30749,0,5.248951185404403%
30750,0,5.248780487804878%
30751,0,5.248609801307275%
30752,0,5.24843912591051%
30753,0,5.248268461613502%
30754,0,5.2480978084151655%
30755,0,5.247927166314421%
30756,0,5.247756535310184%
30757,0,5.2475859154013715%
30758,0,5.2474153065869045%
30759,0,5.247244708865698%
30760,0,5.247074122236671%
30761,0,5.246903546698742%
30762,0,5.246732982250829%
30763,0,5.24656242889185%
30764,0,5.246391886620725%
30765,0,5.246221355436372%
30766,0,5.24605083533771%
30767,0,5.245880326323658%
30768,0,5.245709828393136%
30769,0,5.2455393415450615%
30770,0,5.245368865778356%
30771,0,5.245198401091937%
30772,0,5.245027947484726%
30773,0,5.244857504955643%
30774,0,5.244687073503607%
30775,0,5.244516653127539%
30776,0,5.244346243826358%
30777,0,5.244175845598987%
30778,0,5.244005458444343%
30779,0,5.24383508236135%
30780,0,5.243664717348928%
30781,0,5.243494363405997%
30782,0,5.243324020531479%
30783,0,5.243153688724296%
30784,0,5.242983367983368%
30785,0,5.242813058307617%
30786,0,5.242642759695966%
30787,0,5.242472472147335%
30788,0,5.242302195660646%
30789,0,5.242131930234825%
30790,0,5.241961675868788%
30791,0,5.241791432561463%
30792,0,5.241621200311769%
30793,0,5.241450979118631%
30794,0,5.24128076898097%
30795,0,5.24111056989771%
30796,0,5.240940381867775%
30797,0,5.240770204890087%
30798,0,5.240600038963569%
30799,0,5.2404298840871455%
30800,0,5.240259740259741%
30801,0,5.240089607480276%
30802,0,5.239919485747679%
30803,0,5.23974937506087%
30804,0,5.239579275418777%
30805,0,5.239409186820321%
30806,0,5.239239109264429%
30807,0,5.239069042750024%
30808,0,5.238898987276032%
30809,0,5.2387289428413775%
30810,0,5.238558909444985%
30811,0,5.238388887085781%
30812,0,5.238218875762691%
30813,0,5.238048875474637%
30814,0,5.237878886220549%
30815,0,5.237708907999351%
30816,0,5.237538940809968%
30817,0,5.237368984651329%
30818,0,5.237199039522357%
30819,0,5.23702910542198%
30820,0,5.236859182349124%
30821,0,5.2366892703027155%
30822,0,5.236519369281682%
30823,0,5.23634947928495%
30824,0,5.236179600311446%
30825,0,5.236009732360097%
30826,0,5.235839875429832%
30827,0,5.235670029519577%
30828,1,5.238743998961983%
30829,1,5.241817768983749%
30830,1,5.2448913396042816%
30831,1,5.247964710842982%
30832,1,5.2510378827192525%
30833,0,5.250867576946778%
30834,0,5.2506972822209255%
30835,0,5.25052699854062%
30836,0,5.250356725904787%
30837,0,5.250186464312352%
30838,0,5.250016213762241%
30839,0,5.24984597425338%
30840,0,5.249675745784695%
30841,0,5.249505528355112%
30842,0,5.249335321963556%
30843,0,5.249165126608955%
30844,0,5.248994942290235%
30845,0,5.248824769006322%
30846,0,5.248654606756144%
30847,0,5.248484455538626%
30848,0,5.248314315352697%
30849,0,5.248144186197283%
30850,0,5.247974068071313%
30851,0,5.247803960973712%
30852,0,5.24763386490341%
30853,0,5.247463779859332%
30854,0,5.24729370584041%
30855,0,5.247123642845568%
30856,0,5.246953590873736%
30857,0,5.246783549923842%
30858,0,5.246613519994815%
30859,0,5.246443501085583%
30860,0,5.2462734931950745%
30861,1,5.2493438320209975%
30862,1,5.252413971874797%
30863,0,5.252243787058938%
30864,0,5.252073613271125%
30865,0,5.251903450510287%
30866,0,5.251733298775352%
30867,0,5.251563158065248%
30868,0,5.251393028378903%
30869,0,5.251222909715248%
30870,0,5.25105280207321%
30871,0,5.250882705451718%
30872,0,5.250712619849702%
30873,0,5.25054254526609%
30874,0,5.250372481699812%
30875,0,5.250202429149797%
30876,0,5.250032387614976%
30877,0,5.249862357094277%
30878,0,5.249692337586631%
30879,0,5.249522329090968%
30880,0,5.249352331606218%
30881,0,5.24918234513131%
30882,0,5.249012369665177%
30883,0,5.248842405206748%
30884,0,5.248672451754954%
30885,0,5.248502509308726%
30886,0,5.248332577866995%
30887,0,5.248162657428692%
30888,0,5.247992747992749%
30889,0,5.247822849558095%
30890,0,5.247652962123665%
30891,0,5.247483085688389%
30892,0,5.247313220251198%
30893,0,5.247143365811025%
30894,0,5.246973522366803%
30895,0,5.246803689917463%
30896,0,5.246633868461937%
30897,0,5.246464057999158%
30898,0,5.24629425852806%
30899,0,5.246124470047574%
30900,0,5.2459546925566345%
30901,0,5.2457849260541725%
30902,0,5.245615170539124%
30903,0,5.24544542601042%
30904,0,5.245275692466995%
30905,0,5.245105969907781%
30906,0,5.244936258331716%
30907,0,5.24476655773773%
30908,0,5.2445968681247574%
30909,0,5.244427189491733%
30910,0,5.244257521837593%
30911,0,5.24408786516127%
30912,0,5.243918219461698%
30913,0,5.243748584737813%
30914,0,5.243578960988549%
30915,0,5.243409348212841%
30916,0,5.243239746409626%
30917,0,5.243070155577837%
30918,0,5.242900575716411%
30919,0,5.2427310068242825%
30920,0,5.242561448900388%
30921,0,5.242391901943663%
30922,0,5.242222365953044%
30923,0,5.242052840927465%
30924,0,5.241883326865865%
30925,0,5.241713823767179%
30926,0,5.241544331630344%
30927,0,5.241374850454296%
30928,0,5.241205380237972%
30929,0,5.24103592098031%
30930,0,5.240866472680246%
30931,0,5.2406970353367175%
30932,0,5.240527608948661%
30933,0,5.240358193515016%
30934,0,5.240188789034719%
30935,0,5.240019395506708%
30936,0,5.23985001292992%
30937,0,5.239680641303294%
30938,0,5.239511280625768%
30939,0,5.23934193089628%
30940,0,5.239172592113769%
30941,0,5.239003264277173%
30942,0,5.238833947385431%
30943,0,5.238664641437482%
30944,0,5.2384953464322646%
30945,0,5.238326062368719%
30946,0,5.2381567892457825%
30947,0,5.237987527062397%
30948,0,5.2378182758175%
30949,0,5.2376490355100325%
30950,0,5.237479806138934%
30951,0,5.237310587703144%
30952,0,5.237141380201602%
30953,0,5.236972183633251%
30954,0,5.236802997997027%
30955,0,5.236633823291875%
30956,0,5.2364646595167335%
30957,0,5.236295506670543%
30958,0,5.236126364752245%
30959,0,5.2359572337607805%
30960,0,5.23578811369509%
30961,0,5.235619004554117%
30962,0,5.235449906336799%
30963,0,5.2352808190420825%
30964,0,5.235111742668906%
30965,0,5.234942677216211%
30966,0,5.234773622682943%
30967,0,5.234604579068041%
30968,0,5.234435546370446%
30969,0,5.234266524589105%
30970,0,5.234097513722958%
30971,0,5.233928513770946%
30972,0,5.233759524732016%
30973,0,5.233590546605107%
30974,0,5.233421579389165%
30975,0,5.233252623083132%
30976,0,5.233083677685951%
30977,0,5.232914743196565%
30978,0,5.232745819613919%
30979,0,5.232576906936957%
30980,0,5.232408005164622%
30981,0,5.232239114295859%
30982,0,5.232070234329611%
30983,0,5.2319013652648225%
30984,0,5.231732507100439%
30985,0,5.2315636598354045%
30986,0,5.231394823468663%
30987,0,5.231225997999161%
30988,0,5.231057183425842%
30989,0,5.230888379747652%
30990,0,5.230719586963536%
30991,0,5.230550805072441%
30992,0,5.230382034073309%
30993,0,5.230213273965089%
30994,0,5.230044524746725%
30995,0,5.229875786417164%
30996,0,5.229707058975352%
30997,0,5.229538342420234%
30998,0,5.229369636750758%
30999,0,5.229200941965869%
31000,0,5.2290322580645165%
31001,0,5.2288635850456435%
31002,0,5.2286949229082%
31003,0,5.2285262716511305%
31004,0,5.228357631273385%
31005,0,5.228189001773907%
31006,0,5.228020383151648%
31007,0,5.227851775405553%
31008,0,5.227683178534572%
31009,0,5.22751459253765%
31010,0,5.227346017413737%
31011,0,5.227177453161781%
31012,0,5.2270088997807305%
31013,0,5.226840357269532%
31014,0,5.226671825627136%
31015,0,5.226503304852491%
31016,0,5.2263347949445444%
31017,0,5.226166295902248%
31018,0,5.225997807724547%
31019,0,5.225829330410393%
31020,0,5.225660863958737%
31021,0,5.225492408368525%
31022,0,5.225323963638708%
31023,0,5.225155529768236%
31024,0,5.22498710675606%
31025,0,5.224818694601128%
31026,0,5.224650293302392%
31027,0,5.2244819028588%
31028,0,5.224313523269305%
31029,0,5.224145154532856%
31030,0,5.2239767966484045%
31031,0,5.223808449614902%
31032,0,5.223640113431297%
31033,0,5.223471788096543%
31034,0,5.223303473609589%
31035,0,5.22313516996939%
31036,0,5.222966877174893%
31037,0,5.222798595225054%
31038,0,5.222630324118822%
31039,0,5.222462063855151%
31040,0,5.22229381443299%
31041,0,5.222125575851293%
31042,1,5.2251787900264155%
31043,0,5.225010469348968%
31044,0,5.224842159515526%
31045,0,5.224673860525044%
31046,0,5.224505572376473%
31047,0,5.224337295068766%
31048,0,5.224169028600876%
31049,0,5.224000772971754%
31050,0,5.223832528180354%
31051,0,5.223664294225629%
31052,0,5.22349607110653%
31053,0,5.223327858822014%
31054,0,5.223159657371031%
31055,0,5.222991466752536%
31056,0,5.222823286965482%
31057,0,5.222655118008823%
31058,0,5.222486959881512%
31059,0,5.222318812582504%
31060,0,5.222150676110753%
31061,0,5.2219825504652135%
31062,0,5.2218144356448395%
31063,0,5.221646331648585%
31064,0,5.221478238475406%
31065,0,5.221310156124256%
31066,0,5.22114208459409%
31067,0,5.220974023883864%
31068,0,5.220805973992532%
31069,1,5.223856577295697%
31070,1,5.22690698422916%
31071,1,5.229957194811882%
31072,0,5.229788877445932%
31073,0,5.229620570913655%
31074,0,5.229452275214006%
31075,0,5.229283990345937%
31076,0,5.229115716308405%
31077,0,5.228947453100364%
31078,0,5.228779200720767%
31079,0,5.22861095916857%
31080,0,5.228442728442728%
31081,0,5.228274508542196%
31082,0,5.228106299465929%
31083,0,5.227938101212882%
31084,0,5.22776991378201%
31085,0,5.22760173717227%
31086,1,5.23065045358039%
31087,1,5.23369897384759%
31088,1,5.236747297992795%
31089,1,5.239795426034933%
31090,0,5.2396268896751375%
31091,1,5.24267472902126%
31092,1,5.245722372314422%
31093,1,5.248769819573537%
31094,1,5.251817070817521%
31095,1,5.254864126065284%
31096,0,5.254695137638281%
31097,1,5.2577419043637645%
31098,1,5.260788475143096%
31099,0,5.260619312518087%
31100,0,5.260450160771704%
31101,0,5.260281019902897%
31102,0,5.2601118899106165%
31103,0,5.259942770793814%
31104,0,5.25977366255144%
31105,0,5.259604565182446%
31106,0,5.259435478685784%
31107,0,5.259266403060405%
31108,0,5.259097338305259%
31109,0,5.2589282844193%
31110,0,5.258759241401478%
31111,0,5.258590209250747%
31112,0,5.258421187966058%
31113,0,5.258252177546363%
31114,0,5.258083177990615%
31115,0,5.257914189297766%
31116,0,5.257745211466769%
31117,0,5.257576244496578%
31118,0,5.257407288386143%
31119,0,5.25723834313442%
31120,0,5.25706940874036%
31121,0,5.256900485202918%
31122,0,5.256731572521047%
31123,0,5.256562670693699%
31124,0,5.25639377971983%
31125,0,5.256224899598394%
31126,0,5.256056030328343%
31127,0,5.255887171908633%
31128,0,5.255718324338217%
31129,0,5.255549487616049%
31130,0,5.255380661741086%
31131,0,5.25521184671228%
31132,0,5.2550430425285874%
31133,0,5.254874249188964%
31134,0,5.2547054666923625%
31135,0,5.254536695037739%
31136,0,5.2543679342240495%
31137,0,5.254199184250249%
31138,0,5.254030445115293%
31139,0,5.253861716818138%
31140,0,5.253692999357739%
31141,0,5.2535242927330525%
31142,0,5.253355596943035%
31143,0,5.253186911986642%
31144,1,5.256229129206267%
31145,1,5.259271151067587%
31146,0,5.259102292429205%
31147,1,5.2621440267120425%
31148,1,5.265185565686401%
31149,1,5.268226909371087%
31150,1,5.271268057784912%
31151,0,5.271098841128696%
31152,1,5.274139702105804%
31153,0,5.273970404134434%
31154,0,5.273801117031521%
31155,0,5.273631840796019%
31156,0,5.273462575426884%
31157,0,5.273293320923067%
31158,0,5.273124077283523%
31159,0,5.272954844507205%
31160,0,5.272785622593068%
31161,0,5.272616411540066%
31162,0,5.272447211347154%
31163,0,5.272278022013285%
31164,0,5.272108843537415%
31165,0,5.271939675918498%
31166,0,5.27177051915549%
31167,0,5.271601373247345%
31168,0,5.271432238193018%
31169,0,5.271263113991466%
31170,0,5.271094000641643%
31171,0,5.270924898142504%
31172,0,5.270755806493006%
31173,0,5.270586725692105%
31174,0,5.270417655738757%
31175,0,5.270248596631917%
31176,0,5.270079548370542%
31177,0,5.269910510953587%
31178,0,5.269741484380011%
31179,0,5.26957246864877%
31180,0,5.269403463758819%
31181,0,5.269234469709118%
31182,0,5.269065486498621%
31183,0,5.268896514126286%
31184,0,5.268727552591073%
31185,0,5.268558601891935%
31186,0,5.2683896620278325%
31187,0,5.268220732997723%
31188,0,5.268051814800565%
31189,0,5.267882907435314%
31190,0,5.26771401090093%
31191,0,5.267545125196371%
31192,0,5.267376250320595%
31193,0,5.2672073862725615%
31194,0,5.2670385330512275%
31195,0,5.266869690655554%
31196,0,5.266700859084498%
31197,0,5.2665320383370196%
31198,0,5.266363228412078%
31199,0,5.266194429308632%
31200,0,5.2660256410256405%
31201,0,5.265856863562066%
31202,0,5.265688096916865%
31203,0,5.265519341088998%
31204,0,5.265350596077426%
31205,0,5.265181861881109%
31206,0,5.265013138499007%
31207,0,5.26484442593008%
31208,0,5.264675724173289%
31209,0,5.264507033227595%
31210,0,5.264338353091958%
31211,0,5.264169683765339%
31212,0,5.2640010252467%
31213,0,5.263832377535001%
31214,0,5.263663740629205%
31215,0,5.263495114528272%
31216,0,5.263326499231163%
31217,0,5.263157894736842%
31218,0,5.26298930104427%
31219,0,5.262820718152407%
31220,0,5.262652146060217%
31221,0,5.262483584766663%
31222,0,5.262315034270706%
31223,0,5.26214649457131%
31224,0,5.261977965667435%
31225,0,5.261809447558046%
31226,0,5.261640940242105%
31227,0,5.261472443718577%
31228,0,5.2613039579864225%
31229,0,5.2611354830446055%
31230,0,5.260967018892091%
31231,0,5.260798565527841%
31232,0,5.26063012295082%
31233,0,5.260461691159992%
31234,0,5.260293270154319%
31235,0,5.260124859932767%
31236,0,5.259956460494301%
31237,0,5.259788071837884%
31238,0,5.259619693962481%
31239,0,5.259451326867057%
31240,0,5.259282970550576%
31241,0,5.259114625012003%
31242,0,5.258946290250304%
31243,0,5.258777966264443%
31244,0,5.258609653053386%
31245,0,5.258441350616098%
31246,0,5.258273058951546%
31247,0,5.258104778058693%
31248,0,5.257936507936508%
31249,0,5.257768248583955%
31250,0,5.2576%
31251,0,5.25743176218361%
31252,0,5.2572635351337516%
31253,0,5.25709531884939%
31254,0,5.2569271133294935%
31255,0,5.256758918573028%
31256,0,5.25659073457896%
31257,0,5.256422561346259%
31258,0,5.256254398873889%
31259,0,5.256086247160818%
31260,0,5.255918106206014%
31261,0,5.2557499760084445%
31262,0,5.255581856567079%
31263,0,5.255413747880882%
31264,0,5.255245649948822%
31265,0,5.255077562769871%
31266,0,5.254909486342992%
31267,0,5.254741420667157%
31268,0,5.254573365741333%
31269,0,5.254405321564489%
31270,0,5.2542372881355925%
31271,0,5.254069265453616%
31272,0,5.253901253517523%
31273,0,5.253733252326287%
31274,0,5.253565261878877%
31275,0,5.2533972821742605%
31276,0,5.253229313211408%
31277,0,5.253061354989289%
31278,0,5.252893407506874%
31279,0,5.2527254707631315%
31280,0,5.252557544757034%
31281,0,5.252389629487548%
31282,0,5.252221724953648%
31283,0,5.252053831154301%
31284,0,5.251885948088479%
31285,0,5.251718075755154%
31286,0,5.251550214153295%
31287,0,5.251382363281874%
31288,0,5.251214523139862%
31289,0,5.251046693726229%
31290,0,5.250878875039948%
31291,0,5.250711067079991%
31292,0,5.250543269845328%
31293,0,5.250375483334931%
31294,0,5.250207707547773%
31295,0,5.250039942482824%
31296,0,5.249872188139059%
31297,0,5.249704444515449%
31298,0,5.249536711610966%
31299,0,5.249368989424582%
31300,0,5.2492012779552715%
31301,0,5.249033577202007%
31302,0,5.24886588716376%
31303,0,5.248698207839504%
31304,0,5.248530539228213%
31305,0,5.248362881328862%
31306,0,5.24819523414042%
31307,0,5.248027597661864%
31308,0,5.247859971892168%
31309,0,5.247692356830305%
31310,0,5.247524752475248%
31311,0,5.247357158825972%
31312,0,5.247189575881451%
31313,0,5.2470220036406605%
31314,0,5.246854442102574%
31315,0,5.246686891266166%
31316,0,5.246519351130412%
31317,0,5.2463518216942875%
31318,0,5.246184302956766%
31319,0,5.246016794916824%
31320,0,5.245849297573436%
31321,1,5.248874557006481%
31322,1,5.251899623267991%
31323,1,5.254924496376464%
31324,0,5.2547567360490355%
31325,0,5.2545889864325614%
31326,0,5.254421247526016%
31327,0,5.254253519328375%
31328,0,5.2540858018386105%
31329,0,5.253918095055699%
31330,0,5.253750398978615%
31331,0,5.253582713606332%
31332,0,5.253415038937828%
31333,0,5.253247374972074%
31334,0,5.253079721708049%
31335,0,5.252912079144726%
31336,0,5.252744447281082%
31337,0,5.252576826116092%
31338,0,5.252409215648733%
31339,0,5.252241615877979%
31340,0,5.252074026802808%
31341,0,5.2519064484221945%
31342,0,5.2517388807351155%
31343,0,5.251571323740548%
31344,0,5.251403777437468%
31345,0,5.251236241824852%
31346,0,5.251068716901678%
31347,0,5.250901202666921%
31348,0,5.250733699119562%
31349,0,5.250566206258573%
31350,0,5.250398724082935%
31351,0,5.2502312525916235%
31352,0,5.250063791783618%
31353,0,5.249896341657895%
31354,0,5.249728902213434%
31355,0,5.249561473449211%
31356,0,5.2493940553642044%
31357,0,5.249226647957394%
31358,0,5.249059251227757%
31359,0,5.248891865174272%
31360,0,5.248724489795918%
31361,0,5.248557125091674%
31362,0,5.24838977106052%
31363,0,5.248222427701432%
31364,0,5.248055095013391%
31365,0,5.2478877729953775%
31366,0,5.247720461646368%
31367,0,5.247553160965346%
31368,0,5.2473858709512875%
31369,0,5.247218591603175%
31370,0,5.247051322919987%
31371,0,5.246884064900705%
31372,0,5.246716817544307%
31373,0,5.246549580849775%
31374,0,5.24638235481609%
31375,0,5.246215139442231%
31376,0,5.24604793472718%
31377,0,5.245880740669918%
31378,0,5.245713557269424%
31379,0,5.2455463845246815%
31380,0,5.245379222434672%
31381,0,5.245212070998375%
31382,0,5.245044930214773%
31383,0,5.244877800082847%
31384,0,5.24471068060158%
31385,0,5.244543571769953%
31386,0,5.244376473586949%
31387,0,5.24420938605155%
31388,0,5.2440423091627375%
31389,0,5.243875242919494%
31390,0,5.243708187320803%
31391,0,5.243541142365647%
31392,0,5.243374108053008%
31393,0,5.2432070843818686%
31394,0,5.2430400713512135%
31395,0,5.242873068960026%
31396,0,5.242706077207288%
31397,0,5.242539096091983%
31398,1,5.245557041849799%
31399,1,5.248574795375649%
31400,0,5.248407643312102%
31401,1,5.251425113849877%
31402,1,5.254442392204319%
31403,1,5.257459478393784%
31404,1,5.260476372436632%
31405,1,5.263493074351218%
31406,1,5.2665095841558935%
31407,1,5.2695259018690095%
31408,1,5.272542027508915%
31409,1,5.275557961093954%
31410,0,5.2753900031837%
31411,0,5.275222055967655%
31412,0,5.275054119444798%
31413,0,5.274886193614109%
31414,0,5.274718278474565%
31415,0,5.274550374025147%
31416,0,5.274382480264833%
31417,0,5.274214597192603%
31418,0,5.274046724807436%
31419,0,5.27387886310831%
31420,0,5.273711012094207%
31421,0,5.273543171764107%
31422,0,5.273375342116988%
31423,0,5.273207523151831%
31424,0,5.273039714867617%
31425,0,5.272871917263325%
31426,0,5.272704130337937%
31427,0,5.272536354090432%
31428,0,5.272368588519791%
31429,0,5.272200833624996%
31430,0,5.272033089405027%
31431,0,5.271865355858865%
31432,0,5.271697632985493%
31433,0,5.271529920783889%
31434,0,5.271362219253038%
31435,0,5.27119452839192%
31436,0,5.271026848199516%
31437,0,5.27085917867481%
31438,0,5.270691519816782%
31439,0,5.270523871624415%
31440,0,5.270356234096693%
31441,0,5.270188607232595%
31442,0,5.270020991031105%
31443,0,5.269853385491206%
31444,0,5.269685790611881%
31445,0,5.269518206392113%
31446,0,5.269350632830885%
31447,0,5.269183069927179%
31448,0,5.26901551767998%
31449,0,5.26884797608827%
31450,0,5.268680445151033%
31451,0,5.268512924867254%
31452,0,5.268345415235915%
31453,0,5.268177916256001%
31454,0,5.268010427926495%
31455,0,5.267842950246384%
31456,0,5.267675483214649%
31457,0,5.267508026830276%
31458,0,5.267340581092251%
31459,0,5.267173145999555%
31460,0,5.267005721551176%
31461,0,5.266838307746098%
31462,0,5.2666709045833064%
31463,0,5.266503512061787%
31464,0,5.266336130180524%
31465,0,5.266168758938504%
31466,0,5.26600139833471%
31467,0,5.265834048368132%
31468,0,5.2656667090377525%
31469,0,5.265499380342559%
31470,0,5.265332062281538%
31471,0,5.265164754853675%
31472,0,5.264997458057956%
31473,0,5.264830171893369%
31474,0,5.2646628963588995%
31475,0,5.264495631453535%
31476,0,5.264328377176261%
31477,0,5.264161133526066%
31478,0,5.263993900501938%
31479,0,5.263826678102862%
31480,0,5.2636594663278276%
31481,0,5.26349226517582%
31482,0,5.263325074645829%
31483,0,5.263157894736842%
31484,0,5.262990725447846%
31485,0,5.262823566777831%
31486,0,5.262656418725783%
31487,0,5.262489281290692%
31488,0,5.262322154471544%
31489,0,5.262155038267331%
31490,0,5.26198793267704%
31491,0,5.26182083769966%
31492,0,5.26165375333418%
31493,0,5.261486679579589%
31494,0,5.261319616434877%
31495,0,5.2611525638990315%
31496,0,5.260985521971044%
31497,0,5.260818490649903%
31498,0,5.260651469934599%
31499,1,5.263659163782977%
31500,1,5.266666666666667%
31501,0,5.2664994762071045%
31502,0,5.266332296362135%
31503,0,5.2661651271307495%
31504,0,5.265997968511935%
31505,0,5.265830820504682%
31506,0,5.265663683107979%
31507,0,5.265496556320818%
31508,0,5.265329440142186%
31509,0,5.265162334571075%
31510,0,5.264995239606474%
31511,0,5.264828155247374%
31512,0,5.264661081492765%
31513,0,5.264494018341637%
31514,0,5.26432696579298%
31515,0,5.264159923845788%
31516,0,5.263992892499048%
31517,0,5.263825871751753%
31518,0,5.263658861602893%
31519,0,5.263491862051461%
31520,0,5.263324873096447%
31521,0,5.263157894736842%
31522,0,5.262990926971639%
31523,0,5.262823969799828%
31524,0,5.262657023220404%
31525,0,5.262490087232355%
31526,0,5.262323161834677%
31527,0,5.2621562470263585%
31528,0,5.261989342806395%
31529,0,5.261822449173777%
31530,0,5.261655566127497%
31531,0,5.26148869366655%
31532,0,5.261321831789928%
31533,0,5.261154980496623%
31534,0,5.260988139785628%
31535,0,5.260821309655938%
31536,0,5.260654490106545%
31537,0,5.260487681136443%
31538,0,5.260320882744626%
31539,0,5.260154094930086%
31540,0,5.25998731769182%
31541,0,5.259820551028819%
31542,0,5.25965379494008%
31543,0,5.259487049424595%
31544,0,5.25932031448136%
31545,0,5.259153590109367%
31546,0,5.258986876307614%
31547,0,5.258820173075094%
31548,0,5.2586534804108025%
31549,0,5.258486798313735%
31550,0,5.258320126782885%
31551,0,5.258153465817248%
31552,0,5.257986815415822%
31553,0,5.257820175577599%
31554,0,5.257653546301578%
31555,0,5.257486927586753%
31556,0,5.257320319432121%
31557,0,5.257153721836676%
31558,0,5.2569871347994175%
31559,0,5.256820558319339%
31560,0,5.256653992395437%
31561,0,5.25648743702671%
31562,0,5.256320892212154%
31563,0,5.2561543579507655%
31564,0,5.255987834241541%
31565,0,5.255821321083479%
31566,0,5.255654818475575%
31567,0,5.2554883264168275%
31568,0,5.255321844906234%
31569,0,5.2551553739427925%
31570,0,5.254988913525499%
31571,0,5.254822463653353%
31572,0,5.254656024325351%
31573,0,5.254489595540494%
31574,0,5.254323177297777%
31575,0,5.254156769596199%
31576,0,5.253990372434761%
31577,0,5.253823985812459%
31578,0,5.253657609728292%
31579,0,5.25349124418126%
31580,0,5.2533248891703614%
31581,0,5.253158544694595%
31582,0,5.252992210752961%
31583,0,5.252825887344457%
31584,0,5.252659574468085%
31585,0,5.252493272122844%
31586,0,5.252326980307731%
31587,0,5.25216069902175%
31588,0,5.251994428263897%
31589,0,5.251828168033176%
31590,0,5.251661918328585%
31591,0,5.251495679149125%
31592,0,5.251329450493796%
31593,0,5.251163232361599%
31594,0,5.250997024751535%
31595,0,5.250830827662605%
31596,0,5.25066464109381%
31597,0,5.250498465044149%
31598,0,5.250332299512627%
31599,0,5.250166144498244%
31600,0,5.25%
31601,0,5.249833866016898%
31602,0,5.24966774254794%
31603,0,5.249501629592127%
31604,0,5.249335527148462%
31605,0,5.249169435215947%
31606,0,5.249003353793583%
31607,0,5.248837282880374%
31608,0,5.2486712224753225%
31609,0,5.24850517257743%
31610,0,5.2483391331857%
31611,0,5.248173104299136%
31612,0,5.248007085916741%
31613,0,5.247841078037516%
31614,0,5.247675080660467%
31615,0,5.247509093784596%
31616,0,5.247343117408907%
31617,0,5.247177151532403%
31618,0,5.24701119615409%
31619,0,5.246845251272969%
31620,0,5.246679316888046%
31621,0,5.246513392998324%
31622,0,5.246347479602808%
31623,0,5.246181576700503%
31624,0,5.246015684290413%
31625,0,5.245849802371541%
31626,0,5.245683930942895%
31627,0,5.245518070003477%
31628,0,5.245352219552295%
31629,0,5.245186379588353%
31630,0,5.245020550110654%
31631,0,5.244854731118207%
31632,0,5.244688922610015%
31633,0,5.2445231245850845%
31634,0,5.244357337042422%
31635,0,5.244191559981034%
31636,0,5.244025793399924%
31637,0,5.2438600372981%
31638,0,5.243694291674569%
31639,0,5.243528556528335%
31640,0,5.243362831858407%
31641,0,5.243197117663791%
31642,0,5.243031413943493%
31643,0,5.24286572069652%
31644,0,5.242700037921881%
31645,0,5.242534365618582%
31646,0,5.242368703785629%
31647,0,5.242203052422031%
31648,0,5.242037411526795%
31649,0,5.241871781098928%
31650,0,5.241706161137441%
31651,0,5.2415405516413385%
31652,0,5.24137495260963%
31653,0,5.241209364041323%
31654,0,5.241043785935426%
31655,0,5.240878218290949%
31656,0,5.240712661106899%
31657,0,5.240547114382285%
31658,0,5.240381578116116%
31659,0,5.2402160523074%
31660,0,5.240050536955149%
31661,0,5.2398850320583685%
31662,0,5.23971953761607%
31663,0,5.239554053627262%
31664,0,5.239388580090955%
31665,0,5.239223117006158%
31666,0,5.239057664371882%
31667,0,5.238892222187135%
31668,0,5.2387267904509285%
31669,0,5.238561369162272%
31670,0,5.238395958320177%
31671,0,5.238230557923653%
31672,0,5.23806516797171%
31673,0,5.23789978846336%
31674,0,5.237734419397613%
31675,0,5.237569060773481%
31676,0,5.237403712589973%
31677,0,5.237238374846103%
31678,0,5.23707304754088%
31679,0,5.236907730673317%
31680,0,5.236742424242424%
31681,0,5.236577128247214%
31682,0,5.236411842686699%
31683,0,5.23624656755989%
31684,0,5.2360813028657995%
31685,0,5.23591604860344%
31686,0,5.235750804771824%
31687,0,5.235585571369962%
31688,0,5.235420348396869%
31689,0,5.235255135851558%
31690,0,5.235089933733039%
31691,0,5.234924742040327%
31692,0,5.234759560772435%
31693,0,5.234594389928375%
31694,0,5.234429229507162%
31695,0,5.234264079507809%
31696,1,5.237253912165573%
31697,1,5.2402435561725085%
31698,1,5.24323301154647%
31699,1,5.246222278305309%
31700,1,5.249211356466877%
31701,1,5.2522002460490205%
31702,0,5.252034571951296%
31703,1,5.255023183925812%
31704,1,5.2580116073681555%
31705,1,5.260999842296168%
31706,1,5.263987888727685%
31707,1,5.266975746680544%
31708,0,5.26680963794626%
31709,1,5.269797218455328%
31710,0,5.269631031220435%
31711,1,5.272618334331936%
31712,0,5.272452068617558%
31713,0,5.272285813388831%
31714,0,5.272119568644762%
31715,0,5.27195333438436%
31716,0,5.271787110606634%
31717,0,5.27162089731059%
31718,1,5.27460747840343%
31719,1,5.277593871181311%
31720,0,5.2774274905422445%
31721,0,5.2772611203934305%
31722,0,5.277094760733876%
31723,0,5.276928411562588%
31724,0,5.276762072878578%
31725,0,5.276595744680851%
31726,0,5.276429426968417%
31727,0,5.2762631197402845%
31728,0,5.276096822995462%
31729,0,5.2759305367329565%
31730,0,5.275764260951781%
31731,0,5.275597995650941%
31732,0,5.275431740829446%
31733,0,5.275265496486307%
31734,0,5.275099262620533%
31735,0,5.274933039231133%
31736,0,5.274766826317117%
31737,0,5.274600623877493%
31738,0,5.274434431911273%
31739,0,5.274268250417467%
31740,0,5.274102079395085%
31741,0,5.2739359188431365%
31742,0,5.273769768760633%
31743,0,5.273603629146583%
31744,0,5.2734375%
31745,0,5.273271381319893%
31746,0,5.273105273105274%
31747,0,5.272939175355152%
31748,0,5.27277308806854%
31749,0,5.272607011244449%
31750,0,5.27244094488189%
31751,0,5.272274888979875%
31752,0,5.272108843537415%
31753,0,5.271942808553522%
31754,0,5.271776784027209%
31755,0,5.271610769957487%
31756,0,5.271444766343368%
31757,0,5.271278773183865%
31758,0,5.27111279047799%
31759,0,5.270946818224755%
31760,0,5.270780856423174%
31761,0,5.270614905072259%
31762,0,5.270448964171022%
31763,0,5.270283033718477%
31764,0,5.2701171137136384%
31765,0,5.269951204155517%
31766,0,5.269785305043128%
31767,0,5.269619416375484%
31768,0,5.269453538151599%
31769,0,5.269287670370487%
31770,0,5.269121813031162%
31771,0,5.268955966132636%
31772,0,5.268790129673927%
31773,0,5.268624303654046%
31774,0,5.2684584880720084%
31775,0,5.2682926829268295%
31776,0,5.268126888217522%
31777,0,5.267961103943104%
31778,0,5.267795330102587%
31779,0,5.267629566694987%
31780,0,5.267463813719321%
31781,0,5.267298071174601%
31782,0,5.267132339059845%
31783,0,5.2669666173740675%
31784,0,5.266800906116285%
31785,0,5.266635205285512%
31786,0,5.266469514880765%
31787,0,5.26630383490106%
31788,0,5.266138165345414%
31789,1,5.269118248450722%
31790,1,5.272098144070463%
31791,0,5.27193230788588%
31792,1,5.274911927528938%
31793,0,5.2747460132733615%
31794,1,5.277725356985595%
31795,0,5.277559364679981%
31796,0,5.277393382815449%
31797,0,5.277227411391012%
31798,0,5.277061450405686%
31799,0,5.276895499858486%
31800,0,5.276729559748428%
31801,0,5.276563630074526%
31802,0,5.276397710835797%
31803,0,5.276231802031255%
31804,0,5.276065903659917%
31805,0,5.275900015720798%
31806,0,5.275734138212916%
31807,0,5.275568271135285%
31808,0,5.275402414486922%
31809,0,5.275236568266842%
31810,0,5.275070732474065%
31811,0,5.274904907107604%
31812,0,5.274739092166477%
31813,0,5.274573287649703%
31814,0,5.274407493556296%
31815,0,5.274241709885274%
31816,0,5.274075936635655%
31817,0,5.273910173806455%
31818,0,5.273744421396693%
31819,0,5.273578679405387%
31820,0,5.273412947831552%
31821,0,5.273247226674209%
31822,0,5.273081515932374%
31823,0,5.2729158156050655%
31824,0,5.272750125691302%
31825,0,5.272584446190102%
31826,0,5.2724187771004845%
31827,0,5.272253118421466%
31828,0,5.2720874701520675%
31829,0,5.271921832291307%
31830,0,5.271756204838203%
31831,0,5.271590587791775%
31832,0,5.271424981151044%
31833,0,5.271259384915025%
31834,0,5.271093799082742%
31835,0,5.270928223653212%
31836,0,5.270762658625455%
31837,0,5.270597103998492%
31838,0,5.2704315597713425%
31839,0,5.270266025943026%
31840,0,5.2701005025125625%
31841,0,5.2699349894789735%
31842,0,5.2697694868412785%
31843,0,5.2696039945985%
31844,0,5.269438512749654%
31845,0,5.269273041293767%
31846,0,5.269107580229856%
31847,0,5.268942129556945%
31848,0,5.268776689274052%
31849,0,5.2686112593802%
31850,0,5.268445839874411%
31851,0,5.2682804307557065%
31852,0,5.268115032023107%
31853,0,5.267949643675635%
31854,0,5.267784265712312%
31855,0,5.267618898132161%
31856,0,5.267453540934204%
31857,0,5.267288194117462%
31858,0,5.26712285768096%
31859,0,5.266957531623717%
31860,0,5.266792215944759%
31861,0,5.266626910643106%
31862,0,5.266461615717783%
31863,0,5.266296331167812%
31864,0,5.266131056992217%
31865,0,5.26596579319002%
31866,0,5.265800539760246%
31867,0,5.265635296701918%
31868,0,5.265470064014058%
31869,0,5.265304841695691%
31870,0,5.265139629745843%
31871,0,5.2649744281635344%
31872,0,5.264809236947792%
31873,0,5.264644056097637%
31874,0,5.264478885612098%
31875,0,5.264313725490196%
31876,0,5.264148575730958%
31877,0,5.263983436333406%
31878,0,5.263818307296568%
31879,0,5.263653188619467%
31880,0,5.263488080301129%
31881,0,5.263322982340579%
31882,0,5.263157894736842%
31883,0,5.262992817488945%
31884,0,5.2628277505959105%
31885,0,5.2626626940567665%
31886,0,5.262497647870538%
31887,0,5.2623326120362535%
31888,0,5.262167586552935%
31889,0,5.262002571419612%
31890,0,5.261837566635308%
31891,0,5.261672572199053%
31892,0,5.26150758810987%
31893,0,5.2613426143667885%
31894,0,5.261177650968834%
31895,0,5.261012697915033%
31896,0,5.260847755204414%
31897,0,5.260682822836003%
31898,0,5.2605179008088285%
31899,0,5.260352989121916%
31900,0,5.260188087774295%
31901,0,5.260023196764991%
31902,0,5.259858316093035%
31903,0,5.259693445757453%
31904,0,5.259528585757272%
31905,0,5.259363736091522%
31906,0,5.25919889675923%
31907,0,5.259034067759425%
31908,0,5.258869249091138%
31909,0,5.258704440753393%
31910,0,5.258539642745221%
31911,0,5.258374855065651%
31912,0,5.258210077713713%
31913,0,5.258045310688434%
31914,0,5.257880553988845%
31915,0,5.257715807613975%
31916,0,5.257551071562853%
31917,0,5.257386345834508%
31918,0,5.2572216304279715%
31919,0,5.2570569253422725%
31920,0,5.256892230576441%
31921,0,5.2567275461295075%
31922,0,5.256562872000501%
31923,0,5.256398208188454%
31924,0,5.256233554692394%
31925,0,5.256068911511354%
31926,0,5.2559042786443655%
31927,0,5.255739656090457%
31928,0,5.255575043848659%
31929,0,5.255410441918006%
31930,0,5.255245850297525%
31931,1,5.258213021828317%
31932,1,5.261180007515971%
31933,1,5.264146807377947%
31934,0,5.263981962798272%
31935,0,5.263817128542351%
31936,1,5.266783567134269%
31937,1,5.269749819958043%
31938,1,5.272715887031123%
31939,0,5.272550799962429%
31940,1,5.275516593613024%
31941,1,5.278482201559124%
31942,1,5.2814476238181705%
31943,0,5.281282284068497%
31944,0,5.281116954670673%
31945,0,5.280951635623729%
31946,0,5.280786326926689%
31947,0,5.280621028578583%
31948,0,5.28045574057844%
31949,0,5.280290462925287%
31950,0,5.280125195618153%
31951,0,5.2799599386560665%
31952,0,5.279794692038057%
31953,0,5.279629455763152%
31954,0,5.279464229830381%
31955,0,5.279299014238773%
31956,0,5.279133808987357%
31957,0,5.278968614075163%
31958,0,5.27880342950122%
31959,0,5.278638255264558%
31960,0,5.278473091364205%
31961,0,5.278307937799193%
31962,0,5.27814279456855%
31963,0,5.277977661671308%
31964,0,5.2778125391064945%
31965,0,5.277647426873142%
31966,0,5.277482324970281%
31967,0,5.277317233396941%
31968,0,5.277152152152152%
31969,0,5.276987081234946%
31970,0,5.276822020644354%
31971,0,5.276656970379406%
31972,0,5.276491930439135%
31973,0,5.2763269008225695%
31974,0,5.2761618815287425%
31975,0,5.275996872556685%
31976,0,5.275831873905429%
31977,0,5.275666885574006%
31978,0,5.275501907561448%
31979,0,5.275336939866788%
31980,0,5.275171982489056%
31981,0,5.275007035427285%
31982,0,5.274842098680508%
31983,0,5.274677172247757%
31984,0,5.274512256128064%
31985,0,5.274347350320463%
31986,0,5.274182454823985%
31987,0,5.274017569637665%
31988,0,5.273852694760535%
31989,0,5.273687830191628%
31990,0,5.273522975929978%
31991,0,5.273358131974618%
31992,0,5.273193298324581%
31993,0,5.273028474978902%
31994,0,5.272863661936613%
31995,0,5.272698859196749%
31996,0,5.272534066758345%
31997,0,5.272369284620433%
31998,0,5.272204512782048%
31999,0,5.272039751242227%
32000,0,5.2718750000000005%
32001,0,5.271710259054404%
32002,0,5.2715455284044745%
32003,0,5.271380808049245%
32004,0,5.271216097987751%
32005,0,5.271051398219028%
32006,0,5.270886708742111%
32007,0,5.270722029556034%
32008,0,5.2705573606598355%
32009,0,5.270392702052548%
32010,0,5.2702280537332085%
32011,0,5.270063415700853%
32012,0,5.269898787954517%
32013,0,5.269734170493237%
32014,0,5.269569563316049%
32015,0,5.269404966421989%
32016,0,5.269240379810095%
32017,0,5.269075803479402%
32018,0,5.268911237428946%
32019,0,5.268746681657765%
32020,0,5.268582136164897%
32021,0,5.268417600949378%
32022,0,5.268253076010243%
32023,0,5.2680885613465325%
32024,0,5.267924056957282%
32025,0,5.26775956284153%
32026,0,5.267595078998314%
32027,0,5.2674306054266715%
32028,0,5.26726614212564%
32029,0,5.267101689094258%
32030,0,5.2669372463315645%
32031,0,5.266772813836596%
32032,0,5.266608391608392%
32033,0,5.26644397964599%
32034,0,5.2662795779484295%
32035,0,5.2661151865147495%
32036,0,5.265950805343988%
32037,0,5.265786434435184%
32038,0,5.265622073787378%
32039,0,5.2654577233996065%
32040,0,5.265293383270912%
32041,0,5.265129053400331%
32042,0,5.264964733786905%
32043,0,5.264800424429673%
32044,0,5.264636125327674%
32045,0,5.2644718364799505%
32046,0,5.26430755788554%
32047,0,5.264143289543483%
32048,0,5.263979031452821%
32049,0,5.2638147836125935%
32050,0,5.263650546021841%
32051,1,5.266606346135846%
32052,1,5.269561961812055%
32053,0,5.269397560290769%
32054,1,5.2723529044737%
32055,1,5.275308064264546%
32056,1,5.278263039680559%
32057,1,5.2812178307389965%
32058,0,5.281053091272069%
32059,0,5.280888362082411%
32060,0,5.280723643169058%
32061,0,5.28055893453105%
32062,0,5.280394236167426%
32063,0,5.280229548077223%
32064,0,5.280064870259481%
32065,0,5.279900202713239%
32066,0,5.279735545437536%
32067,0,5.279570898431409%
32068,0,5.2794062616939%
32069,0,5.279241635224048%
32070,0,5.2790770190208915%
32071,0,5.2789124130834715%
32072,0,5.278747817410825%
32073,0,5.278583232001996%
32074,0,5.2784186568560205%
32075,0,5.278254091971941%
32076,0,5.278089537348796%
32077,0,5.2779249929856284%
32078,0,5.277760458881477%
32079,0,5.277595935035381%
32080,0,5.2774314214463836%
32081,0,5.277266918113526%
32082,0,5.277102425035846%
32083,0,5.2769379422123865%
32084,0,5.276773469642189%
32085,0,5.276609007324295%
32086,0,5.276444555257745%
32087,0,5.276280113441581%
32088,0,5.2761156818748445%
32089,0,5.275951260556577%
32090,0,5.275786849485821%
32091,0,5.275622448661618%
32092,0,5.275458058083012%
32093,0,5.275293677749042%
32094,0,5.275129307658752%
32095,0,5.274964947811186%
32096,0,5.274800598205384%
32097,0,5.27463625884039%
32098,0,5.274471929715247%
32099,0,5.274307610828998%
32100,0,5.274143302180685%
32101,0,5.2739790037693535%
32102,0,5.273814715594044%
32103,0,5.273650437653802%
32104,0,5.27348616994767%
32105,0,5.273321912474692%
32106,0,5.273157665233913%
32107,0,5.272993428224375%
32108,0,5.272829201445123%
32109,0,5.272664984895201%
32110,0,5.272500778573653%
32111,0,5.272336582479524%
32112,0,5.272172396611858%
32113,0,5.272008220969701%
32114,0,5.271844055552095%
32115,0,5.271679900358088%
32116,0,5.271515755386723%
32117,0,5.271351620637046%
32118,0,5.2711874961081016%
32119,0,5.271023381798935%
32120,0,5.270859277708593%
32121,0,5.27069518383612%
32122,0,5.270531100180562%
32123,0,5.270367026740964%
32124,0,5.270202963516374%
32125,0,5.2700389105058365%
32126,0,5.269874867708398%
32127,0,5.269710835123105%
32128,0,5.269546812749004%
32129,0,5.2693828005851415%
32130,0,5.269218798630564%
32131,0,5.269054806884317%
32132,0,5.26889082534545%
32133,0,5.268726854013008%
32134,0,5.26856289288604%
32135,0,5.268398941963591%
32136,0,5.26823500124471%
32137,0,5.2680710707284435%
32138,0,5.267907150413841%
32139,0,5.267743240299947%
32140,0,5.2675793403858115%
32141,0,5.267415450670483%
32142,0,5.267251571153009%
32143,0,5.267087701832436%
32144,0,5.266923842707815%
32145,0,5.266759993778193%
32146,0,5.266596155042618%
32147,0,5.26643232650014%
32148,0,5.266268508149807%
32149,0,5.266104699990668%
32150,0,5.2659409020217725%
32151,0,5.265777114242169%
32152,0,5.265613336650908%
32153,0,5.265449569247037%
32154,0,5.2652858120296075%
32155,0,5.2651220649976676%
32156,0,5.264958328150268%
32157,0,5.264794601486457%
32158,0,5.264630885005286%
32159,0,5.2644671787058055%
32160,0,5.2643034825870645%
32161,0,5.264139796648115%
32162,0,5.263976120888005%
32163,0,5.263812455305787%
32164,0,5.263648799900509%
32165,0,5.263485154671226%
32166,0,5.263321519616987%
32167,0,5.263157894736842%
32168,0,5.262994280029843%
32169,0,5.262830675495042%
32170,0,5.2626670811314895%
32171,0,5.262503496938236%
32172,0,5.262339922914335%
32173,0,5.262176359058838%
32174,0,5.262012805370796%
32175,0,5.261849261849262%
32176,0,5.261685728493287%
32177,0,5.261522205301924%
32178,0,5.261358692274225%
32179,0,5.261195189409242%
32180,0,5.261031696706028%
32181,0,5.2608682141636365%
32182,0,5.26070474178112%
32183,0,5.260541279557531%
32184,0,5.260377827491921%
32185,0,5.260214385583346%
32186,0,5.260050953830858%
32187,1,5.262994376611675%
32188,0,5.2628308686467005%
32189,0,5.262667370840971%
32190,0,5.2625038831935385%
32191,0,5.2623404057034575%
32192,0,5.262176938369781%
32193,0,5.262013481191563%
32194,0,5.261850034167857%
32195,0,5.261686597297717%
32196,0,5.261523170580197%
32197,0,5.261359754014349%
32198,0,5.26119634759923%
32199,0,5.261032951333893%
32200,0,5.260869565217392%
32201,0,5.260706189248781%
32202,0,5.260542823427116%
32203,0,5.260379467751452%
32204,0,5.260216122220842%
32205,0,5.2600527868343425%
32206,0,5.259889461591008%
32207,0,5.259726146489894%
32208,0,5.259562841530055%
32209,0,5.259399546710547%
32210,0,5.259236262030425%
32211,0,5.2590729874887465%
32212,0,5.258909723084565%
32213,0,5.258746468816938%
32214,0,5.258583224684919%
32215,0,5.2584199906875675%
32216,0,5.258256766823939%
32217,0,5.2580935530930875%
32218,0,5.257930349494071%
32219,0,5.257767156025948%
32220,0,5.257603972687772%
32221,0,5.2574407994786005%
32222,0,5.257277636397492%
32223,0,5.257114483443503%
32224,0,5.25695134061569%
32225,0,5.256788207913111%
32226,0,5.256625085334822%
32227,0,5.256461972879883%
32228,0,5.256298870547351%
32229,0,5.256135778336281%
32230,0,5.255972696245734%
32231,0,5.255809624274767%
32232,0,5.255646562422437%
32233,0,5.255483510687804%
32234,0,5.255320469069926%
32235,0,5.255157437567861%
32236,0,5.254994416180668%
32237,0,5.254831404907404%
32238,0,5.2546684037471305%
32239,0,5.254505412698905%
32240,0,5.254342431761787%
32241,0,5.254179460934835%
32242,0,5.254016500217109%
32243,0,5.253853549607667%
32244,0,5.25369060910557%
32245,0,5.253527678709878%
32246,0,5.253364758419649%
32247,1,5.256302911898781%
32248,1,5.259240883155544%
32249,0,5.259077800862042%
32250,0,5.2589147286821705%
32251,0,5.258751666614988%
32252,0,5.258588614659556%
32253,0,5.258425572814932%
32254,0,5.258262541080176%
32255,0,5.2580995194543485%
32256,0,5.257936507936508%
32257,0,5.257773506525716%
32258,0,5.257610515221031%
32259,0,5.257447534021513%
32260,0,5.257284562926225%
32261,0,5.257121601934224%
32262,0,5.256958651044573%
32263,0,5.256795710256331%
32264,0,5.25663277956856%
32265,0,5.256469858980319%
32266,0,5.256306948490671%
32267,0,5.256144048098676%
32268,0,5.255981157803396%
32269,0,5.255818277603892%
32270,0,5.255655407499225%
32271,0,5.2554925474884575%
32272,0,5.25532969757065%
32273,0,5.2551668577448645%
32274,0,5.255004028010163%
32275,0,5.254841208365608%
32276,0,5.254678398810261%
32277,0,5.254515599343185%
32278,0,5.254352809963443%
32279,0,5.254190030670095%
32280,0,5.2540272614622054%
32281,0,5.253864502338837%
32282,0,5.253701753299052%
32283,0,5.253539014341914%
32284,0,5.253376285466485%
32285,0,5.253213566671829%
32286,0,5.2530508579570085%
32287,0,5.252888159321089%
32288,0,5.2527254707631315%
32289,0,5.252562792282201%
32290,0,5.252400123877361%
32291,0,5.252237465547676%
32292,0,5.2520748172922085%
32293,0,5.251912179110024%
32294,0,5.251749551000186%
32295,0,5.251586932961759%
32296,0,5.251424324993807%
32297,0,5.251261727095396%
32298,0,5.251099139265589%
32299,0,5.250936561503452%
32300,0,5.250773993808049%
32301,0,5.250611436178446%
32302,0,5.250448888613708%
32303,0,5.2502863511129%
32304,0,5.250123823675087%
32305,0,5.249961306299335%
32306,0,5.249798798984709%
32307,0,5.249636301730275%
32308,0,5.249473814535099%
32309,0,5.2493113373982485%
32310,0,5.249148870318787%
32311,0,5.248986413295782%
32312,0,5.248823966328299%
32313,0,5.248661529415406%
32314,0,5.248499102556168%
32315,0,5.248336685749652%
32316,0,5.248174278994925%
32317,0,5.248011882291054%
32318,0,5.247849495637106%
32319,0,5.247687119032149%
32320,0,5.247524752475248%
32321,0,5.247362395965471%
32322,0,5.247200049501887%
32323,0,5.247037713083563%
32324,0,5.246875386709566%
32325,0,5.246713070378964%
32326,0,5.246550764090824%
32327,0,5.246388467844216%
32328,0,5.2462261816382085%
32329,0,5.246063905471867%
32330,0,5.245901639344262%
32331,0,5.245739383254461%
32332,0,5.245577137201534%
32333,0,5.245414901184549%
32334,0,5.245252675202574%
32335,0,5.245090459254677%
32336,0,5.244928253339931%
32337,0,5.244766057457402%
32338,0,5.24460387160616%
32339,0,5.244441695785275%
32340,0,5.244279529993816%
32341,0,5.244117374230853%
32342,0,5.243955228495454%
32343,0,5.243793092786693%
32344,0,5.243630967103636%
32345,0,5.243468851445355%
32346,0,5.243306745810919%
32347,0,5.2431446501994%
32348,0,5.242982564609868%
32349,0,5.242820489041392%
32350,0,5.242658423493045%
32351,0,5.242496367963896%
32352,0,5.242334322453017%
32353,0,5.2421722869594785%
32354,0,5.242010261482352%
32355,0,5.241848246020708%
32356,0,5.241686240573618%
32357,0,5.2415242451401545%
32358,0,5.241362259719389%
32359,0,5.241200284310392%
32360,0,5.241038318912238%
32361,1,5.24396650288928%
32362,1,5.2468945059019845%
32363,1,5.249822327967123%
32364,0,5.24966011617847%
32365,1,5.252587671867758%
32366,0,5.252425384662917%
32367,0,5.252263107486019%
32368,0,5.2521008403361344%
32369,0,5.251938583212333%
32370,0,5.251776336113686%
32371,0,5.251614099039264%
32372,0,5.251451871988138%
32373,0,5.25128965495938%
32374,0,5.25112744795206%
32375,0,5.250965250965251%
32376,0,5.250803063998023%
32377,0,5.250640887049449%
32378,0,5.250478720118599%
32379,0,5.250316563204546%
32380,0,5.250154416306362%
32381,0,5.249992279423118%
32382,0,5.249830152553888%
32383,0,5.249668035697742%
32384,0,5.249505928853755%
32385,1,5.252431681333951%
32386,0,5.252269499166307%
32387,0,5.252107327013925%
32388,0,5.25194516487588%
32389,0,5.251783012751242%
32390,0,5.251620870639086%
32391,0,5.251458738538483%
32392,0,5.2512966164485055%
32393,0,5.251134504368228%
32394,0,5.250972402296722%
32395,0,5.250810310233061%
32396,0,5.250648228176318%
32397,0,5.250486156125567%
32398,0,5.250324094079882%
32399,1,5.2532485570542296%
32400,1,5.256172839506172%
32401,1,5.259096941452424%
32402,1,5.262020862909697%
32403,0,5.261858469894762%
32404,1,5.264782125663499%
32405,0,5.264619657460268%
32406,0,5.264457199284083%
32407,0,5.264294751134014%
32408,0,5.264132313009133%
32409,0,5.263969884908513%
32410,0,5.263807466831225%
32411,0,5.2636450587763415%
32412,0,5.263482660742935%
32413,0,5.263320272730077%
32414,0,5.263157894736842%
32415,0,5.262995526762301%
32416,0,5.262833168805528%
32417,0,5.262670820865596%
32418,0,5.262508482941575%
32419,0,5.262346155032542%
32420,0,5.262183837137569%
32421,0,5.26202152925573%
32422,0,5.2618592313860955%
32423,0,5.261696943527743%
32424,0,5.2615346656797435%
32425,0,5.261372397841172%
32426,0,5.261210140011102%
32427,0,5.261047892188609%
32428,0,5.260885654372764%
32429,0,5.260723426562644%
32430,0,5.2605612087573235%
32431,0,5.260399000955875%
32432,0,5.260236803157375%
32433,0,5.260074615360898%
32434,0,5.259912437565518%
32435,0,5.2597502697703105%
32436,0,5.25958811197435%
32437,0,5.259425964176712%
32438,1,5.262346630495098%
32439,1,5.2652671167421925%
32440,1,5.268187422934648%
32441,0,5.26802503005456%
32442,0,5.267862647185747%
32443,1,5.27078260333508%
32444,1,5.27370237948465%
32445,1,5.276621975651102%
32446,0,5.276459347839487%
32447,0,5.276296730052085%
32448,0,5.276134122287968%
32449,0,5.275971524546211%
32450,0,5.275808936825886%
32451,0,5.275646359126067%
32452,0,5.2754837914458275%
32453,0,5.275321233784243%
32454,0,5.275158686140383%
32455,0,5.274996148513327%
32456,0,5.274833620902145%
32457,0,5.274671103305913%
32458,0,5.274508595723704%
32459,0,5.274346098154595%
32460,0,5.2741836105976585%
32461,0,5.274021133051971%
32462,0,5.273858665516604%
32463,0,5.2736962079906355%
32464,0,5.27353376047314%
32465,0,5.273371322963191%
32466,0,5.273208895459866%
32467,0,5.273046477962239%
32468,0,5.272884070469385%
32469,0,5.272721672980381%
32470,0,5.272559285494303%
32471,0,5.272396908010225%
32472,0,5.272234540527224%
32473,0,5.272072183044376%
32474,0,5.2719098355607565%
32475,0,5.271747498075443%
32476,0,5.271585170587511%
32477,0,5.271422853096038%
32478,0,5.271260545600098%
32479,0,5.271098248098772%
32480,0,5.2709359605911335%
32481,0,5.270773683076261%
32482,0,5.27061141555323%
32483,0,5.270449158021119%
32484,0,5.270286910479005%
32485,0,5.270124672925966%
32486,0,5.269962445361079%
32487,0,5.269800227783421%
32488,0,5.269638020192071%
32489,0,5.269475822586106%
32490,0,5.269313634964604%
32491,0,5.269151457326644%
32492,0,5.268989289671304%
32493,0,5.268827131997661%
32494,0,5.268664984304794%
32495,0,5.268502846591783%
32496,0,5.268340718857706%
32497,0,5.26817860110164%
32498,0,5.268016493322666%
32499,0,5.267854395519862%
32500,0,5.267692307692308%
32501,0,5.267530229839082%
32502,0,5.267368161959264%
32503,0,5.267206104051934%
32504,0,5.267044056116171%
32505,0,5.266882018151053%
32506,0,5.266719990155663%
32507,0,5.26655797212908%
32508,0,5.266395964070383%
32509,0,5.266233965978652%
32510,0,5.266071977852968%
32511,0,5.265909999692412%
32512,0,5.265748031496063%
32513,0,5.265586073263003%
32514,0,5.265424124992311%
32515,0,5.26526218668307%
32516,0,5.265100258334359%
32517,0,5.264938339945259%
32518,0,5.2647764315148535%
32519,0,5.264614533042222%
32520,0,5.264452644526445%
32521,0,5.2642907659666065%
32522,0,5.264128897361786%
32523,0,5.263967038711066%
32524,0,5.263805190013528%
32525,0,5.263643351268255%
32526,0,5.263481522474328%
32527,0,5.263319703630829%
32528,0,5.263157894736842%
32529,0,5.262996095791447%
32530,0,5.262834306793729%
32531,0,5.262672527742769%
32532,0,5.262510758637649%
32533,0,5.262348999477454%
32534,0,5.262187250261265%
32535,0,5.262025510988167%
32536,0,5.261863781657241%
32537,0,5.261702062267572%
32538,0,5.261540352818243%
32539,0,5.261378653308338%
32540,0,5.261216963736939%
32541,0,5.261055284103131%
32542,0,5.260893614405998%
32543,0,5.2607319546446245%
32544,0,5.260570304818092%
32545,1,5.263481333538178%
32546,1,5.266392183371228%
32547,0,5.266230374535287%
32548,0,5.266068575642128%
32549,0,5.265906786690835%
32550,0,5.265745007680492%
32551,0,5.265583238610181%
32552,1,5.268493487343327%
32553,0,5.268331643780911%
32554,0,5.268169810161578%
32555,0,5.268007986484411%
32556,1,5.270917803169923%
32557,1,5.273827441103296%
32558,1,5.276736900301001%
32559,1,5.279646180779507%
32560,0,5.2794840294840295%
32561,1,5.282393046896594%
32562,1,5.285301885633561%
32563,1,5.28821054571139%
32564,0,5.28804815133276%
32565,1,5.290956548441579%
32566,0,5.29079407971504%
32567,0,5.290631620966009%
32568,0,5.290469172193564%
32569,0,5.290306733396789%
32570,0,5.290144304574762%
32571,0,5.289981885726566%
32572,0,5.289819476851283%
32573,0,5.289657077947994%
32574,0,5.289494689015779%
32575,0,5.289332310053722%
32576,0,5.289169941060904%
32577,0,5.289007582036406%
32578,0,5.288845232979311%
32579,0,5.288682893888701%
32580,0,5.288520564763659%
32581,0,5.288358245603265%
32582,0,5.288195936406605%
32583,0,5.2880336371727585%
32584,0,5.28787134790081%
32585,0,5.287709068589843%
32586,0,5.287546799238937%
32587,0,5.287384539847179%
32588,0,5.287222290413649%
32589,0,5.287060050937433%
32590,0,5.286897821417613%
32591,0,5.286735601853272%
32592,0,5.286573392243495%
32593,0,5.286411192587366%
32594,0,5.286249002883967%
32595,0,5.286086823132382%
32596,0,5.285924653331698%
32597,0,5.285762493480995%
32598,0,5.285600343579361%
32599,0,5.285438203625878%
32600,0,5.285276073619632%
32601,0,5.285113953559707%
32602,0,5.284951843445188%
32603,0,5.284789743275159%
32604,0,5.284627653048705%
32605,0,5.284465572764914%
32606,0,5.284303502422867%
32607,0,5.284141442021652%
32608,0,5.2839793915603535%
32609,0,5.283817351038056%
32610,0,5.283655320453849%
32611,0,5.283493299806814%
32612,0,5.283331289096038%
32613,0,5.283169288320608%
32614,0,5.283007297479609%
32615,0,5.282845316572129%
32616,0,5.282683345597253%
32617,0,5.282521384554067%
32618,0,5.282359433441658%
32619,0,5.282197492259113%
32620,0,5.282035561005518%
32621,0,5.281873639679961%
32622,0,5.281711728281527%
32623,0,5.281549826809306%
32624,0,5.281387935262384%
32625,0,5.2812260536398465%
32626,0,5.281064181940783%
32627,0,5.280902320164281%
32628,0,5.2807404683094274%
32629,0,5.28057862637531%
32630,0,5.280416794361018%
32631,0,5.280254972265637%
32632,0,5.280093160088257%
32633,0,5.279931357827965%
32634,0,5.279769565483852%
32635,0,5.279607783055003%
32636,0,5.279446010540507%
32637,0,5.279284247939455%
32638,0,5.279122495250935%
32639,0,5.278960752474035%
32640,0,5.278799019607843%
32641,0,5.278637296651451%
32642,0,5.278475583603946%
32643,0,5.278313880464418%
32644,0,5.278152187231957%
32645,0,5.277990503905651%
32646,0,5.277828830484593%
32647,0,5.277667166967868%
32648,0,5.27750551335457%
32649,0,5.277343869643787%
32650,0,5.277182235834609%
32651,0,5.277020611926128%
32652,0,5.276858997917432%
32653,0,5.276697393807614%
32654,0,5.276535799595761%
32655,0,5.276374215280968%
32656,0,5.2762126408623224%
32657,0,5.276051076338916%
32658,0,5.275889521709842%
32659,0,5.275727976974188%
32660,0,5.275566442131048%
32661,0,5.275404917179511%
32662,0,5.27524340211867%
32663,0,5.275081896947617%
32664,0,5.274920401665442%
32665,0,5.274758916271239%
32666,0,5.274597440764097%
32667,0,5.274435975143111%
32668,0,5.274274519407371%
32669,0,5.274113073555971%
32670,0,5.273951637588001%
32671,0,5.273790211502556%
32672,0,5.273628795298727%
32673,0,5.273467388975607%
32674,0,5.273305992532289%
32675,1,5.276205049732211%
32676,0,5.276043579385481%
32677,0,5.275882118921565%
32678,0,5.275720668339556%
32679,0,5.275559227638545%
32680,0,5.275397796817625%
32681,0,5.275236375875892%
32682,0,5.275074964812435%
32683,0,5.274913563626351%
32684,0,5.27475217231673%
32685,0,5.274590790882669%
32686,0,5.274429419323258%
32687,0,5.274268057637593%
32688,0,5.274106705824767%
32689,0,5.273945363883875%
32690,0,5.27378403181401%
32691,0,5.2736227096142665%
32692,0,5.273461397283739%
32693,0,5.273300094821522%
32694,0,5.2731388022267085%
32695,0,5.2729775194983945%
32696,0,5.272816246635674%
32697,0,5.272654983637643%
32698,0,5.2724937305033945%
32699,0,5.272332487232025%
32700,0,5.27217125382263%
32701,0,5.272010030274304%
32702,0,5.271848816586141%
32703,0,5.27168761275724%
32704,0,5.271526418786693%
32705,0,5.271365234673597%
32706,0,5.271204060417048%
32707,0,5.2710428960161435%
32708,0,5.270881741469976%
32709,0,5.270720596777646%
32710,0,5.2705594619382445%
32711,0,5.270398336950873%
32712,0,5.270237221814625%
32713,0,5.270076116528597%
32714,0,5.2699150210918875%
32715,0,5.269753935503592%
32716,0,5.269592859762808%
32717,0,5.26943179386863%
32718,0,5.26927073782016%
32719,0,5.269109691616492%
32720,0,5.2689486552567235%
32721,0,5.268787628739953%
32722,0,5.268626612065278%
32723,0,5.268465605231794%
32724,0,5.268304608238602%
32725,0,5.268143621084798%
32726,0,5.2679826437694794%
32727,0,5.267821676291748%
32728,0,5.267660718650697%
32729,0,5.267499770845427%
32730,0,5.267338832875038%
32731,0,5.267177904738627%
32732,0,5.2670169864352925%
32733,0,5.2668560779641345%
32734,0,5.26669517932425%
32735,0,5.266534290514739%
32736,0,5.266373411534702%
32737,1,5.2692671900296295%
32738,1,5.272160791740485%
32739,1,5.275054216683466%
32740,1,5.277947464874771%
32741,0,5.277786261873492%
32742,1,5.280679249893104%
32743,1,5.283572061203921%
32744,0,5.283410701197166%
32745,0,5.283249351045962%
32746,0,5.283088010749404%
32747,0,5.282926680306593%
32748,0,5.282765359716624%
32749,0,5.282604048978595%
32750,0,5.2824427480916025%
32751,0,5.282281457054746%
32752,0,5.282120175867123%
32753,0,5.28195890452783%
32754,0,5.281797643035965%
32755,0,5.281636391390627%
32756,0,5.281475149590915%
32757,0,5.2813139176359245%
32758,0,5.281152695524757%
32759,0,5.28099148325651%
32760,0,5.280830280830281%
32761,0,5.28066908824517%
32762,0,5.280507905500275%
32763,0,5.280346732594695%
32764,0,5.28018556952753%
32765,0,5.280024416297879%
32766,0,5.279863272904841%
32767,0,5.279702139347514%
32768,0,5.279541015625%
32769,0,5.279379901736397%
32770,0,5.279218797680805%
32771,0,5.279057703457325%
32772,0,5.278896619065056%
32773,0,5.278735544503097%
32774,0,5.27857447977055%
32775,0,5.278413424866514%
32776,0,5.27825237979009%
32777,0,5.278091344540379%
32778,0,5.27793031911648%
32779,0,5.277769303517496%
32780,0,5.2776082977425265%
32781,0,5.277447301790671%
32782,0,5.2772863156610335%
32783,0,5.277125339352713%
32784,0,5.276964372864812%
32785,0,5.276803416196431%
32786,0,5.2766424693466725%
32787,0,5.276481532314637%
32788,0,5.276320605099427%
32789,0,5.276159687700143%
32790,0,5.275998780115889%
32791,0,5.2758378823457655%
32792,0,5.275676994388875%
32793,0,5.2755161162443205%
32794,0,5.275355247911203%
32795,0,5.275194389388627%
32796,0,5.275033540675692%
32797,0,5.274872701771503%
32798,0,5.274711872675163%
32799,0,5.274551053385774%
32800,0,5.274390243902439%
32801,0,5.274229444224261%
32802,0,5.274068654350344%
32803,0,5.273907874279791%
32804,0,5.273747104011706%
32805,0,5.273586343545191%
32806,0,5.273425592879351%
32807,0,5.273264852013289%
32808,0,5.273104120946111%
32809,0,5.272943399676918%
32810,0,5.272782688204815%
32811,0,5.272621986528908%
32812,0,5.272461294648299%
32813,0,5.272300612562094%
32814,0,5.272139940269397%
32815,0,5.271979277769312%
32816,0,5.271818625060946%
32817,0,5.271657982143401%
32818,0,5.271497349015784%
32819,0,5.271336725677199%
32820,0,5.271176112126752%
32821,0,5.271015508363548%
32822,0,5.270854914386692%
32823,0,5.2706943301952895%
32824,0,5.270533755788447%
32825,0,5.2703731911652705%
32826,0,5.270212636324864%
32827,0,5.270052091266336%
32828,0,5.2698915559887896%
32829,0,5.269731030491334%
32830,0,5.269570514773073%
32831,0,5.269410008833115%
32832,0,5.269249512670565%
32833,0,5.26908902628453%
32834,0,5.2689285496741185%
32835,0,5.2687680828384345%
32836,0,5.268607625776587%
32837,0,5.268447178487682%
32838,0,5.268286740970826%
32839,0,5.268126313225128%
32840,0,5.267965895249695%
32841,0,5.267805487043634%
32842,0,5.267645088606053%
32843,0,5.267484699936059%
32844,0,5.267324321032761%
32845,0,5.267163951895266%
32846,0,5.2670035925226815%
32847,0,5.266843242914117%
32848,0,5.26668290306868%
32849,0,5.266522572985479%
32850,0,5.2663622526636225%
32851,0,5.266201942102219%
32852,0,5.266041641300377%
32853,0,5.265881350257207%
32854,0,5.265721068971815%
32855,0,5.265560797443312%
32856,0,5.265400535670806%
32857,0,5.265240283653407%
32858,0,5.265080041390224%
32859,0,5.264919808880367%
32860,0,5.264759586122946%
32861,0,5.264599373117069%
32862,0,5.264439169861847%
32863,0,5.264278976356389%
32864,0,5.264118792599805%
32865,0,5.263958618591206%
32866,0,5.263798454329702%
32867,0,5.263638299814404%
32868,0,5.26347815504442%
32869,0,5.263318020018862%
32870,0,5.263157894736842%
32871,0,5.262997779197469%
32872,0,5.262837673399854%
32873,0,5.2626775773431085%
32874,0,5.262517491026343%
32875,0,5.262357414448669%
32876,0,5.262197347609198%
32877,0,5.262037290507041%
32878,0,5.26187724314131%
32879,0,5.2617172055111165%
32880,0,5.261557177615572%
32881,0,5.261397159453788%
32882,0,5.2612371510248765%
32883,1,5.2641182373871%
32884,0,5.263958155942099%
32885,0,5.263798084232933%
32886,0,5.263638022258712%
32887,0,5.263477970018549%
32888,0,5.2633179275115545%
32889,0,5.263157894736842%
32890,0,5.262997871693524%
32891,0,5.262837858380712%
32892,0,5.262677854797519%
32893,1,5.265558021463533%
32894,0,5.265397944913966%
32895,0,5.2652378780969755%
32896,0,5.2650778210116735%
32897,0,5.264917773657173%
32898,0,5.2647577360325855%
32899,0,5.264597708137026%
32900,0,5.264437689969605%
32901,0,5.264277681529437%
32902,0,5.264117682815634%
32903,0,5.263957693827311%
32904,0,5.263797714563579%
32905,0,5.263637745023553%
32906,0,5.263477785206345%
32907,0,5.263317835111071%
32908,0,5.263157894736842%
32909,0,5.262997964082774%
32910,0,5.262838043147979%
32911,0,5.262678131931573%
32912,0,5.2625182304326685%
32913,0,5.262358338650381%
32914,0,5.262198456583825%
32915,0,5.262038584232113%
32916,0,5.261878721594361%
32917,0,5.261718868669684%
32918,0,5.2615590254571964%
32919,0,5.261399191956014%
32920,0,5.261239368165249%
32921,0,5.261079554084019%
32922,0,5.260919749711439%
32923,0,5.260759955046624%
32924,0,5.260600170088689%
32925,0,5.26044039483675%
32926,1,5.263317742817226%
32927,0,5.263157894736842%
32928,1,5.26603498542274%
32929,1,5.2689119013635395%
32930,0,5.268751897965381%
32931,1,5.271628556679117%
32932,0,5.271468480505283%
32933,1,5.274344882033219%
32934,1,5.277221108884436%
32935,1,5.280097161074845%
32936,1,5.282973038620355%
32937,1,5.285848741536873%
32938,1,5.288724269840306%
32939,1,5.291599623546555%
32940,1,5.294474802671524%
32941,0,5.294314076682554%
32942,0,5.294153360451704%
32943,0,5.2939926539780835%
32944,0,5.293831957260807%
32945,0,5.293671270298983%
32946,0,5.2935105930917254%
32947,0,5.293349925638146%
32948,0,5.293189267937356%
32949,0,5.293028619988467%
32950,0,5.292867981790591%
32951,0,5.292707353342842%
32952,0,5.292546734644331%
32953,0,5.29238612569417%
32954,0,5.292225526491473%
32955,0,5.292064937035351%
32956,0,5.291904357324919%
32957,0,5.2917437873592865%
32958,0,5.2915832271375685%
32959,0,5.291422676658879%
32960,0,5.29126213592233%
32961,0,5.291101604927035%
32962,0,5.290941083672108%
32963,0,5.2907805721566605%
32964,0,5.290620070379808%
32965,0,5.2904595783406645%
32966,0,5.290299096038343%
32967,0,5.2901386234719565%
32968,0,5.289978160640621%
32969,0,5.28981770754345%
32970,0,5.289657264179557%
32971,0,5.289496830548057%
32972,0,5.289336406648065%
32973,0,5.289175992478694%
32974,0,5.289015588039061%
32975,0,5.2888551933282795%
32976,0,5.288694808345464%
32977,0,5.288534433089729%
32978,0,5.288374067560191%
32979,0,5.288213711755966%
32980,0,5.288053365676167%
32981,0,5.287893029319911%
32982,0,5.287732702686314%
32983,0,5.2875723857744905%
32984,0,5.287412078583556%
32985,0,5.287251781112627%
32986,0,5.28709149336082%
32987,0,5.28693121532725%
32988,0,5.286770947011035%
32989,0,5.2866106884112885%
32990,0,5.28645043952713%
32991,0,5.286290200357673%
32992,0,5.286129970902037%
32993,0,5.285969751159337%
32994,0,5.28580954112869%
32995,0,5.285649340809213%
32996,0,5.285489150200024%
32997,0,5.28532896930024%
32998,0,5.285168798108977%
32999,0,5.285008636625353%
33000,0,5.284848484848484%
33001,0,5.284688342777492%
33002,0,5.284528210411491%
33003,0,5.284368087749598%
33004,0,5.2842079747909345%
33005,0,5.284047871534616%
33006,0,5.2838877779797615%
33007,0,5.2837276941254885%
33008,0,5.283567619970916%
33009,0,5.283407555515163%
33010,0,5.283247500757346%
33011,0,5.283087455696586%
33012,0,5.282927420332%
33013,0,5.2827673946627085%
33014,0,5.282607378687829%
33015,0,5.282447372406482%
33016,0,5.282287375817785%
33017,0,5.282127388920859%
33018,0,5.281967411714823%
33019,0,5.281807444198795%
33020,0,5.281647486371896%
33021,0,5.281487538233246%
33022,0,5.281327599781963%
33023,0,5.28116767101717%
33024,0,5.2810077519379846%
33025,0,5.280847842543528%
33026,0,5.28068794283292%
33027,0,5.2805280528052805%
33028,0,5.280368172459731%
33029,0,5.280208301795392%
33030,0,5.280048440811384%
33031,0,5.279888589506827%
33032,0,5.279728747880843%
33033,0,5.279568915932552%
33034,1,5.282436277774414%
33035,0,5.282276373543212%
33036,0,5.282116478992614%
33037,0,5.281956594121742%
33038,0,5.2817967189297175%
33039,0,5.281636853415661%
33040,0,5.281476997578693%
33041,0,5.281317151417935%
33042,0,5.28115731493251%
33043,0,5.280997488121539%
33044,0,5.280837670984143%
33045,0,5.280677863519443%
33046,0,5.280518065726563%
33047,0,5.280358277604623%
33048,0,5.280198499152747%
33049,0,5.280038730370057%
33050,0,5.279878971255673%
33051,0,5.27971922180872%
33052,0,5.279559482028319%
33053,0,5.279399751913593%
33054,0,5.279240031463665%
33055,0,5.279080320677658%
33056,0,5.278920619554695%
33057,0,5.278760928093899%
33058,0,5.278601246294392%
33059,0,5.278441574155298%
33060,0,5.278281911675741%
33061,1,5.281146970751037%
33062,0,5.280987236101869%
33063,0,5.2808275111151435%
33064,1,5.283692233244616%
33065,0,5.283532436110691%
33066,1,5.28639690316337%
33067,1,5.28926119696374%
33068,0,5.289101245917503%
33069,0,5.288941304545043%
33070,0,5.288781372845479%
33071,0,5.288621450817938%
33072,0,5.288461538461538%
33073,0,5.288301635775406%
33074,0,5.288141742758663%
33075,0,5.287981859410431%
33076,0,5.287821985729834%
33077,0,5.2876621217159965%
33078,0,5.287502267368039%
33079,0,5.287342422685088%
33080,0,5.287182587666264%
33081,0,5.287022762310692%
33082,0,5.286862946617496%
33083,0,5.286703140585799%
33084,0,5.286543344214726%
33085,0,5.286383557503401%
33086,1,5.289246206854863%
33087,0,5.289086348112551%
33088,0,5.288926499032882%
33089,0,5.288766659614978%
33090,0,5.288606829857963%
33091,0,5.288447009760962%
33092,0,5.2882871993231%
33093,0,5.288127398543498%
33094,0,5.287967607421285%
33095,0,5.287807825955582%
33096,0,5.287648054145516%
33097,0,5.28748829199021%
33098,0,5.287328539488791%
33099,0,5.2871687966403815%
33100,0,5.287009063444108%
33101,0,5.286849339899097%
33102,0,5.286689626004471%
33103,0,5.2865299217593575%
33104,0,5.286370227162881%
33105,0,5.2862105422141665%
33106,0,5.286050866912342%
33107,0,5.285891201256532%
33108,0,5.285731545245862%
33109,0,5.285571898879459%
33110,0,5.2854122621564485%
33111,0,5.285252635075956%
33112,0,5.28509301763711%
33113,0,5.284933409839036%
33114,0,5.284773811680861%
33115,0,5.284614223161709%
33116,0,5.28445464428071%
33117,0,5.28429507503699%
33118,0,5.284135515429676%
33119,0,5.283975965457894%
33120,0,5.283816425120773%
33121,0,5.283656894417439%
33122,0,5.2834973733470205%
33123,0,5.2833378619086435%
33124,0,5.283178360101437%
33125,0,5.283018867924529%
33126,0,5.282859385377045%
33127,0,5.282699912458115%
33128,0,5.282540449166868%
33129,0,5.282380995502431%
33130,0,5.28222155146393%
33131,0,5.282062117050496%
33132,0,5.281902692261258%
33133,0,5.281743277095343%
33134,0,5.28158387155188%
33135,0,5.281424475629999%
33136,0,5.281265089328826%
33137,0,5.281105712647493%
33138,0,5.280946345585129%
33139,0,5.280786988140862%
33140,0,5.280627640313821%
33141,0,5.2804683021031344%
33142,0,5.280308973507935%
33143,0,5.280149654527351%
33144,0,5.2799903451605115%
33145,0,5.279831045406547%
33146,0,5.279671755264586%
33147,0,5.279512474733761%
33148,0,5.279353203813201%
33149,0,5.279193942502037%
33150,0,5.279034690799397%
33151,0,5.278875448704413%
33152,0,5.278716216216217%
33153,0,5.278556993333937%
33154,0,5.2783977800567055%
33155,0,5.278238576383652%
33156,0,5.278079382313909%
33157,0,5.277920197846608%
33158,0,5.277761022980879%
33159,0,5.277601857715854%
33160,0,5.277442702050664%
33161,0,5.2772835559844395%
33162,0,5.277124419516314%
33163,0,5.276965292645418%
33164,0,5.276806175370885%
33165,0,5.276647067691844%
33166,0,5.276487969607429%
33167,0,5.276328881116773%
33168,0,5.276169802219006%
33169,0,5.276010732913263%
33170,0,5.275851673198673%
33171,0,5.275692623074373%
33172,0,5.275533582539492%
33173,0,5.2753745515931625%
33174,0,5.275215530234521%
33175,0,5.275056518462698%
33176,1,5.277911743428985%
33177,1,5.280766796274527%
33178,1,5.28362167701489%
33179,0,5.2834624310557885%
33180,0,5.283303194695599%
33181,0,5.283143967933456%
33182,1,5.285998432885299%
33183,1,5.288852725793328%
33184,1,5.291706846673096%
33185,1,5.2945607955401535%
33186,1,5.2974145724100525%
33187,0,5.297254949227107%
33188,0,5.297095335663493%
33189,0,5.2969357317183405%
33190,0,5.29677613739078%
33191,0,5.296616552679943%
33192,0,5.296456977584961%
33193,0,5.296297412104962%
33194,0,5.296137856239079%
33195,0,5.295978309986444%
33196,0,5.295818773346187%
33197,0,5.295659246317438%
33198,0,5.2954997288993315%
33199,0,5.295340221090997%
33200,0,5.295180722891566%
33201,0,5.2950212343001715%
33202,0,5.294861755315945%
33203,0,5.294702285938017%
33204,0,5.2945428261655225%
33205,0,5.29438337599759%
33206,0,5.294223935433355%
33207,0,5.294064504471948%
33208,0,5.293905083112503%
33209,0,5.293745671354151%
33210,0,5.293586269196025%
33211,0,5.293426876637259%
33212,0,5.293267493676984%
33213,0,5.293108120314335%
33214,0,5.292948756548443%
33215,0,5.292789402378443%
33216,0,5.292630057803469%
33217,0,5.292470722822651%
33218,0,5.2923113974351255%
33219,0,5.292152081640025%
33220,0,5.291992775436484%
33221,0,5.291833478823635%
33222,0,5.291674191800614%
33223,0,5.291514914366553%
33224,0,5.2913556465205875%
33225,0,5.291196388261851%
33226,0,5.291037139589478%
33227,0,5.290877900502603%
33228,0,5.290718671000361%
33229,0,5.290559451081886%
33230,0,5.2904002407463135%
33231,0,5.290241039992778%
33232,0,5.290081848820414%
33233,0,5.289922667228358%
33234,0,5.289763495215743%
33235,0,5.289604332781706%
33236,0,5.289445179925382%
33237,0,5.2892860366459065%
33238,0,5.2891269029424155%
33239,0,5.288967778814044%
33240,0,5.288808664259928%
33241,0,5.288649559279204%
33242,0,5.288490463871007%
33243,0,5.288331378034473%
33244,0,5.288172301768741%
33245,0,5.288013235072944%
33246,0,5.287854177946219%
33247,0,5.287695130387704%
33248,1,5.290543792107796%
33249,0,5.290384673223255%
33250,0,5.290225563909774%
33251,0,5.290066464166491%
33252,0,5.289907373992541%
33253,0,5.2897482933870625%
33254,0,5.289589222349191%
33255,0,5.289430160878063%
33256,0,5.289271108972817%
33257,0,5.289112066632589%
33258,0,5.288953033856516%
33259,0,5.288794010643735%
33260,0,5.288634996993386%
33261,0,5.288475992904603%
33262,0,5.2883169983765255%
33263,0,5.2881580134082915%
33264,0,5.287999037999038%
33265,0,5.287840072147904%
33266,0,5.287681115854025%
33267,0,5.287522169116541%
33268,0,5.287363231934592%
33269,0,5.287204304307313%
33270,0,5.287045386233844%
33271,0,5.286886477713324%
33272,0,5.28672757874489%
33273,0,5.286568689327683%
33274,0,5.2864098094608405%
33275,0,5.2862509391435015%
33276,0,5.286092078374804%
33277,0,5.2859332271538895%
33278,0,5.285774385479897%
33279,0,5.285615553351964%
33280,0,5.285456730769231%
33281,0,5.285297917730837%
33282,0,5.285139114235923%
33283,0,5.284980320283628%
33284,0,5.284821535873093%
33285,0,5.284662761003455%
33286,0,5.284503995673857%
33287,0,5.2843452398834385%
33288,0,5.2841864936313385%
33289,0,5.284027756916699%
33290,0,5.283869029738661%
33291,0,5.283710312096362%
33292,0,5.283551603988947%
33293,0,5.283392905415553%
33294,0,5.283234216375323%
33295,0,5.283075536867397%
33296,0,5.282916866890918%
33297,0,5.282758206445025%
33298,0,5.2825995555288605%
33299,0,5.282440914141566%
33300,0,5.282282282282282%
33301,0,5.282123659950152%
33302,0,5.281965047144316%
33303,0,5.281806443863917%
33304,0,5.2816478501080955%
33305,0,5.281489265875995%
33306,0,5.281330691166756%
33307,0,5.281172125979524%
33308,0,5.281013570313439%
33309,0,5.280855024167643%
33310,0,5.280696487541279%
33311,0,5.28053796043349%
33312,0,5.28037944284342%
33313,0,5.28022093477021%
33314,0,5.2800624362130035%
33315,0,5.279903947170944%
33316,0,5.279745467643174%
33317,0,5.279586997628838%
33318,0,5.279428537127078%
33319,0,5.279270086137039%
33320,0,5.279111644657863%
33321,0,5.278953212688695%
33322,0,5.278794790228678%
33323,0,5.278636377276956%
33324,0,5.278477973832673%
33325,0,5.278319579894974%
33326,0,5.278161195463002%
33327,0,5.278002820535902%
33328,0,5.277844455112818%
33329,0,5.277686099192895%
33330,0,5.277527752775278%
33331,0,5.27736941585911%
33332,0,5.277211088443537%
33333,0,5.277052770527705%
33334,0,5.276894462110758%
33335,0,5.27673616319184%
33336,0,5.276577873770099%
33337,0,5.276419593844677%
33338,0,5.276261323414722%
33339,0,5.276103062479379%
33340,0,5.2759448110377924%
33341,0,5.275786569089109%
33342,0,5.275628336632476%
33343,0,5.275470113667036%
33344,0,5.275311900191938%
33345,0,5.275153696206328%
33346,0,5.27499550170935%
33347,0,5.274837316700153%
33348,0,5.274679141177882%
33349,0,5.274520975141684%
33350,1,5.27736131934033%
33351,1,5.280201493208599%
33352,1,5.283041496761813%
33353,0,5.282883098971607%
33354,0,5.282724710679379%
33355,0,5.282566331884276%
33356,0,5.282407962585442%
33357,0,5.282249602782025%
33358,0,5.28209125247317%
33359,0,5.281932911658023%
33360,0,5.281774580335732%
33361,0,5.281616258505441%
33362,0,5.281457946166297%
33363,0,5.281299643317448%
33364,0,5.281141349958038%
33365,0,5.2809830660872175%
33366,0,5.28082479170413%
33367,0,5.2806665268079245%
33368,0,5.280508271397746%
33369,0,5.280350025472744%
33370,0,5.280191789032065%
33371,0,5.2800335620748555%
33372,0,5.2798753446002635%
33373,0,5.279717136607437%
33374,0,5.279558938095524%
33375,0,5.2794007490636705%
33376,0,5.279242569511026%
33377,0,5.279084399436738%
33378,0,5.278926238839954%
33379,0,5.278768087719824%
33380,0,5.278609946075495%
33381,0,5.278451813906114%
33382,0,5.278293691210832%
33383,0,5.278135577988797%
33384,0,5.277977474239156%
33385,0,5.27781937996106%
33386,0,5.277661295153657%
33387,0,5.277503219816096%
33388,0,5.277345153947526%
33389,0,5.277187097547096%
33390,0,5.277029050613956%
33391,0,5.276871013147256%
33392,0,5.276712985146142%
33393,0,5.276554966609768%
33394,0,5.2763969575372816%
33395,0,5.276238957927833%
33396,0,5.2760809677805725%
33397,0,5.275922987094649%
33398,0,5.275765015869214%
33399,0,5.275607054103417%
33400,0,5.275449101796408%
33401,0,5.275291158947337%
33402,0,5.275133225555356%
33403,0,5.274975301619615%
33404,0,5.274817387139265%
33405,0,5.2746594821134565%
33406,0,5.27450158654134%
33407,0,5.274343700422067%
33408,0,5.274185823754789%
33409,0,5.274027956538657%
33410,0,5.273870098772822%
33411,0,5.273712250456437%
33412,0,5.273554411588651%
33413,0,5.273396582168617%
33414,0,5.273238762195486%
33415,0,5.273080951668412%
33416,0,5.2729231505865455%
33417,0,5.272765358949038%
33418,0,5.272607576755043%
33419,0,5.272449804003711%
33420,0,5.272292040694195%
33421,0,5.272134286825649%
33422,0,5.271976542397224%
33423,0,5.271818807408072%
33424,0,5.2716610818573475%
33425,0,5.271503365744203%
33426,0,5.271345659067792%
33427,0,5.271187961827265%
33428,0,5.271030274021778%
33429,0,5.270872595650483%
33430,0,5.270714926712534%
33431,0,5.270557267207083%
33432,0,5.270399617133285%
33433,0,5.270241976490294%
33434,0,5.2700843452772625%
33435,0,5.269926723493345%
33436,0,5.2697691111376965%
33437,0,5.2696115082094686%
33438,0,5.269453914707817%
33439,1,5.272286850683334%
33440,1,5.27511961722488%
33441,1,5.277952214347657%
33442,1,5.2807846420668625%
33443,1,5.283616900397692%
33444,1,5.286448989355341%
33445,1,5.289280908955001%
33446,1,5.292112659211864%
33447,1,5.294944240141119%
33448,0,5.294785936378857%
33449,1,5.2976172680797635%
33450,1,5.300448430493273%
33451,0,5.300289976383367%
33452,0,5.300131531746981%
33453,0,5.299973096583265%
33454,0,5.299814670891373%
33455,0,5.299656254670452%
33456,0,5.299497847919656%
33457,0,5.299339450638133%
33458,0,5.299181062825034%
33459,0,5.299022684479512%
33460,0,5.298864315600717%
33461,0,5.298705956187801%
33462,0,5.2985476062399135%
33463,0,5.298389265756208%
33464,0,5.298230934735836%
33465,0,5.298072613177947%
33466,0,5.297914301081695%
33467,0,5.29775599844623%
33468,0,5.297597705270706%
33469,0,5.297439421554275%
33470,0,5.297281147296086%
33471,0,5.2971228824952945%
33472,0,5.296964627151052%
33473,0,5.296806381262511%
33474,0,5.296648144828822%
33475,0,5.296489917849141%
33476,0,5.296331700322619%
33477,0,5.29617349224841%
33478,0,5.296015293625665%
33479,0,5.295857104453538%
33480,0,5.295698924731183%
33481,0,5.295540754457752%
33482,0,5.295382593632399%
33483,0,5.295224442254278%
33484,0,5.295066300322542%
33485,0,5.294908167836344%
33486,0,5.2947500447948395%
33487,1,5.297578164660913%
33488,1,5.300406115623507%
33489,1,5.303233897697752%
33490,1,5.306061510898775%
33491,0,5.305903078438984%
33492,1,5.308730443090887%
33493,1,5.3115576389096235%
33494,0,5.311399056547441%
33495,0,5.311240483654276%
33496,0,5.311081920229281%
33497,0,5.310923366271606%
33498,0,5.310764821780404%
33499,0,5.310606286754829%
33500,0,5.31044776119403%
33501,0,5.310289245097161%
33502,0,5.310130738463376%
33503,0,5.309972241291824%
33504,0,5.309813753581662%
33505,0,5.30965527533204%
33506,0,5.3094968065421115%
33507,0,5.30933834721103%
33508,0,5.309179897337949%
33509,0,5.309021456922021%
33510,0,5.308863025962399%
33511,0,5.308704604458238%
33512,0,5.308546192408689%
33513,0,5.308387789812909%
33514,0,5.308229396670049%
33515,0,5.308071012979263%
33516,0,5.307912638739706%
33517,0,5.307754273950533%
33518,0,5.307595918610895%
33519,0,5.30743757271995%
33520,0,5.30727923627685%
33521,0,5.30712090928075%
33522,0,5.306962591730803%
33523,0,5.3068042836261675%
33524,0,5.306645984965995%
33525,0,5.306487695749441%
33526,0,5.306329415975661%
33527,0,5.306171145643809%
33528,0,5.3060128847530414%
33529,0,5.305854633302514%
33530,0,5.305696391291381%
33531,0,5.3055381587187975%
33532,0,5.30537993558392%
33533,0,5.3052217218859035%
33534,0,5.305063517623904%
33535,0,5.304905322797078%
33536,0,5.30474713740458%
33537,0,5.3045889614455675%
33538,0,5.304430794919196%
33539,0,5.304272637824622%
33540,0,5.304114490161002%
33541,0,5.303956351927492%
33542,0,5.303798223123248%
33543,0,5.303640103747428%
33544,0,5.303481993799189%
33545,0,5.303323893277686%
33546,0,5.303165802182078%
33547,0,5.303007720511522%
33548,0,5.302849648265172%
33549,0,5.302691585442189%
33550,0,5.302533532041729%
33551,0,5.30237548806295%
33552,0,5.3022174535050075%
33553,0,5.302059428367061%
33554,0,5.301901412648268%
33555,0,5.3017434063477875%
33556,0,5.301585409464775%
33557,0,5.30142742199839%
33558,1,5.304249359318195%
33559,0,5.30409130188623%
33560,0,5.303933253873659%
33561,0,5.30377521527964%
33562,0,5.303617186103331%
33563,0,5.303459166343891%
33564,0,5.303301156000477%
33565,0,5.303143155072248%
33566,1,5.305964368706429%
33567,0,5.305806297852057%
33568,0,5.305648236415634%
33569,0,5.305490184396318%
33570,0,5.305332141793268%
33571,0,5.305174108605642%
33572,0,5.305016084832599%
33573,0,5.304858070473297%
33574,0,5.304700065526896%
33575,0,5.304542069992554%
33576,0,5.30438408386943%
33577,0,5.304226107156684%
33578,0,5.3040681398534755%
33579,0,5.303910181958963%
33580,0,5.303752233472305%
33581,0,5.303594294392663%
33582,0,5.303436364719195%
33583,0,5.3032784444510614%
33584,0,5.303120533587423%
33585,0,5.3029626321274375%
33586,0,5.302804740070267%
33587,0,5.302646857415072%
33588,0,5.30248898416101%
33589,0,5.302331120307244%
33590,0,5.302173265852932%
33591,0,5.302015420797238%
33592,0,5.301857585139319%
33593,0,5.301699758878338%
33594,0,5.301541942013454%
33595,0,5.301384134543831%
33596,0,5.301226336468627%
33597,0,5.301068547787005%
33598,0,5.300910768498126%
33599,0,5.300752998601149%
33600,0,5.300595238095238%
33601,0,5.300437486979554%
33602,0,5.300279745253259%
33603,0,5.300122012915513%
33604,0,5.29996428996548%
33605,0,5.299806576402321%
33606,0,5.299648872225198%
33607,0,5.299491177433273%
33608,0,5.299333492025708%
33609,0,5.299175816001666%
33610,0,5.299018149360309%
33611,0,5.2988604921008005%
33612,0,5.298702844222301%
33613,0,5.2985452057239755%
33614,0,5.298387576604986%
33615,0,5.298229956864494%
33616,0,5.298072346501666%
33617,0,5.297914745515662%
33618,0,5.297757153905646%
33619,0,5.297599571670782%
33620,0,5.297441998810232%
33621,0,5.297284435323161%
33622,0,5.297126881208732%
33623,0,5.29696933646611%
33624,0,5.2968118010944565%
33625,0,5.296654275092936%
33626,0,5.296496758460715%
33627,0,5.2963392511969545%
33628,0,5.296181753300821%
33629,1,5.2989978887269915%
33630,1,5.3018138566755875%
33631,0,5.301656210044305%
33632,0,5.301498572787821%
33633,0,5.301340944905301%
33634,0,5.301183326395909%
33635,0,5.301025717258808%
33636,0,5.300868117493162%
33637,0,5.300710527098136%
33638,0,5.3005529460728935%
33639,0,5.3003953744166%
33640,0,5.300237812128419%
33641,1,5.303052822448798%
33642,0,5.30289519053564%
33643,1,5.305709954522486%
33644,0,5.305552253002021%
33645,1,5.308366770694011%
33646,1,5.31118112108423%
33647,1,5.3139953041875945%
33648,0,5.313837375178316%
33649,0,5.313679455555886%
33650,1,5.316493313521545%
33651,1,5.319307004249502%
33652,0,5.319148936170213%
33653,1,5.321962380768431%
33654,1,5.32477565816842%
33655,1,5.327588768385084%
33656,1,5.330401711433326%
33657,1,5.3332144873280445%
33658,1,5.336027096084141%
33659,1,5.33883953771651%
33660,1,5.341651812240047%
33661,1,5.344463919669647%
33662,1,5.347275860020201%
33663,1,5.350087633306598%
33664,1,5.352899239543726%
33665,1,5.3557106787464726%
33666,1,5.358521950929721%
33667,1,5.361333056108355%
33668,1,5.3641439942972555%
33669,1,5.366954765511301%
33670,1,5.36976536976537%
33671,1,5.372575807074337%
33672,1,5.375386077453077%
33673,0,5.375226442550411%
33674,0,5.375066817128942%
33675,0,5.374907201187825%
33676,0,5.374747594726214%
33677,0,5.374587997743267%
33678,0,5.374428410238138%
33679,0,5.3742688322099825%
33680,0,5.3741092636579575%
33681,0,5.373949704581218%
33682,0,5.373790154978921%
33683,0,5.373630614850222%
33684,0,5.373471084194277%
33685,0,5.373311563010242%
33686,0,5.373152051297274%
33687,0,5.372992549054532%
33688,0,5.372833056281168%
33689,0,5.372673572976342%
33690,0,5.37251409913921%
33691,0,5.3723546347689295%
33692,0,5.372195179864656%
33693,0,5.372035734425548%
33694,0,5.371876298450762%
33695,0,5.371716871939457%
33696,0,5.371557454890788%
33697,0,5.371398047303915%
33698,0,5.371238649177993%
33699,0,5.3710792605121815%
33700,0,5.370919881305638%
33701,0,5.3707605115575205%
33702,0,5.370601151266987%
33703,0,5.370441800433196%
33704,0,5.370282459055304%
33705,0,5.370123127132473%
33706,0,5.3699638046638585%
33707,0,5.369804491648619%
33708,0,5.369645188085914%
33709,0,5.369485893974903%
33710,0,5.369326609314743%
33711,0,5.369167334104595%
33712,0,5.369008068343616%
33713,0,5.368848812030967%
33714,0,5.368689565165806%
33715,0,5.368530327747294%
33716,0,5.3683710997745875%
33717,0,5.368211881246849%
33718,0,5.368052672163237%
33719,0,5.367893472522909%
33720,0,5.36773428232503%
33721,0,5.367575101568756%
33722,0,5.367415930253247%
33723,0,5.367256768377665%
33724,0,5.367097615941169%
33725,0,5.366938472942921%
33726,0,5.366779339382079%
33727,0,5.366620215257805%
33728,0,5.36646110056926%
33729,0,5.366301995315604%
33730,0,5.366142899495998%
33731,0,5.365983813109603%
33732,0,5.365824736155579%
33733,0,5.365665668633089%
33734,0,5.365506610541294%
33735,0,5.365347561879354%
33736,0,5.365188522646431%
33737,0,5.365029492841687%
33738,0,5.3648704724642835%
33739,0,5.364711461513382%
33740,0,5.364552459988144%
33741,0,5.364393467887734%
33742,0,5.36423448521131%
33743,0,5.364075511958036%
33744,0,5.363916548127074%
33745,0,5.363757593717588%
33746,0,5.363598648728738%
33747,0,5.363439713159688%
33748,0,5.363280787009601%
33749,0,5.363121870277638%
33750,0,5.362962962962963%
33751,0,5.362804065064738%
33752,0,5.362645176582129%
33753,0,5.362486297514295%
33754,0,5.362327427860402%
33755,0,5.362168567619612%
33756,0,5.362009716791089%
33757,0,5.361850875373997%
33758,0,5.361692043367499%
33759,0,5.361533220770758%
33760,0,5.361374407582939%
33761,1,5.364177601374367%
33762,0,5.364018719270185%
33763,0,5.363859846577614%
33764,0,5.363700983295818%
33765,0,5.36354212942396%
33766,0,5.363383284961203%
33767,0,5.363224449906713%
33768,0,5.3630656242596535%
33769,0,5.362906808019189%
33770,0,5.3627480011844835%
33771,0,5.362589203754701%
33772,0,5.362430415729006%
33773,0,5.362271637106565%
33774,0,5.36211286788654%
33775,0,5.3619541080680975%
33776,0,5.3617953576504025%
33777,0,5.36163661663262%
33778,0,5.361477885013914%
33779,0,5.3613191627934516%
33780,0,5.361160449970397%
33781,0,5.3610017465439155%
33782,0,5.3608430525131725%
33783,0,5.360684367877335%
33784,0,5.360525692635567%
33785,0,5.360367026787036%
33786,0,5.3602083703309065%
33787,0,5.360049723266345%
33788,0,5.359891085592518%
33789,0,5.359732457308591%
33790,0,5.3595738384137315%
33791,0,5.359415228907106%
33792,0,5.359256628787879%
33793,0,5.359098038055218%
33794,0,5.358939456708291%
33795,0,5.358780884746264%
33796,0,5.358622322168304%
33797,0,5.358463768973578%
33798,0,5.358305225161252%
33799,0,5.358146690730495%
33800,0,5.3579881656804735%
33801,0,5.357829650010355%
33802,0,5.3576711437193065%
33803,0,5.357512646806496%
33804,0,5.357354159271092%
33805,0,5.357195681112262%
33806,0,5.357037212329172%
33807,0,5.356878752920992%
33808,0,5.356720302886891%
33809,0,5.356561862226035%
33810,0,5.3564034309375925%
33811,0,5.356245009020733%
33812,0,5.356086596474625%
33813,0,5.3559281932984355%
33814,0,5.355769799491335%
33815,0,5.355611415052492%
33816,0,5.355453039981074%
33817,0,5.3552946742762515%
33818,0,5.355136317937193%
33819,0,5.354977970963068%
33820,0,5.354819633353046%
33821,0,5.354661305106295%
33822,0,5.354502986221986%
33823,0,5.354344676699287%
33824,0,5.35418637653737%
33825,0,5.354028085735403%
33826,0,5.3538698042925565%
33827,0,5.353711532208%
33828,0,5.353553269480903%
33829,0,5.353395016110437%
33830,0,5.353236772095773%
33831,0,5.35307853743608%
33832,0,5.352920312130528%
33833,0,5.352762096178287%
33834,0,5.35260388957853%
33835,0,5.352445692330427%
33836,0,5.352287504433148%
33837,0,5.352129325885865%
33838,0,5.351971156687747%
33839,0,5.3518129968379675%
33840,0,5.351654846335697%
33841,0,5.351496705180106%
33842,0,5.351338573370368%
33843,0,5.351180450905653%
33844,0,5.351022337785132%
33845,0,5.350864234007977%
33846,0,5.3507061395733615%
33847,0,5.3505480544804565%
33848,0,5.350389978728433%
33849,0,5.350231912316464%
33850,0,5.350073855243722%
33851,0,5.349915807509379%
33852,0,5.349757769112608%
33853,0,5.3495997400525805%
33854,0,5.349441720328469%
33855,0,5.3492837099394475%
33856,0,5.349125708884688%
33857,0,5.348967717163363%
33858,0,5.348809734774647%
33859,0,5.348651761717712%
33860,0,5.34849379799173%
33861,0,5.348335843595877%
33862,0,5.348177898529325%
33863,0,5.3480199627912475%
33864,0,5.347862036380818%
33865,0,5.34770411929721%
33866,0,5.347546211539597%
33867,0,5.347388313107154%
33868,0,5.347230423999055%
33869,0,5.347072544214473%
33870,0,5.3469146737525834%
33871,0,5.3467568126125595%
33872,0,5.3465989607935756%
33873,0,5.346441118294807%
33874,0,5.346283285115428%
33875,0,5.346125461254612%
33876,0,5.345967646711537%
33877,0,5.345809841485374%
33878,0,5.345652045575299%
33879,0,5.345494258980489%
33880,0,5.345336481700118%
33881,0,5.345178713733361%
33882,0,5.345020955079393%
33883,0,5.344863205737391%
33884,0,5.344705465706529%
33885,0,5.344547734985982%
33886,0,5.344390013574928%
33887,0,5.344232301472541%
33888,0,5.344074598677998%
33889,0,5.343916905190475%
33890,0,5.343759221009147%
33891,0,5.343601546133192%
33892,0,5.343443880561784%
33893,0,5.3432862242941015%
33894,0,5.343128577329321%
33895,0,5.342970939666618%
33896,0,5.342813311305169%
33897,0,5.3426556922441515%
33898,0,5.342498082482742%
33899,0,5.342340482020118%
33900,0,5.342182890855457%
33901,0,5.342025308987935%
33902,0,5.341867736416731%
33903,0,5.34171017314102%
33904,0,5.341552619159981%
33905,0,5.341395074472791%
33906,0,5.341237539078629%
33907,0,5.341080012976671%
33908,0,5.340922496166097%
33909,0,5.340764988646082%
33910,0,5.340607490415807%
33911,0,5.340450001474448%
33912,0,5.340292521821184%
33913,0,5.340135051455194%
33914,0,5.339977590375656%
33915,0,5.339820138581748%
33916,0,5.33966269607265%
33917,0,5.339505262847539%
33918,0,5.339347838905596%
33919,0,5.339190424245998%
33920,0,5.339033018867925%
33921,0,5.338875622770555%
33922,0,5.338718235953069%
33923,0,5.3385608584146444%
33924,0,5.338403490154462%
33925,0,5.338246131171703%
33926,0,5.338088781465543%
33927,0,5.337931441035164%
33928,0,5.337774109879746%
33929,0,5.337616787998467%
33930,0,5.337459475390509%
33931,0,5.337302172055053%
33932,0,5.3371448779912765%
33933,1,5.339934576960481%
33934,0,5.339777214593033%
33935,0,5.339619861499926%
33936,0,5.33946251768034%
33937,0,5.339305183133454%
33938,0,5.339147857858448%
33939,0,5.338990541854503%
33940,0,5.338833235120801%
33941,0,5.338675937656522%
33942,0,5.338518649460846%
33943,0,5.338361370532952%
33944,0,5.338204100872025%
33945,0,5.338046840477243%
33946,0,5.337889589347788%
33947,0,5.337732347482841%
33948,0,5.3375751148815835%
33949,0,5.337417891543198%
33950,0,5.337260677466863%
33951,0,5.337103472651763%
33952,0,5.336946277097078%
33953,0,5.336789090801991%
33954,0,5.336631913765683%
33955,0,5.336474745987336%
33956,0,5.336317587466133%
33957,0,5.336160438201254%
33958,0,5.336003298191884%
33959,0,5.335846167437204%
33960,0,5.335689045936396%
33961,0,5.335531933688642%
33962,0,5.3353748306931275%
33963,0,5.335217736949033%
33964,0,5.3350606524555415%
33965,0,5.334903577211836%
33966,0,5.334746511217099%
33967,0,5.334589454470516%
33968,0,5.334432406971267%
33969,0,5.334275368718537%
33970,0,5.33411833971151%
33971,0,5.333961319949369%
33972,0,5.333804309431296%
33973,0,5.333647308156477%
33974,0,5.333490316124094%
33975,0,5.333333333333334%
33976,0,5.333176359783376%
33977,0,5.333019395473408%
33978,0,5.3328624404026135%
33979,0,5.332705494570176%
33980,0,5.332548557975279%
33981,0,5.332391630617109%
33982,0,5.33223471249485%
33983,0,5.332077803607686%
33984,0,5.331920903954803%
33985,0,5.331764013535383%
33986,0,5.331607132348614%
33987,0,5.331450260393679%
33988,0,5.331293397669766%
33989,0,5.331136544176057%
33990,0,5.3309796999117385%
33991,0,5.330822864875997%
33992,0,5.330666039068016%
33993,0,5.330509222486983%
33994,0,5.330352415132082%
33995,0,5.3301956170025%
33996,0,5.330038828097424%
33997,0,5.329882048416037%
33998,0,5.329725277957527%
33999,0,5.32956851672108%
34000,0,5.329411764705883%
34001,0,5.32925502191112%
34002,0,5.32909828833598%
34003,0,5.328941563979648%
34004,0,5.3287848488413125%
34005,0,5.3286281429201585%
34006,0,5.3284714462153735%
34007,0,5.328314758726145%
34008,0,5.328158080451659%
34009,0,5.328001411391103%
34010,0,5.3278447515436635%
34011,0,5.32768810090853%
34012,0,5.327531459484888%
34013,0,5.3273748272719255%
34014,0,5.3272182042688305%
34015,0,5.32706159047479%
34016,0,5.326904985888993%
34017,0,5.326748390510627%
34018,0,5.32659180433888%
34019,0,5.326435227372938%
34020,0,5.326278659611993%
34021,0,5.326122101055231%
34022,0,5.325965551701841%
34023,0,5.3258090115510095%
34024,0,5.325652480601928%
34025,0,5.325495958853784%
34026,0,5.325339446305766%
34027,0,5.325182942957063%
34028,0,5.325026448806865%
34029,0,5.3248699638543595%
34030,0,5.324713488098736%
34031,0,5.324557021539185%
34032,0,5.324400564174894%
34033,0,5.324244116005054%
34034,0,5.324087677028853%
34035,0,5.323931247245483%
34036,0,5.323774826654131%
34037,0,5.323618415253988%
34038,0,5.323462013044244%
34039,0,5.32330562002409%
34040,0,5.323149236192714%
34041,0,5.3229928615493085%
34042,0,5.322836496093061%
34043,0,5.322680139823165%
34044,0,5.322523792738808%
34045,0,5.322367454839184%
34046,0,5.32221112612348%
34047,0,5.322054806590889%
34048,0,5.3218984962406015%
34049,0,5.321742195071808%
34050,0,5.3215859030837%
34051,0,5.3214296202754685%
34052,0,5.321273346646305%
34053,0,5.321117082195402%
34054,0,5.320960826921947%
34055,0,5.320804580825135%
34056,0,5.320648343904158%
34057,0,5.3204921161582055%
34058,0,5.32033589758647%
34059,0,5.320179688188144%
34060,0,5.320023487962419%
34061,0,5.3198672969084875%
34062,0,5.319711115025542%
34063,0,5.319554942312774%
34064,0,5.319398778769376%
34065,0,5.31924262439454%
34066,0,5.31908647918746%
34067,0,5.318930343147327%
34068,0,5.318774216273336%
34069,0,5.318618098564678%
34070,0,5.3184619900205465%
34071,0,5.318305890640134%
34072,0,5.318149800422634%
34073,0,5.317993719367241%
34074,0,5.317837647473147%
34075,0,5.317681584739545%
34076,0,5.3175255311656295%
34077,0,5.317369486750594%
34078,0,5.3172134514936324%
34079,0,5.317057425393937%
34080,0,5.316901408450704%
34081,0,5.316745400663126%
34082,0,5.316589402030397%
34083,0,5.316433412551712%
34084,0,5.316277432226264%
34085,0,5.316121461053249%
34086,0,5.3159654990318606%
34087,0,5.315809546161293%
34088,0,5.315653602440742%
34089,0,5.315497667869401%
34090,0,5.315341742446465%
34091,0,5.31518582617113%
34092,0,5.3150299190425905%
34093,0,5.314874021060042%
34094,0,5.314718132222678%
34095,0,5.314562252529696%
34096,0,5.314406381980291%
34097,0,5.314250520573657%
34098,0,5.314094668308992%
34099,0,5.313938825185489%
34100,0,5.313782991202346%
34101,1,5.316559631682356%
34102,1,5.319336109319101%
34103,1,5.322112424126909%
34104,0,5.321956368754399%
34105,0,5.321800322533353%
34106,0,5.321644285462968%
34107,0,5.32148825754244%
34108,0,5.321332238770963%
34109,0,5.321176229147732%
34110,0,5.3210202286719435%
34111,0,5.320864237342793%
34112,0,5.320708255159475%
34113,0,5.320552282121185%
34114,0,5.320396318227121%
34115,0,5.3202403634764766%
34116,0,5.320084417868449%
34117,0,5.319928481402234%
34118,0,5.319772554077027%
34119,0,5.319616635892025%
34120,0,5.319460726846424%
34121,0,5.319304826939422%
34122,0,5.319148936170213%
34123,0,5.318993054537994%
34124,0,5.318837182041965%
34125,0,5.318681318681319%
34126,0,5.318525464455254%
34127,0,5.318369619362968%
34128,0,5.318213783403657%
34129,0,5.318057956576518%
34130,0,5.31790213888075%
34131,0,5.317746330315549%
34132,1,5.3205203328255015%
34133,1,5.3232941727946566%
34134,0,5.3231382199566415%
34135,0,5.322982276256042%
34136,0,5.322826341692055%
34137,0,5.322670416263878%
34138,0,5.322514499970707%
34139,0,5.32235859281174%
34140,0,5.322202694786174%
34141,0,5.3220468058932076%
34142,0,5.321890926132037%
34143,0,5.321735055501859%
34144,0,5.321579194001874%
34145,0,5.321423341631278%
34146,0,5.32126749838927%
34147,0,5.321111664275046%
34148,0,5.320955839287806%
34149,0,5.320800023426747%
34150,0,5.320644216691068%
34151,0,5.320488419079968%
34152,0,5.320332630592644%
34153,0,5.320176851228296%
34154,0,5.3200210809861215%
34155,0,5.31986531986532%
34156,0,5.31970956786509%
34157,0,5.31955382498463%
34158,0,5.31939809122314%
34159,0,5.319242366579817%
34160,0,5.319086651053865%
34161,0,5.318930944644477%
34162,0,5.318775247350858%
34163,0,5.318619559172204%
34164,0,5.318463880107716%
34165,0,5.318308210156593%
34166,0,5.318152549318036%
34167,0,5.317996897591243%
34168,0,5.3178412549754155%
34169,0,5.317685621469753%
34170,0,5.317529997073456%
34171,0,5.317374381785725%
34172,0,5.31721877560576%
34173,0,5.317063178532759%
34174,0,5.316907590565927%
34175,0,5.316752011704462%
34176,0,5.316596441947566%
34177,0,5.3164408812944375%
34178,0,5.3162853297442805%
34179,0,5.316129787296293%
34180,0,5.315974253949678%
34181,0,5.315818729703636%
34182,0,5.315663214557369%
34183,0,5.315507708510078%
34184,0,5.315352211560964%
34185,0,5.315196723709229%
34186,0,5.315041244954075%
34187,0,5.3148857752947025%
34188,0,5.314730314730315%
34189,0,5.314574863260113%
34190,0,5.314419420883299%
34191,0,5.314263987599076%
34192,0,5.314108563406645%
34193,0,5.313953148305209%
34194,0,5.31379774229397%
34195,0,5.313642345372131%
34196,0,5.313486957538894%
34197,0,5.313331578793461%
34198,0,5.313176209135037%
34199,0,5.313020848562823%
34200,0,5.312865497076023%
34201,0,5.31271015467384%
34202,0,5.3125548213554765%
34203,0,5.312399497120135%
34204,0,5.312244181967022%
34205,0,5.312088875895337%
34206,0,5.311933578904285%
34207,0,5.311778290993072%
34208,0,5.311623012160898%
34209,0,5.311467742406969%
34210,0,5.311312481730488%
34211,0,5.31115723013066%
34212,0,5.311001987606688%
34213,0,5.310846754157776%
34214,0,5.31069152978313%
34215,0,5.310536314481952%
34216,0,5.3103811082534484%
34217,0,5.310225911096824%
34218,0,5.310070723011281%
34219,0,5.309915543996026%
34220,0,5.3097603740502635%
34221,0,5.309605213173198%
34222,0,5.309450061364035%
34223,0,5.30929491862198%
34224,0,5.309139784946237%
34225,0,5.308984660336011%
34226,0,5.30882954479051%
34227,0,5.3086744383089375%
34228,0,5.3085193408904985%
34229,0,5.308364252534401%
34230,0,5.308209173239848%
34231,0,5.308054103006047%
34232,1,5.310820285113344%
34233,0,5.310665147664534%
34234,0,5.3105100192790795%
34235,0,5.310354899956185%
34236,0,5.310199789695059%
34237,0,5.310044688494903%
34238,0,5.309889596354927%
34239,0,5.3097345132743365%
34240,0,5.309579439252336%
34241,0,5.309424374288134%
34242,0,5.309269318380936%
34243,0,5.309114271529948%
34244,0,5.3089592337343765%
34245,0,5.30880420499343%
34246,0,5.308649185306313%
34247,0,5.308494174672234%
34248,0,5.3083391730904%
34249,0,5.308184180560016%
34250,0,5.308029197080292%
34251,0,5.307874222650433%
34252,0,5.307719257269648%
34253,0,5.307564300937144%
34254,0,5.307409353652128%
34255,0,5.307254415413809%
34256,0,5.307099486221392%
34257,0,5.306944566074087%
34258,0,5.3067896549711016%
34259,0,5.306634752911644%
34260,0,5.306479859894921%
34261,0,5.306324975920142%
34262,0,5.306170100986516%
34263,0,5.306015235093249%
34264,0,5.305860378239552%
34265,0,5.305705530424632%
34266,0,5.3055506916476975%
34267,0,5.305395861907957%
34268,0,5.3052410412046225%
34269,0,5.305086229536899%
34270,0,5.304931426903998%
34271,0,5.304776633305127%
34272,0,5.304621848739496%
34273,0,5.304467073206314%
34274,0,5.304312306704791%
34275,0,5.3041575492341355%
34276,0,5.304002800793558%
34277,0,5.303848061382268%
34278,0,5.303693330999475%
34279,0,5.303538609644389%
34280,0,5.30338389731622%
34281,0,5.303229194014177%
34282,0,5.3030744997374715%
34283,0,5.302919814485314%
34284,0,5.302765138256913%
34285,0,5.30261047105148%
34286,0,5.302455812868226%
34287,0,5.302301163706361%
34288,0,5.302146523565096%
34289,0,5.301991892443641%
34290,0,5.301837270341207%
34291,0,5.301682657257007%
34292,0,5.301528053190249%
34293,0,5.301373458140145%
34294,0,5.301218872105908%
34295,0,5.301064295086747%
34296,0,5.3009097270818755%
34297,0,5.300755168090503%
34298,0,5.300600618111844%
34299,0,5.300446077145106%
34300,0,5.300291545189505%
34301,0,5.300137022244249%
34302,0,5.299982508308553%
34303,0,5.299828003381628%
34304,0,5.299673507462686%
34305,0,5.29951902055094%
34306,0,5.299364542645602%
34307,0,5.299210073745883%
34308,0,5.299055613850997%
34309,0,5.298901162960156%
34310,0,5.298746721072574%
34311,0,5.298592288187462%
34312,0,5.2984378643040335%
34313,0,5.298283449421502%
34314,0,5.29812904353908%
34315,0,5.297974646655981%
34316,0,5.297820258771418%
34317,0,5.2976658798846055%
34318,0,5.297511509994755%
34319,0,5.297357149101082%
34320,0,5.297202797202797%
34321,0,5.297048454299117%
34322,0,5.296894120389255%
34323,0,5.296739795472424%
34324,0,5.296585479547838%
34325,0,5.296431172614712%
34326,0,5.29627687467226%
34327,0,5.296122585719696%
34328,0,5.295968305756234%
34329,0,5.295814034781089%
34330,0,5.295659772793475%
34331,0,5.2955055197926075%
34332,0,5.2953512757777%
34333,0,5.2951970407479685%
34334,0,5.295042814702628%
34335,0,5.294888597640892%
34336,0,5.294734389561976%
34337,0,5.294580190465096%
34338,0,5.294426000349467%
34339,0,5.294271819214305%
34340,0,5.294117647058823%
34341,0,5.29396348388224%
34342,0,5.29380932968377%
34343,0,5.293655184462627%
34344,0,5.29350104821803%
34345,0,5.293346920949192%
34346,0,5.293192802655331%
34347,0,5.293038693335663%
34348,0,5.292884592989402%
34349,0,5.292730501615767%
34350,0,5.292576419213973%
34351,0,5.292422345783238%
34352,0,5.292268281322777%
34353,0,5.2921142258318055%
34354,0,5.291960179309542%
34355,0,5.291806141755203%
34356,0,5.291652113168006%
34357,0,5.291498093547166%
34358,0,5.291344082891903%
34359,0,5.2911900812014325%
34360,0,5.2910360884749705%
34361,0,5.290882104711738%
34362,0,5.290728129910948%
34363,0,5.290574164071821%
34364,0,5.290420207193574%
34365,0,5.290266259275426%
34366,0,5.2901123203165925%
34367,0,5.289958390316292%
34368,0,5.289804469273743%
34369,0,5.289650557188164%
34370,0,5.289496654058772%
34371,0,5.289342759884787%
34372,0,5.289188874665425%
34373,0,5.289034998399907%
34374,0,5.28888113108745%
34375,0,5.2887272727272725%
34376,0,5.288573423318595%
34377,0,5.288419582860634%
34378,0,5.288265751352609%
34379,0,5.28811192879374%
34380,0,5.287958115183246%
34381,0,5.287804310520346%
34382,0,5.287650514804258%
34383,0,5.287496728034203%
34384,0,5.2873429502094%
34385,0,5.287189181329068%
34386,0,5.287035421392427%
34387,0,5.286881670398698%
34388,0,5.286727928347098%
34389,0,5.286574195236849%
34390,0,5.286420471067171%
34391,0,5.286266755837283%
34392,0,5.286113049546406%
34393,0,5.2859593521937605%
34394,0,5.285805663778566%
34395,0,5.285651984300044%
34396,0,5.285498313757413%
34397,0,5.285344652149897%
34398,0,5.285190999476714%
34399,0,5.285037355737086%
34400,0,5.284883720930233%
34401,0,5.284730095055376%
34402,0,5.284576478111737%
34403,0,5.284422870098538%
34404,0,5.284269271014998%
34405,0,5.28411568086034%
34406,0,5.283962099633785%
34407,0,5.283808527334554%
34408,0,5.28365496396187%
34409,0,5.283501409514953%
34410,0,5.283347863993025%
34411,0,5.28319432739531%
34412,0,5.283040799721028%
34413,0,5.282887280969401%
34414,0,5.282733771139653%
34415,0,5.282580270231004%
34416,0,5.2824267782426775%
34417,0,5.282273295173897%
34418,0,5.2821198210238824%
34419,0,5.281966355791859%
34420,0,5.281812899477048%
34421,0,5.281659452078673%
34422,0,5.281506013595956%
34423,0,5.28135258402812%
34424,0,5.28119916337439%
34425,0,5.281045751633987%
34426,0,5.280892348806135%
34427,0,5.280738954890057%
34428,0,5.280585569884978%
34429,0,5.280432193790119%
34430,0,5.280278826604705%
34431,0,5.28012546832796%
34432,0,5.279972118959108%
34433,0,5.279818778497371%
34434,0,5.2796654469419755%
34435,0,5.279512124292145%
34436,1,5.282262748286676%
34437,1,5.285013212533031%
34438,1,5.287763517045124%
34439,0,5.287609977060891%
34440,0,5.2874564459930316%
34441,0,5.287302923840771%
34442,0,5.287149410603333%
34443,0,5.286995906279941%
34444,0,5.286842410869818%
34445,0,5.2866889243721875%
34446,0,5.286535446786274%
34447,0,5.286381978111302%
34448,0,5.286228518346493%
34449,0,5.2860750674910735%
34450,0,5.285921625544267%
34451,0,5.285768192505298%
34452,0,5.285614768373389%
34453,0,5.285461353147766%
34454,0,5.285307946827654%
34455,0,5.285154549412277%
34456,0,5.285001160900859%
34457,0,5.284847781292626%
34458,0,5.284694410586802%
34459,0,5.284541048782612%
34460,0,5.28438769587928%
34461,0,5.284234351876034%
34462,0,5.284081016772097%
34463,0,5.283927690566695%
34464,0,5.283774373259053%
34465,0,5.283621064848397%
34466,0,5.283467765333953%
34467,0,5.2833144747149445%
34468,0,5.2831611929906%
34469,0,5.283007920160144%
34470,0,5.282854656222803%
34471,0,5.2827014011778015%
34472,0,5.282548155024368%
34473,0,5.282394917761726%
34474,0,5.282241689389105%
34475,0,5.282088469905729%
34476,0,5.281935259310825%
34477,0,5.28178205760362%
34478,0,5.2816288647833405%
34479,0,5.281475680849212%
34480,0,5.281322505800464%
34481,0,5.281169339636321%
34482,0,5.281016182356011%
34483,0,5.280863033958762%
34484,0,5.2807098944438%
34485,0,5.2805567638103525%
34486,0,5.280403642057647%
34487,0,5.28025052918491%
34488,0,5.280097425191371%
34489,1,5.282843805271246%
34490,1,5.28559002609452%
34491,0,5.285436780609435%
34492,0,5.2852835440102055%
34493,0,5.28513031629606%
34494,0,5.284977097466226%
34495,1,5.287722858385274%
34496,1,5.290468460111318%
34497,1,5.293213902658202%
34498,1,5.29595918603977%
34499,1,5.298704310269863%
34500,1,5.301449275362319%
34501,1,5.3041940813309765%
34502,1,5.30693872818967%
34503,0,5.306784917253572%
34504,0,5.306631115233016%
34505,0,5.306477322127228%
34506,0,5.306323537935431%
34507,0,5.306169762656852%
34508,0,5.306015996290715%
34509,0,5.305862238836245%
34510,0,5.305708490292669%
34511,0,5.30555475065921%
34512,0,5.305401019935095%
34513,0,5.305247298119549%
34514,0,5.305093585211798%
34515,0,5.304939881211068%
34516,0,5.3047861861165835%
34517,0,5.304632499927572%
34518,0,5.304478822643258%
34519,0,5.3043251542628695%
34520,0,5.304171494785632%
34521,0,5.304017844210771%
34522,0,5.303864202537512%
34523,0,5.303710569765084%
34524,0,5.303556945892712%
34525,0,5.303403330919624%
34526,0,5.3032497248450445%
34527,0,5.303096127668202%
34528,0,5.302942539388322%
34529,0,5.302788960004634%
34530,0,5.302635389516363%
34531,0,5.302481827922736%
34532,0,5.3023282752229814%
34533,0,5.302174731416327%
34534,0,5.302021196501998%
34535,0,5.301867670479224%
34536,0,5.301714153347232%
34537,0,5.3015606451052495%
34538,0,5.3014071457525045%
34539,0,5.301253655288225%
34540,0,5.301100173711639%
34541,0,5.3009467010219735%
34542,0,5.300793237218459%
34543,0,5.300639782300321%
34544,0,5.30048633626679%
34545,0,5.300332899117094%
34546,0,5.30017947085046%
34547,0,5.300026051466119%
34548,0,5.299872640963297%
34549,0,5.299719239341226%
34550,0,5.2995658465991315%
34551,0,5.299412462736245%
34552,0,5.299259087751794%
34553,0,5.299105721645009%
34554,0,5.298952364415118%
34555,0,5.298799016061351%
34556,0,5.298645676582938%
34557,0,5.298492345979107%
34558,0,5.298339024249088%
34559,0,5.2981857113921125%
34560,0,5.298032407407407%
34561,0,5.297879112294204%
34562,0,5.297725826051733%
34563,0,5.297572548679224%
34564,0,5.297419280175906%
34565,0,5.297266020541009%
34566,0,5.297112769773766%
34567,0,5.296959527873405%
34568,0,5.296806294839158%
34569,0,5.296653070670254%
34570,0,5.296499855365925%
34571,0,5.2963466489254%
34572,0,5.296193451347912%
34573,0,5.29604026263269%
34574,0,5.295887082778967%
34575,0,5.295733911785973%
34576,0,5.295580749652939%
34577,0,5.2954275963790955%
34578,0,5.295274451963676%
34579,0,5.295121316405911%
34580,0,5.294968189705032%
34581,0,5.29481507186027%
34582,0,5.294661962870858%
34583,0,5.294508862736026%
34584,0,5.294355771455008%
34585,0,5.294202689027035%
34586,0,5.294049615451338%
34587,0,5.293896550727152%
34588,0,5.2937434948537065%
34589,0,5.293590447830235%
34590,0,5.2934374096559695%
34591,0,5.293284380330144%
34592,0,5.293131359851989%
34593,0,5.292978348220738%
34594,0,5.292825345435625%
34595,0,5.292672351495881%
34596,0,5.29251936640074%
34597,0,5.292366390149435%
34598,0,5.292213422741199%
34599,0,5.2920604641752655%
34600,0,5.291907514450867%
34601,0,5.291754573567238%
34602,0,5.291601641523611%
34603,0,5.291448718319221%
34604,0,5.2912958039533%
34605,0,5.291142898425083%
34606,0,5.290990001733804%
34607,0,5.290837113878695%
34608,0,5.290684234858992%
34609,0,5.290531364673929%
34610,0,5.290378503322739%
34611,0,5.290225650804657%
34612,0,5.290072807118918%
34613,0,5.289919972264756%
34614,0,5.289767146241405%
34615,0,5.289614329048101%
34616,0,5.2894615206840765%
34617,0,5.2893087211485685%
34618,0,5.289155930440812%
34619,0,5.289003148560039%
34620,0,5.288850375505488%
34621,0,5.288697611276393%
34622,0,5.288544855871989%
34623,0,5.288392109291511%
34624,0,5.288239371534196%
34625,0,5.2880866425992785%
34626,0,5.287933922485993%
34627,0,5.287781211193577%
34628,0,5.287628508721267%
34629,0,5.287475815068295%
34630,0,5.287323130233902%
34631,0,5.28717045421732%
34632,0,5.2870177870177875%
34633,0,5.286865128634539%
34634,0,5.2867124790668125%
34635,0,5.286559838313845%
34636,0,5.28640720637487%
34637,0,5.286254583249127%
34638,0,5.286101968935851%
34639,0,5.28594936343428%
34640,0,5.2857967667436485%
34641,0,5.285644178863197%
34642,0,5.285491599792159%
34643,0,5.2853390295297755%
34644,0,5.28518646807528%
34645,0,5.285033915427912%
34646,0,5.284881371586907%
34647,0,5.284728836551506%
34648,0,5.284576310320942%
34649,0,5.284423792894455%
34650,0,5.284271284271284%
34651,0,5.284118784450665%
34652,0,5.2839662934318365%
34653,0,5.283813811214037%
34654,0,5.283661337796502%
34655,0,5.283508873178473%
34656,0,5.283356417359188%
34657,0,5.283203970337882%
34658,0,5.283051532113798%
34659,0,5.282899102686171%
34660,0,5.282746682054242%
34661,0,5.282594270217247%
34662,0,5.282441867174428%
34663,0,5.282289472925021%
34664,0,5.282137087468267%
34665,0,5.281984710803404%
34666,0,5.281832342929672%
34667,0,5.281679983846309%
34668,0,5.281527633552556%
34669,0,5.281375292047651%
34670,0,5.281222959330833%
34671,0,5.281070635401345%
34672,0,5.280918320258421%
34673,0,5.280766013901307%
34674,0,5.280613716329238%
34675,0,5.280461427541456%
34676,0,5.280309147537202%
34677,0,5.280156876315713%
34678,0,5.280004613876232%
34679,0,5.279852360217999%
34680,0,5.279700115340254%
34681,0,5.279547879242236%
34682,0,5.2793956519231875%
34683,0,5.279243433382349%
34684,0,5.27909122361896%
34685,0,5.278939022632262%
34686,0,5.278786830421496%
34687,0,5.2786346469859025%
34688,0,5.278482472324724%
34689,0,5.278330306437199%
34690,0,5.278178149322571%
34691,0,5.2780260009800815%
34692,0,5.27787386140897%
34693,0,5.27772173060848%
34694,0,5.277569608577852%
34695,0,5.277417495316328%
34696,0,5.27726539082315%
34697,0,5.277113295097559%
34698,0,5.276961208138797%
34699,0,5.276809129946107%
34700,0,5.276657060518732%
34701,0,5.276504999855912%
34702,0,5.27635294795689%
34703,0,5.276200904820909%
34704,0,5.276048870447211%
34705,0,5.275896844835038%
34706,0,5.275744827983634%
34707,0,5.275592819892241%
34708,0,5.275440820560101%
34709,0,5.275288829986459%
34710,0,5.275136848170556%
34711,0,5.2749848751116355%
34712,0,5.274832910808942%
34713,0,5.274680955261717%
34714,0,5.274529008469205%
34715,0,5.27437707043065%
34716,0,5.274225141145293%
34717,0,5.27407322061238%
34718,0,5.273921308831154%
34719,0,5.273769405800858%
34720,0,5.2736175115207375%
34721,0,5.273465625990035%
34722,0,5.273313749207995%
34723,0,5.273161881173862%
34724,0,5.273010021886879%
34725,0,5.272858171346292%
34726,0,5.272706329551345%
34727,0,5.272554496501281%
34728,0,5.272402672195347%
34729,0,5.272250856632786%
34730,0,5.272099049812842%
34731,0,5.271947251734761%
34732,0,5.2717954623977885%
34733,0,5.271643681801169%
34734,0,5.271491909944147%
34735,0,5.271340146825968%
34736,0,5.271188392445877%
34737,0,5.271036646803121%
34738,1,5.273763601819334%
34739,1,5.2764903998387975%
34740,0,5.276338514680483%
34741,1,5.279065081603869%
34742,1,5.281791491566404%
34743,0,5.281639466942981%
34744,0,5.281487451070689%
34745,0,5.28133544394877%
34746,0,5.2811834455764695%
34747,0,5.281031455953032%
34748,0,5.280879475077702%
34749,0,5.280727502949725%
34750,0,5.280575539568345%
34751,0,5.280423584932808%
34752,0,5.280271639042358%
34753,0,5.280119701896239%
34754,0,5.2799677734936985%
34755,0,5.2798158538339806%
34756,0,5.279663942916331%
34757,0,5.279512040739995%
34758,0,5.279360147304217%
34759,0,5.279208262608245%
34760,0,5.279056386651323%
34761,0,5.278904519432698%
34762,0,5.278752660951614%
34763,0,5.278600811207318%
34764,0,5.278448970199056%
34765,0,5.278297137926075%
34766,0,5.27814531438762%
34767,0,5.277993499582938%
34768,0,5.277841693511275%
34769,0,5.277689896171877%
34770,0,5.277538107563992%
34771,0,5.277386327686866%
34772,0,5.277234556539745%
34773,0,5.277082794121876%
34774,0,5.276931040432507%
34775,0,5.276779295470884%
34776,0,5.276627559236255%
34777,0,5.276475831727867%
34778,0,5.276324112944965%
34779,0,5.276172402886799%
34780,0,5.276020701552617%
34781,0,5.2758690089416636%
34782,0,5.275717325053188%
34783,0,5.275565649886438%
34784,0,5.275413983440663%
34785,0,5.275262325715107%
34786,0,5.275110676709021%
34787,0,5.274959036421651%
34788,0,5.274807404852248%
34789,0,5.274655782000058%
34790,0,5.274504167864329%
34791,0,5.27435256244431%
34792,0,5.27420096573925%
34793,0,5.274049377748398%
34794,0,5.273897798471001%
34795,0,5.273746227906308%
34796,0,5.27359466605357%
34797,0,5.273443112912032%
34798,0,5.273291568480947%
34799,0,5.273140032759562%
34800,0,5.272988505747126%
34801,0,5.272836987442889%
34802,0,5.2726854778461005%
34803,0,5.27253397695601%
34804,0,5.272382484771866%
34805,0,5.272231001292918%
34806,0,5.272079526518416%
34807,0,5.27192806044761%
34808,0,5.2717766030797515%
34809,0,5.271625154414088%
34810,0,5.271473714449871%
34811,0,5.2713222831863495%
34812,0,5.271170860622774%
34813,0,5.271019446758395%
34814,0,5.270868041592463%
34815,0,5.270716645124228%
34816,0,5.270565257352941%
34817,0,5.270413878277853%
34818,0,5.270262507898214%
34819,0,5.270111146213274%
34820,0,5.269959793222286%
34821,0,5.2698084489245%
34822,0,5.269657113319166%
34823,0,5.269505786405537%
34824,0,5.269354468182862%
34825,0,5.269203158650395%
34826,0,5.269051857807385%
34827,0,5.268900565653086%
34828,0,5.2687492821867465%
34829,0,5.26859800740762%
34830,1,5.271317829457364%
34831,0,5.271166489621314%
34832,0,5.271015158474966%
34833,0,5.27086383601757%
34834,0,5.270712522248378%
34835,0,5.270561217166643%
34836,0,5.270409920771615%
34837,0,5.270258633062548%
34838,0,5.270107354038693%
34839,0,5.269956083699302%
34840,0,5.2698048220436275%
34841,0,5.269653569070922%
34842,0,5.269502324780437%
34843,0,5.269351089171426%
34844,0,5.269199862243141%
34845,0,5.269048643994834%
34846,0,5.268897434425758%
34847,0,5.268746233535168%
34848,0,5.268595041322314%
34849,0,5.26844385778645%
34850,0,5.2682926829268295%
34851,0,5.268141516742705%
34852,0,5.2679903592333295%
34853,0,5.267839210397957%
34854,0,5.267688070235841%
34855,0,5.267536938746234%
34856,0,5.267385815928391%
34857,0,5.267234701781565%
34858,0,5.267083596305009%
34859,0,5.266932499497978%
34860,0,5.266781411359724%
34861,0,5.266630331889504%
34862,0,5.26647926108657%
34863,0,5.266328198950177%
34864,0,5.266177145479578%
34865,0,5.266026100674028%
34866,0,5.265875064532782%
34867,0,5.2657240370550955%
34868,0,5.26557301824022%
34869,0,5.265422008087413%
34870,0,5.265271006595928%
34871,0,5.26512001376502%
34872,0,5.264969029593944%
34873,0,5.264818054081955%
34874,0,5.2646670872283075%
34875,0,5.264516129032258%
34876,0,5.264365179493061%
34877,0,5.264214238609973%
34878,0,5.264063306382247%
34879,0,5.26391238280914%
34880,0,5.263761467889908%
34881,0,5.263610561623807%
34882,0,5.263459664010091%
34883,0,5.263308775048018%
34884,0,5.263157894736842%
34885,0,5.26300702307582%
34886,0,5.262856160064209%
34887,0,5.262705305701264%
34888,0,5.262554459986242%
34889,0,5.262403622918399%
34890,0,5.26225279449699%
34891,0,5.262101974721275%
34892,0,5.261951163590508%
34893,0,5.261800361103947%
34894,0,5.2616495672608465%
34895,0,5.261498782060467%
34896,0,5.261348005502063%
34897,0,5.261197237584893%
34898,0,5.261046478308212%
34899,0,5.260895727671279%
34900,0,5.260744985673353%
34901,0,5.260594252313687%
34902,0,5.260443527591542%
34903,0,5.260292811506175%
34904,0,5.2601421040568415%
34905,0,5.259991405242801%
34906,0,5.259840715063313%
34907,0,5.259690033517632%
34908,0,5.259539360605019%
34909,0,5.25938869632473%
34910,0,5.259238040676024%
34911,0,5.2590873936581595%
34912,0,5.258936755270394%
34913,0,5.258786125511987%
34914,0,5.258635504382196%
34915,0,5.258484891880281%
34916,0,5.258334288005499%
34917,0,5.258183692757109%
34918,0,5.258033106134373%
34919,0,5.257882528136545%
34920,0,5.257731958762887%
34921,0,5.257581398012657%
34922,0,5.257430845885115%
34923,0,5.25728030237952%
34924,0,5.257129767495132%
34925,0,5.2569792412312095%
34926,0,5.256828723587013%
34927,0,5.2566782145618%
34928,0,5.256527714154833%
34929,0,5.256377222365369%
34930,0,5.256226739192671%
34931,0,5.256076264635997%
34932,0,5.255925798694607%
34933,0,5.2557753413677615%
34934,0,5.25562489265472%
34935,0,5.255474452554744%
34936,0,5.255324021067094%
34937,0,5.25517359819103%
34938,0,5.255023183925812%
34939,0,5.254872778270701%
34940,0,5.254722381224957%
34941,0,5.2545719927878425%
34942,0,5.254421612958617%
34943,0,5.254271241736543%
34944,0,5.2541208791208796%
34945,0,5.253970525110888%
34946,0,5.253820179705833%
34947,0,5.25366984290497%
34948,0,5.253519514707565%
34949,0,5.253369195112879%
34950,0,5.253218884120172%
34951,0,5.253068581728706%
34952,0,5.252918287937743%
34953,0,5.252768002746546%
34954,0,5.252617726154375%
34955,0,5.252467458160492%
34956,0,5.25231719876416%
34957,0,5.252166947964642%
34958,0,5.252016705761199%
34959,0,5.251866472153094%
34960,0,5.251716247139588%
34961,0,5.251566030719945%
34962,0,5.251415822893427%
34963,0,5.251265623659298%
34964,0,5.2511154330168175%
34965,0,5.250965250965251%
34966,0,5.2508150775038605%
34967,0,5.25066491263191%
34968,0,5.250514756348661%
34969,0,5.250364608653379%
34970,0,5.250214469545324%
34971,0,5.250064339023763%
34972,0,5.249914217087956%
34973,0,5.249764103737169%
34974,0,5.249613998970664%
34975,0,5.2494639027877055%
34976,0,5.249313815187557%
34977,0,5.249163736169483%
34978,0,5.249013665732746%
34979,0,5.248863603876611%
34980,0,5.2487135506003435%
34981,0,5.2485635059032045%
34982,0,5.24841346978446%
34983,0,5.248263442243376%
34984,0,5.2481134232792135%
34985,0,5.247963412891239%
34986,0,5.247813411078718%
34987,0,5.247663417840912%
34988,0,5.247513433177089%
34989,0,5.2473634570865135%
34990,0,5.247213489568448%
34991,0,5.24706353062216%
34992,0,5.246913580246913%
34993,0,5.2467636384419745%
34994,0,5.246613705206607%
34995,0,5.2464637805400764%
34996,0,5.2463138644416505%
34997,0,5.246163956910593%
34998,0,5.2460140579461685%
34999,0,5.245864167547644%
35000,0,5.2457142857142856%
35001,0,5.245564412445359%
35002,0,5.245414547740129%
35003,0,5.245264691597863%
35004,0,5.245114844017826%
35005,0,5.244965004999286%
35006,0,5.244815174541507%
35007,0,5.244665352643757%
35008,0,5.244515539305302%
35009,0,5.244365734525408%
35010,0,5.244215938303342%
35011,0,5.24406615063837%
35012,1,5.2467725351308125%
35013,1,5.2494787650301316%
35014,1,5.252184840349575%
35015,1,5.254890761102385%
35016,1,5.257596527301804%
35017,1,5.260302138961076%
35018,1,5.263007596093438%
35019,1,5.2657128987121276%
35020,1,5.268418046830383%
35021,1,5.271123040461437%
35022,1,5.273827879618525%
35023,1,5.276532564314879%
35024,1,5.279237094563728%
35025,1,5.281941470378301%
35026,0,5.281790669788157%
35027,0,5.281639877808548%
35028,0,5.281489094438735%
35029,0,5.281338319677982%
35030,1,5.284042249500428%
35031,1,5.2867460249493305%
35032,0,5.286595113039507%
35033,1,5.289298661262238%
35034,1,5.292002055146429%
35035,1,5.294705294705294%
35036,1,5.297408379952049%
35037,1,5.300111310899905%
35038,0,5.299960043381471%
35039,0,5.299808784497275%
35040,0,5.299657534246576%
35041,0,5.299506292628635%
35042,0,5.299355059642714%
35043,0,5.299203835288075%
35044,0,5.299052619563977%
35045,0,5.298901412469681%
35046,0,5.298750214004451%
35047,0,5.2985990241675465%
35048,0,5.298447842958229%
35049,0,5.298296670375759%
35050,0,5.2981455064194005%
35051,0,5.297994351088414%
35052,0,5.297843204382061%
35053,0,5.297692066299604%
35054,0,5.297540936840304%
35055,0,5.297389816003424%
35056,0,5.297238703788225%
35057,0,5.2970876001939695%
35058,0,5.2969365052199215%
35059,0,5.296785418865341%
35060,0,5.296634341129492%
35061,0,5.296483272011637%
35062,0,5.296332211511038%
35063,0,5.296181159626958%
35064,0,5.296030116358659%
35065,0,5.2958790817054044%
35066,0,5.295728055666458%
35067,0,5.295577038241081%
35068,0,5.295426029428539%
35069,0,5.295275029228093%
35070,0,5.295124037639008%
35071,0,5.294973054660545%
35072,0,5.29482208029197%
35073,0,5.294671114532547%
35074,0,5.294520157381536%
35075,0,5.294369208838204%
35076,0,5.294218268901814%
35077,0,5.294067337571628%
35078,0,5.293916414846913%
35079,0,5.293765500726931%
35080,0,5.293614595210946%
35081,0,5.293463698298225%
35082,0,5.293312809988028%
35083,0,5.293161930279623%
35084,0,5.293011059172272%
35085,0,5.2928601966652415%
35086,0,5.292709342757796%
35087,0,5.292558497449198%
35088,0,5.292407660738714%
35089,0,5.292256832625609%
35090,0,5.292106013109148%
35091,0,5.291955202188595%
35092,0,5.291804399863217%
35093,0,5.291653606132277%
35094,0,5.291502820995042%
35095,0,5.291352044450776%
35096,0,5.291201276498747%
35097,0,5.291050517138217%
35098,0,5.290899766368454%
35099,0,5.290749024188724%
35100,0,5.2905982905982905%
35101,0,5.290447565596422%
35102,0,5.290296849182383%
35103,0,5.290146141355439%
35104,0,5.289995442114859%
35105,0,5.289844751459906%
35106,0,5.2896940693898475%
35107,0,5.289543395903951%
35108,0,5.289392731001481%
35109,0,5.289242074681706%
35110,1,5.291939618342353%
35111,0,5.291788898066133%
35112,0,5.291638186375028%
35113,0,5.291487483268305%
35114,0,5.291336788745229%
35115,0,5.291186102805069%
35116,0,5.29103542544709%
35117,0,5.290884756670558%
35118,0,5.2907340964747425%
35119,0,5.290583444858908%
35120,0,5.290432801822323%
35121,0,5.290282167364254%
35122,0,5.29013154148397%
35123,0,5.289980924180736%
35124,0,5.289830315453821%
35125,0,5.289679715302491%
35126,0,5.289529123726014%
35127,0,5.28937854072366%
35128,0,5.2892279662946935%
35129,0,5.2890774004383845%
35130,0,5.288926843153999%
35131,0,5.288776294440807%
35132,0,5.288625754298075%
35133,0,5.288475222725073%
35134,0,5.288324699721068%
35135,0,5.288174185285328%
35136,0,5.288023679417122%
35137,0,5.287873182115718%
35138,0,5.287722693380386%
35139,0,5.287572213210393%
35140,0,5.287421741605009%
35141,0,5.287271278563501%
35142,0,5.28712082408514%
35143,0,5.286970378169195%
35144,0,5.286819940814933%
35145,0,5.286669512021625%
35146,0,5.28651909178854%
35147,0,5.286368680114946%
35148,0,5.286218277000114%
35149,0,5.286067882443312%
35150,0,5.285917496443812%
35151,0,5.285767119000882%
35152,0,5.285616750113792%
35153,0,5.285466389781811%
35154,0,5.2853160380042095%
35155,0,5.285165694780259%
35156,0,5.285015360109227%
35157,0,5.2848650339903855%
35158,0,5.284714716423005%
35159,0,5.284564407406354%
35160,0,5.284414106939704%
35161,0,5.284263815022326%
35162,0,5.284113531653489%
35163,0,5.283963256832466%
35164,0,5.283812990558526%
35165,0,5.28366273283094%
35166,1,5.286356139452881%
35167,0,5.2862058179543325%
35168,0,5.2860555050045495%
35169,0,5.285905200602803%
35170,0,5.285754904748365%
35171,0,5.285604617440505%
35172,0,5.285454338678494%
35173,0,5.285304068461604%
35174,0,5.285153806789106%
35175,0,5.28500355366027%
35176,0,5.284853309074369%
35177,0,5.284703073030673%
35178,0,5.284552845528456%
35179,0,5.284402626566986%
35180,0,5.284252416145537%
35181,0,5.284102214263381%
35182,0,5.283952020919788%
35183,0,5.283801836114033%
35184,0,5.283651659845384%
35185,0,5.283501492113117%
35186,0,5.2833513329165%
35187,0,5.2832011822548095%
35188,0,5.283051040127316%
35189,0,5.282900906533292%
35190,0,5.282750781472009%
35191,0,5.282600664942741%
35192,0,5.28245055694476%
35193,0,5.28230045747734%
35194,0,5.282150366539751%
35195,0,5.282000284131269%
35196,0,5.281850210251164%
35197,0,5.281700144898712%
35198,0,5.281550088073185%
35199,0,5.281400039773857%
35200,0,5.28125%
35201,0,5.281099968750888%
35202,0,5.280949946025794%
35203,0,5.280799931823992%
35204,0,5.280649926144757%
35205,0,5.28049992898736%
35206,0,5.280349940351076%
35207,0,5.28019996023518%
35208,0,5.280049988638946%
35209,0,5.279900025561647%
35210,0,5.279750071002557%
35211,0,5.279600124960949%
35212,0,5.279450187436101%
35213,0,5.279300258427285%
35214,0,5.2791503379337765%
35215,0,5.279000425954849%
35216,0,5.278850522489777%
35217,0,5.278700627537837%
35218,0,5.278550741098302%
35219,0,5.278400863170448%
35220,0,5.27825099375355%
35221,0,5.278101132846881%
35222,0,5.277951280449719%
35223,0,5.2778014365613375%
35224,0,5.277651601181013%
35225,0,5.27750177430802%
35226,0,5.277351955941634%
35227,0,5.277202146081131%
35228,0,5.277052344725786%
35229,0,5.276902551874875%
35230,0,5.276752767527675%
35231,0,5.276602991683461%
35232,0,5.276453224341507%
35233,0,5.276303465501093%
35234,0,5.276153715161492%
35235,0,5.2760039733219815%
35236,0,5.275854239981836%
35237,0,5.275704515140336%
35238,0,5.275554798796754%
35239,0,5.275405090950367%
35240,0,5.275255391600455%
35241,0,5.275105700746289%
35242,0,5.274956018387152%
35243,0,5.274806344522316%
35244,0,5.274656679151061%
35245,0,5.274507022272663%
35246,0,5.2743573738863985%
35247,0,5.274207733991545%
35248,0,5.274058102587381%
35249,0,5.2739084796731825%
35250,0,5.273758865248227%
35251,0,5.273609259311793%
35252,0,5.273459661863156%
35253,0,5.273310072901597%
35254,0,5.273160492426392%
35255,0,5.273010920436818%
35256,0,5.272861356932154%
35257,0,5.272711801911678%
35258,0,5.272562255374667%
35259,0,5.2724127173204005%
35260,0,5.272263187748156%
35261,0,5.272113666657213%
35262,0,5.27196415404685%
35263,0,5.271814649916343%
35264,0,5.271665154264973%
35265,0,5.271515667092017%
35266,0,5.271366188396756%
35267,0,5.271216718178467%
35268,0,5.27106725643643%
35269,0,5.270917803169923%
35270,0,5.270768358378225%
35271,0,5.270618922060617%
35272,0,5.270469494216376%
35273,0,5.270320074844783%
35274,0,5.270170663945115%
35275,0,5.270021261516654%
35276,0,5.26987186755868%
35277,0,5.2697224820704704%
35278,0,5.269573105051307%
35279,0,5.2694237365004675%
35280,0,5.269274376417234%
35281,0,5.269125024800885%
35282,0,5.2689756816507%
35283,0,5.268826346965961%
35284,0,5.2686770207459475%
35285,0,5.268527702989939%
35286,0,5.268378393697217%
35287,0,5.268229092867061%
35288,0,5.268079800498753%
35289,0,5.267930516591572%
35290,0,5.2677812411448%
35291,0,5.267631974157718%
35292,0,5.267482715629605%
35293,0,5.267333465559743%
35294,0,5.267184223947413%
35295,0,5.267034990791897%
35296,0,5.266885766092475%
35297,0,5.266736549848429%
35298,0,5.26658734205904%
35299,0,5.266438142723589%
35300,0,5.26628895184136%
35301,0,5.266139769411631%
35302,0,5.265990595433687%
35303,0,5.265841429906807%
35304,0,5.2656922728302735%
35305,0,5.265543124203371%
35306,0,5.265393984025378%
35307,0,5.265244852295579%
35308,0,5.265095729013255%
35309,0,5.264946614177688%
35310,0,5.2647975077881615%
35311,0,5.264648409843957%
35312,0,5.264499320344359%
35313,0,5.264350239288648%
35314,0,5.264201166676106%
35315,0,5.264052102506017%
35316,0,5.263903046777664%
35317,0,5.26375399949033%
35318,0,5.263604960643297%
35319,0,5.263455930235851%
35320,0,5.26330690826727%
35321,0,5.263157894736842%
35322,0,5.263008889643848%
35323,0,5.262859892987572%
35324,0,5.262710904767297%
35325,0,5.2625619249823075%
35326,0,5.262412953631886%
35327,0,5.262263990715317%
35328,0,5.262115036231884%
35329,0,5.261966090180871%
35330,0,5.261817152561562%
35331,0,5.261668223373241%
35332,0,5.261519302615193%
35333,0,5.261370390286701%
35334,0,5.26122148638705%
35335,0,5.261072590915523%
35336,0,5.260923703871406%
35337,0,5.260774825253983%
35338,0,5.2606259550625385%
35339,0,5.260477093296358%
35340,0,5.260328239954726%
35341,1,5.263008969751846%
35342,1,5.265689547846755%
35343,0,5.2655405596582066%
35344,0,5.265391579900407%
35345,1,5.268071863064082%
35346,1,5.270751994567985%
35347,1,5.2734319744249865%
35348,1,5.276111802647957%
35349,1,5.278791479249766%
35350,1,5.281471004243281%
35351,1,5.284150377641368%
35352,1,5.286829599456891%
35353,0,5.286680055440839%
35354,0,5.286530519884596%
35355,0,5.286380992787441%
35356,0,5.28623147414866%
35357,0,5.286081963967531%
35358,0,5.2859324622433395%
35359,0,5.285782968975368%
35360,0,5.285633484162896%
35361,0,5.285484007805209%
35362,0,5.285334539901589%
35363,0,5.285185080451319%
35364,0,5.285035629453682%
35365,0,5.2848861869079595%
35366,0,5.284736752813437%
35367,0,5.284587327169396%
35368,0,5.284437909975119%
35369,0,5.284288501229891%
35370,0,5.284139100932994%
35371,0,5.283989709083713%
35372,0,5.2838403256813296%
35373,0,5.283690950725129%
35374,0,5.283541584214395%
35375,0,5.283392226148409%
35376,0,5.283242876526459%
35377,0,5.283093535347825%
35378,0,5.282944202611793%
35379,0,5.282794878317646%
35380,0,5.282645562464669%
35381,0,5.282496255052147%
35382,0,5.282346956079363%
35383,0,5.282197665545601%
35384,0,5.282048383450147%
35385,0,5.281899109792285%
35386,0,5.2817498445713%
35387,0,5.281600587786476%
35388,0,5.281451339437098%
35389,0,5.28130209952245%
35390,0,5.281152868041819%
35391,0,5.28100364499449%
35392,0,5.280854430379747%
35393,0,5.2807052241968755%
35394,0,5.28055602644516%
35395,0,5.280406837123888%
35396,0,5.280257656232343%
35397,0,5.280108483769811%
35398,0,5.279959319735578%
35399,0,5.27981016412893%
35400,0,5.279661016949152%
35401,0,5.279511878195532%
35402,1,5.282187447036891%
35403,1,5.284862864728978%
35404,1,5.287538131284601%
35405,0,5.287388786894506%
35406,0,5.287239450940519%
35407,0,5.2870901234219225%
35408,0,5.286940804338003%
35409,0,5.286791493688046%
35410,0,5.286642191471335%
35411,0,5.286492897687159%
35412,0,5.286343612334802%
35413,0,5.2861943354135486%
35414,0,5.286045066922686%
35415,0,5.285895806861499%
35416,0,5.2857465552292755%
35417,0,5.285597312025299%
35418,0,5.285448077248857%
35419,0,5.285298850899236%
35420,0,5.2851496329757195%
35421,0,5.285000423477598%
35422,0,5.284851222404155%
35423,0,5.28470202975468%
35424,0,5.284552845528456%
35425,0,5.284403669724771%
35426,0,5.284254502342912%
35427,0,5.284105343382166%
35428,0,5.283956192841821%
35429,0,5.283807050721161%
35430,0,5.283657917019475%
35431,0,5.28350879173605%
35432,0,5.283359674870174%
35433,0,5.283210566421133%
35434,0,5.283061466388215%
35435,0,5.2829123747707065%
35436,0,5.282763291567897%
35437,0,5.282614216779073%
35438,0,5.282465150403522%
35439,0,5.2823160924405315%
35440,0,5.282167042889391%
35441,0,5.282018001749386%
35442,0,5.281868969019807%
35443,0,5.28171994469994%
35444,0,5.281570928789075%
35445,0,5.2814219212864995%
35446,0,5.281272922191502%
35447,0,5.281123931503371%
35448,0,5.280974949221394%
35449,0,5.280825975344862%
35450,0,5.280677009873061%
35451,0,5.2805280528052805%
35452,0,5.280379104140811%
35453,0,5.280230163878938%
35454,0,5.280081232018954%
35455,0,5.279932308560147%
35456,0,5.2797833935018055%
35457,0,5.279634486843218%
35458,0,5.279485588583677%
35459,0,5.279336698722468%
35460,0,5.279187817258883%
35461,0,5.279038944192211%
35462,0,5.278890079521741%
35463,0,5.278741223246764%
35464,0,5.278592375366569%
35465,0,5.278443535880446%
35466,0,5.278294704787684%
35467,0,5.278145882087575%
35468,0,5.277997067779407%
35469,0,5.277848261862472%
35470,0,5.277699464336059%
35471,0,5.277550675199459%
35472,0,5.2774018944519625%
35473,0,5.277253122092859%
35474,0,5.277104358121441%
35475,0,5.276955602536998%
35476,0,5.276806855338821%
35477,0,5.2766581165262%
35478,0,5.276509386098427%
35479,0,5.276360664054793%
35480,0,5.276211950394589%
35481,0,5.276063245117105%
35482,0,5.275914548221634%
35483,0,5.275765859707465%
35484,0,5.275617179573892%
35485,0,5.2754685078202055%
35486,0,5.275319844445697%
35487,0,5.275171189449657%
35488,0,5.27502254283138%
35489,0,5.274873904590155%
35490,0,5.274725274725275%
35491,0,5.274576653236031%
35492,0,5.274428040121718%
35493,0,5.274279435381624%
35494,0,5.2741308390150445%
35495,0,5.273982251021271%
35496,0,5.273833671399594%
35497,0,5.273685100149309%
35498,0,5.273536537269705%
35499,0,5.273387982760077%
35500,0,5.273239436619718%
35501,0,5.27309089884792%
35502,0,5.272942369443975%
35503,0,5.2727938484071775%
35504,0,5.272645335736819%
35505,0,5.272496831432193%
35506,0,5.272348335492593%
35507,0,5.272199847917312%
35508,0,5.272051368705643%
35509,0,5.271902897856881%
35510,0,5.271754435370318%
35511,0,5.271605981245249%
35512,0,5.271457535480964%
35513,0,5.2713090980767605%
35514,0,5.271160669031931%
35515,0,5.2710122483457695%
35516,0,5.27086383601757%
35517,0,5.270715432046626%
35518,0,5.270567036432232%
35519,0,5.270418649173682%
35520,0,5.27027027027027%
35521,0,5.270121899721292%
35522,0,5.26997353752604%
35523,0,5.26982518368381%
35524,0,5.269676838193897%
35525,0,5.269528501055595%
35526,0,5.269380172268198%
35527,0,5.269231851831002%
35528,0,5.269083539743301%
35529,0,5.26893523600439%
35530,0,5.268786940613566%
35531,0,5.268638653570122%
35532,0,5.268490374873354%
35533,0,5.2683421045225565%
35534,0,5.268193842517026%
35535,0,5.268045588856057%
35536,0,5.267897343538946%
35537,0,5.267749106564989%
35538,0,5.2676008779334795%
35539,0,5.267452657643715%
35540,0,5.267304445694991%
35541,0,5.267156242086604%
35542,0,5.267008046817849%
35543,0,5.266859859888022%
35544,0,5.266711681296422%
35545,0,5.2665635110423406%
35546,0,5.266415349125078%
35547,0,5.266267195543928%
35548,0,5.2661190502981885%
35549,0,5.2659709133871555%
35550,0,5.265822784810126%
35551,0,5.265674664566398%
35552,0,5.265526552655266%
35553,0,5.265378449076027%
35554,0,5.26523035382798%
35555,0,5.2650822669104205%
35556,0,5.264934188322646%
35557,0,5.264786118063953%
35558,0,5.2646380561336406%
35559,0,5.264490002531005%
35560,0,5.264341957255343%
35561,0,5.264193920305953%
35562,0,5.264045891682133%
35563,0,5.263897871383179%
35564,0,5.2637498594083905%
35565,0,5.263601855757064%
35566,0,5.263453860428499%
35567,0,5.263305873421992%
35568,0,5.263157894736842%
35569,0,5.263009924372346%
35570,0,5.262861962327804%
35571,0,5.262714008602513%
35572,0,5.262566063195772%
35573,0,5.262418126106879%
35574,0,5.262270197335132%
35575,0,5.262122276879831%
35576,0,5.261974364740275%
35577,0,5.261826460915761%
35578,0,5.261678565405588%
35579,0,5.261530678209056%
35580,0,5.261382799325464%
35581,0,5.26123492875411%
35582,0,5.261087066494295%
35583,0,5.260939212545317%
35584,0,5.260791366906474%
35585,0,5.260643529577069%
35586,0,5.260495700556398%
35587,0,5.2603478798437635%
35588,0,5.260200067438463%
35589,0,5.260052263339796%
35590,0,5.259904467547064%
35591,0,5.259756680059565%
35592,0,5.259608900876602%
35593,0,5.259461129997471%
35594,0,5.259313367421475%
35595,0,5.259165613147914%
35596,0,5.259017867176087%
35597,0,5.258870129505295%
35598,0,5.258722400134839%
35599,0,5.258574679064019%
35600,0,5.258426966292134%
35601,0,5.258279261818489%
35602,0,5.25813156564238%
35603,0,5.25798387776311%
35604,0,5.25783619817998%
35605,0,5.25768852689229%
35606,0,5.257540863899343%
35607,0,5.257393209200438%
35608,0,5.2572455627948775%
35609,0,5.257097924681962%
35610,0,5.256950294860994%
35611,0,5.256802673331274%
35612,0,5.256655060092104%
35613,0,5.256507455142785%
35614,0,5.256359858482619%
35615,0,5.256212270110908%
35616,0,5.256064690026954%
35617,0,5.255917118230059%
35618,0,5.255769554719524%
35619,0,5.255621999494651%
35620,0,5.255474452554744%
35621,0,5.255326913899105%
35622,0,5.255179383527034%
35623,0,5.2550318614378355%
35624,0,5.254884347630811%
35625,0,5.254736842105263%
35626,0,5.254589344860495%
35627,0,5.254441855895809%
35628,0,5.254294375210509%
35629,0,5.254146902803896%
35630,0,5.253999438675273%
35631,0,5.253851982823946%
35632,0,5.253704535249215%
35633,0,5.253557095950383%
35634,0,5.253409664926755%
35635,0,5.253262242177635%
35636,0,5.253114827702324%
35637,0,5.252967421500126%
35638,0,5.252820023570346%
35639,0,5.252672633912288%
35640,0,5.252525252525253%
35641,0,5.252377879408546%
35642,0,5.2522305145614725%
35643,0,5.252083157983335%
35644,0,5.251935809673437%
35645,0,5.251788469631085%
35646,0,5.25164113785558%
35647,0,5.251493814346228%
35648,0,5.251346499102334%
35649,0,5.2511991921232015%
35650,0,5.2510518934081345%
35651,0,5.250904602956439%
35652,0,5.250757320767418%
35653,0,5.250610046840378%
35654,0,5.250462781174623%
35655,0,5.250315523769458%
35656,0,5.250168274624187%
35657,0,5.250021033738116%
35658,0,5.24987380111055%
35659,0,5.249726576740795%
35660,0,5.249579360628155%
35661,0,5.249432152771936%
35662,0,5.249284953171443%
35663,0,5.249137761825982%
35664,0,5.248990578734858%
35665,0,5.248843403897379%
35666,0,5.248696237312847%
35667,0,5.24854907898057%
35668,0,5.248401928899854%
35669,0,5.248254787070004%
35670,0,5.248107653490329%
35671,0,5.247960528160131%
35672,0,5.247813411078718%
35673,0,5.2476663022453955%
35674,0,5.247519201659472%
35675,0,5.247372109320252%
35676,0,5.247225025227043%
35677,0,5.247077949379151%
35678,0,5.246930881775884%
35679,0,5.246783822416547%
35680,0,5.246636771300448%
35681,0,5.246489728426893%
35682,0,5.246342693795191%
35683,0,5.246195667404646%
35684,0,5.2460486492545675%
35685,1,5.248703937228527%
35686,1,5.2513590763885%
35687,1,5.254014066746994%
35688,0,5.2538668459986555%
35689,1,5.256521617305052%
35690,0,5.256374334547492%
35691,0,5.256227060043148%
35692,0,5.256079793791326%
35693,0,5.255932535791332%
35694,0,5.255785286042472%
35695,0,5.255638044544054%
35696,0,5.255490811295383%
35697,0,5.255343586295767%
35698,0,5.255196369544512%
35699,0,5.255049161040926%
35700,0,5.254901960784314%
35701,0,5.254754768773983%
35702,0,5.254607585009243%
35703,0,5.254460409489399%
35704,0,5.254313242213757%
35705,1,5.2569668113709564%
35706,0,5.2568195821430574%
35707,0,5.256672361161677%
35708,0,5.256525148426123%
35709,0,5.256377943935703%
35710,0,5.256230747689723%
35711,0,5.256083559687491%
35712,0,5.255936379928315%
35713,0,5.255789208411503%
35714,0,5.255642045136361%
35715,0,5.255494890102198%
35716,0,5.255347743308321%
35717,0,5.255200604754038%
35718,0,5.255053474438658%
35719,0,5.254906352361488%
35720,0,5.254759238521837%
35721,0,5.254612132919012%
35722,0,5.254465035552321%
35723,0,5.254317946421073%
35724,0,5.254170865524578%
35725,0,5.254023792862141%
35726,0,5.253876728433074%
35727,0,5.253729672236684%
35728,1,5.256381549484998%
35729,0,5.256234431414257%
35730,0,5.256087321578506%
35731,0,5.255940219977051%
35732,0,5.255793126609202%
35733,0,5.255646041474268%
35734,0,5.255498964571557%
35735,0,5.255351895900378%
35736,0,5.25520483546004%
35737,0,5.255057783249853%
35738,0,5.254910739269125%
35739,0,5.254763703517166%
35740,0,5.254616675993285%
35741,0,5.254469656696791%
35742,0,5.254322645626994%
35743,0,5.254175642783202%
35744,0,5.254028648164727%
35745,0,5.253881661770877%
35746,0,5.253734683600962%
35747,0,5.253587713654293%
35748,0,5.253440751930178%
35749,0,5.2532937984279275%
35750,0,5.253146853146854%
35751,0,5.252999916086264%
35752,0,5.252852987245469%
35753,0,5.25270606662378%
35754,0,5.252559154220507%
35755,0,5.25241225003496%
35756,0,5.25226535406645%
35757,0,5.252118466314288%
35758,0,5.251971586777784%
35759,0,5.251824715456248%
35760,0,5.251677852348993%
35761,0,5.251530997455328%
35762,0,5.251384150774565%
35763,1,5.254033498308307%
35764,1,5.256682697684822%
35765,0,5.256535719278625%
35766,0,5.256388749091316%
35767,0,5.256241787122208%
35768,1,5.258890628494743%
35769,0,5.25874360479745%
35770,0,5.25859658932066%
35771,0,5.258449582063683%
35772,0,5.258302583025831%
35773,0,5.258155592206413%
35774,0,5.258008609604741%
35775,0,5.2578616352201255%
35776,0,5.257714669051879%
35777,0,5.25756771109931%
35778,0,5.257420761361731%
35779,0,5.257273819838453%
35780,0,5.257126886528788%
35781,0,5.2569799614320445%
35782,0,5.2568330445475375%
35783,0,5.256686135874578%
35784,0,5.2565392354124745%
35785,1,5.2591868101159704%
35786,1,5.2618342368524%
35787,1,5.264481515634169%
35788,0,5.264334413769979%
35789,0,5.264187320126296%
35790,0,5.26404023470243%
35791,0,5.263893157497694%
35792,0,5.263746088511399%
35793,0,5.263599027742854%
35794,0,5.263451975191373%
35795,0,5.263304930856265%
35796,0,5.263157894736842%
35797,0,5.263010866832416%
35798,0,5.262863847142298%
35799,0,5.262716835665801%
35800,0,5.262569832402235%
35801,0,5.262422837350912%
35802,0,5.262275850511145%
35803,0,5.262128871882245%
35804,0,5.261981901463524%
35805,0,5.261834939254294%
35806,0,5.261687985253868%
35807,0,5.261541039461558%
35808,0,5.261394101876675%
35809,0,5.261247172498534%
35810,0,5.261100251326445%
35811,1,5.263745776437408%
35812,0,5.263598793700436%
35813,0,5.263451819171809%
35814,0,5.26330485285084%
35815,0,5.263157894736842%
35816,0,5.2630109448291265%
35817,0,5.262864003127007%
35818,0,5.262717069629795%
35819,0,5.262570144336805%
35820,0,5.262423227247348%
35821,0,5.262276318360739%
35822,0,5.262129417676288%
35823,0,5.261982525193312%
35824,0,5.261835640911121%
35825,0,5.26168876482903%
35826,0,5.261541896946352%
35827,0,5.2613950372624%
35828,0,5.261248185776488%
35829,0,5.261101342487929%
35830,0,5.260954507396036%
35831,0,5.260807680500125%
35832,0,5.260660861799509%
35833,0,5.2605140512935%
35834,0,5.260367248981415%
35835,0,5.260220454862565%
35836,0,5.260073668936265%
35837,0,5.259926891201831%
35838,0,5.259780121658575%
35839,0,5.259633360305812%
35840,0,5.259486607142857%
35841,0,5.259339862169024%
35842,0,5.259193125383628%
35843,0,5.259046396785983%
35844,0,5.258899676375404%
35845,0,5.258752964151206%
35846,0,5.258606260112705%
35847,0,5.258459564259213%
35848,0,5.258312876590047%
35849,0,5.258166197104522%
35850,0,5.258019525801952%
35851,0,5.257872862681655%
35852,0,5.257726207742943%
35853,0,5.257579560985134%
35854,0,5.257432922407541%
35855,0,5.257286292009482%
35856,0,5.257139669790272%
35857,0,5.256993055749226%
35858,0,5.256846449885661%
35859,0,5.25669985219889%
35860,0,5.256553262688232%
35861,0,5.256406681353002%
35862,0,5.2562601081925155%
35863,0,5.25611354320609%
35864,0,5.25596698639304%
35865,0,5.255820437752683%
35866,0,5.255673897284336%
35867,0,5.255527364987314%
35868,0,5.255380840860935%
35869,0,5.255234324904514%
35870,0,5.255087817117368%
35871,0,5.254941317498815%
35872,0,5.254794826048171%
35873,0,5.254648342764753%
35874,0,5.254501867647879%
35875,0,5.2543554006968645%
35876,0,5.254208941911027%
35877,0,5.254062491289684%
35878,0,5.253916048832154%
35879,0,5.2537696145377515%
35880,0,5.253623188405797%
35881,0,5.253476770435606%
35882,1,5.256117273284655%
35883,1,5.258757628960789%
35884,1,5.261397837476313%
35885,1,5.264037898843528%
35886,0,5.263891211057237%
35887,0,5.263744531445927%
35888,0,5.263597860008916%
35889,0,5.263451196745521%
35890,0,5.263304541655057%
35891,0,5.263157894736842%
35892,0,5.263011255990193%
35893,0,5.2628646254144265%
35894,0,5.262718003008859%
35895,0,5.26257138877281%
35896,0,5.262424782705594%
35897,0,5.26227818480653%
35898,0,5.262131595074934%
35899,0,5.261985013510126%
35900,0,5.261838440111421%
35901,0,5.261691874878137%
35902,0,5.261545317809593%
35903,0,5.261398768905106%
35904,0,5.261252228163993%
35905,0,5.261105695585573%
35906,0,5.260959171169164%
35907,0,5.2608126549140835%
35908,0,5.26066614681965%
35909,0,5.260519646885182%
35910,0,5.260373155109997%
35911,0,5.260226671493414%
35912,0,5.260080196034752%
35913,0,5.259933728733328%
35914,0,5.259787269588461%
35915,0,5.259640818599471%
35916,0,5.259494375765676%
35917,0,5.259347941086394%
35918,0,5.259201514560945%
35919,0,5.259055096188646%
35920,0,5.258908685968819%
35921,0,5.258762283900782%
35922,0,5.2586158899838535%
35923,0,5.258469504217354%
35924,0,5.258323126600601%
35925,0,5.258176757132916%
35926,0,5.258030395813617%
35927,0,5.257884042642024%
35928,0,5.257737697617458%
35929,0,5.257591360739236%
35930,0,5.25744503200668%
35931,0,5.257298711419109%
35932,0,5.257152398975843%
35933,0,5.257006094676203%
35934,0,5.256859798519508%
35935,0,5.256713510505079%
35936,0,5.256567230632235%
35937,0,5.256420958900298%
35938,0,5.256274695308587%
35939,0,5.256128439856424%
35940,0,5.255982192543128%
35941,0,5.2558359533680195%
35942,0,5.2556897223304215%
35943,0,5.255543499429653%
35944,0,5.255397284665034%
35945,0,5.255251078035887%
35946,0,5.255104879541535%
35947,0,5.2549586891812945%
35948,0,5.25481250695449%
35949,0,5.254666332860442%
35950,0,5.2545201668984705%
35951,0,5.254374009067898%
35952,0,5.254227859368046%
35953,0,5.254081717798237%
35954,0,5.253935584357791%
35955,0,5.25378945904603%
35956,0,5.2536433418622766%
35957,0,5.253497232805851%
35958,0,5.253351131876078%
35959,0,5.253205039072277%
35960,0,5.253058954393771%
35961,0,5.252912877839882%
35962,0,5.252766809409932%
35963,0,5.252620749103245%
35964,0,5.252474696919141%
35965,0,5.252328652856944%
35966,0,5.252182616915976%
35967,0,5.25203658909556%
35968,0,5.251890569395018%
35969,0,5.251744557813673%
35970,0,5.251598554350848%
35971,0,5.251452559005866%
35972,0,5.25130657177805%
35973,0,5.251160592666722%
35974,0,5.2510146216712075%
35975,0,5.250868658790827%
35976,0,5.250722704024906%
35977,0,5.250576757372766%
35978,0,5.250430818833732%
35979,0,5.250284888407126%
35980,0,5.2501389660922735%
35981,0,5.249993051888497%
35982,0,5.24984714579512%
35983,0,5.249701247811467%
35984,0,5.249555357936861%
35985,0,5.2494094761706265%
35986,0,5.249263602512088%
35987,0,5.249117736960569%
35988,0,5.248971879515394%
35989,0,5.248826030175887%
35990,0,5.248680188941372%
35991,0,5.248534355811175%
35992,0,5.248388530784618%
35993,0,5.248242713861028%
35994,0,5.248096905039729%
35995,0,5.247951104320045%
35996,0,5.2478053117013%
35997,0,5.247659527182821%
35998,0,5.247513750763931%
35999,0,5.247367982443957%
36000,0,5.247222222222223%
36001,0,5.247076470098053%
36002,0,5.246930726070774%
36003,0,5.246784990139711%
36004,0,5.246639262304188%
36005,0,5.246493542563533%
36006,0,5.2463478309170695%
36007,0,5.246202127364124%
36008,0,5.246056431904021%
36009,0,5.245910744536088%
36010,0,5.24576506525965%
36011,0,5.245619394074033%
36012,0,5.245473730978563%
36013,0,5.245328075972566%
36014,0,5.245182429055367%
36015,0,5.245036790226294%
36016,0,5.244891159484673%
36017,1,5.247522003498347%
36018,0,5.247376311844078%
36019,1,5.250006940781255%
36020,0,5.249861188228762%
36021,0,5.249715443768912%
36022,0,5.249569707401033%
36023,0,5.249423979124448%
36024,0,5.249278258938485%
36025,0,5.24913254684247%
36026,0,5.24898684283573%
36027,0,5.24884114691759%
36028,0,5.248695459087376%
36029,0,5.248549779344417%
36030,0,5.248404107688038%
36031,0,5.248258444117566%
36032,0,5.248112788632326%
36033,0,5.247967141231649%
36034,0,5.247821501914858%
36035,0,5.247675870681282%
36036,0,5.247530247530247%
36037,0,5.247384632461081%
36038,0,5.247239025473112%
36039,0,5.247093426565665%
36040,0,5.2469478357380686%
36041,0,5.24680225298965%
36042,0,5.246656678319738%
36043,0,5.246511111727658%
36044,0,5.2463655532127405%
36045,0,5.24622000277431%
36046,0,5.2460744604116964%
36047,0,5.245928926124227%
36048,0,5.24578339991123%
36049,0,5.245637881772033%
36050,0,5.245492371705964%
36051,0,5.245346869712352%
36052,0,5.245201375790525%
36053,0,5.2450558899398105%
36054,0,5.2449104121595385%
36055,0,5.244764942449036%
36056,0,5.244619480807632%
36057,0,5.244474027234657%
36058,0,5.244328581729436%
36059,0,5.2441831442913%
36060,0,5.244037714919578%
36061,0,5.243892293613599%
36062,0,5.243746880372691%
36063,0,5.243601475196185%
36064,0,5.243456078083407%
36065,0,5.24331068903369%
36066,0,5.243165308046359%
36067,0,5.243019935120747%
36068,0,5.242874570256182%
36069,0,5.242729213451995%
36070,0,5.242583864707513%
36071,0,5.2424385240220674%
36072,0,5.242293191394988%
36073,0,5.242147866825603%
36074,0,5.242002550313245%
36075,0,5.241857241857241%
36076,0,5.241711941456924%
36077,0,5.241566649111622%
36078,0,5.241421364820666%
36079,0,5.241276088583387%
36080,0,5.241130820399113%
36081,0,5.240985560267177%
36082,0,5.2408403081869075%
36083,0,5.240695064157636%
36084,0,5.240549828178694%
36085,0,5.240404600249411%
36086,0,5.240259380369118%
36087,0,5.240114168537147%
36088,0,5.239968964752826%
36089,0,5.239823769015489%
36090,0,5.239678581324466%
36091,0,5.239533401679089%
36092,0,5.239388230078688%
36093,0,5.239243066522595%
36094,0,5.23909791101014%
36095,0,5.238952763540657%
36096,0,5.238807624113475%
36097,0,5.2386624927279275%
36098,0,5.238517369383346%
36099,0,5.23837225407906%
36100,0,5.238227146814404%
36101,0,5.238082047588709%
36102,0,5.237936956401308%
36103,0,5.23779187325153%
36104,0,5.2376467981387105%
36105,0,5.23750173106218%
36106,0,5.237356672021271%
36107,0,5.237211621015316%
36108,0,5.237066578043647%
36109,0,5.2369215431055975%
36110,0,5.236776516200498%
36111,0,5.236631497327684%
36112,0,5.236486486486487%
36113,0,5.236341483676239%
36114,0,5.236196488896272%
36115,0,5.236051502145923%
36116,0,5.235906523424521%
36117,0,5.235761552731401%
36118,0,5.235616590065895%
36119,0,5.235471635427338%
36120,0,5.235326688815061%
36121,0,5.235181750228398%
36122,0,5.235036819666685%
36123,0,5.234891897129253%
36124,0,5.234746982615436%
36125,0,5.234602076124568%
36126,0,5.234457177655981%
36127,0,5.234312287209013%
36128,0,5.234167404782994%
36129,0,5.23402253037726%
36130,0,5.2338776639911435%
36131,0,5.233732805623979%
36132,0,5.233587955275103%
36133,0,5.233443112943846%
36134,0,5.233298278629546%
36135,0,5.233153452331535%
36136,0,5.233008634049148%
36137,0,5.232863823781719%
36138,0,5.232719021528585%
36139,0,5.232574227289078%
36140,0,5.232429441062535%
36141,0,5.232284662848288%
36142,0,5.232139892645676%
36143,0,5.23199513045403%
36144,0,5.231850376272687%
36145,0,5.231705630100982%
36146,0,5.23156089193825%
36147,0,5.2314161617838275%
36148,0,5.231271439637047%
36149,0,5.231126725497248%
36150,0,5.230982019363762%
36151,0,5.230837321235928%
36152,0,5.230692631113079%
36153,0,5.230547948994551%
36154,0,5.230403274879682%
36155,0,5.230258608767805%
36156,0,5.230113950658258%
36157,0,5.229969300550377%
36158,0,5.229824658443498%
36159,0,5.229680024336957%
36160,0,5.229535398230088%
36161,0,5.229390780122231%
36162,0,5.22924617001272%
36163,0,5.2291015679008925%
36164,0,5.228956973786086%
36165,0,5.2288123876676345%
36166,0,5.228667809544876%
36167,0,5.228523239417148%
36168,0,5.228378677283787%
36169,0,5.228234123144129%
36170,0,5.228089576997512%
36171,0,5.227945038843272%
36172,0,5.2278005086807475%
36173,0,5.227655986509275%
36174,0,5.2275114723281915%
36175,0,5.227366966136835%
36176,0,5.227222467934542%
36177,0,5.227077977720651%
36178,0,5.2269334954944995%
36179,0,5.226789021255424%
36180,0,5.226644555002764%
36181,0,5.226500096735856%
36182,0,5.226355646454038%
36183,0,5.226211204156648%
36184,0,5.226066769843025%
36185,0,5.225922343512505%
36186,0,5.225777925164428%
36187,0,5.225633514798132%
36188,0,5.225489112412954%
36189,0,5.225344718008235%
36190,0,5.22520033158331%
36191,0,5.22505595313752%
36192,0,5.224911582670203%
36193,0,5.224767220180698%
36194,0,5.224622865668342%
36195,0,5.224478519132477%
36196,0,5.224334180572439%
36197,0,5.224189849987567%
36198,0,5.2240455273772035%
36199,0,5.223901212740683%
36200,0,5.223756906077348%
36201,0,5.223612607386537%
36202,0,5.223468316667587%
36203,0,5.223324033919841%
36204,0,5.223179759142636%
36205,0,5.223035492335313%
36206,0,5.22289123349721%
36207,0,5.222746982627669%
36208,0,5.222602739726027%
36209,0,5.222458504791627%
36210,0,5.222314277823806%
36211,0,5.222170058821905%
36212,0,5.222025847785265%
36213,0,5.221881644713224%
36214,0,5.221737449605126%
36215,0,5.221593262460306%
36216,0,5.221449083278109%
36217,0,5.221304912057874%
36218,0,5.2211607487989395%
36219,0,5.221016593500649%
36220,0,5.220872446162341%
36221,0,5.220728306783358%
36222,0,5.220584175363039%
36223,0,5.2204400519007255%
36224,0,5.22029593639576%
36225,0,5.220151828847481%
36226,0,5.220007729255231%
36227,0,5.219863637618351%
36228,0,5.219719553936182%
36229,0,5.219575478208065%
36230,0,5.219431410433343%
36231,0,5.219287350611355%
36232,0,5.219143298741444%
36233,0,5.218999254822951%
36234,0,5.218855218855219%
36235,0,5.218711190837588%
36236,0,5.218567170769401%
36237,1,5.221182768993018%
36238,1,5.2237982228599815%
36239,1,5.2264135323822405%
36240,0,5.226269315673289%
36241,1,5.228884412681769%
36242,1,5.231499365377187%
36243,1,5.234114173771487%
36244,0,5.2339697605120845%
36245,0,5.233825355221409%
36246,0,5.233680957898803%
36247,0,5.233536568543603%
36248,0,5.233392187155153%
36249,0,5.233247813732793%
36250,0,5.2331034482758625%
36251,0,5.2329590907837025%
36252,0,5.232814741255655%
36253,0,5.2326703996910595%
36254,0,5.2325260660892585%
36255,0,5.232381740449593%
36256,0,5.232237422771403%
36257,0,5.232093113054031%
36258,0,5.231948811296817%
36259,0,5.2318045174991035%
36260,0,5.231660231660232%
36261,0,5.231515953779542%
36262,0,5.231371683856379%
36263,0,5.231227421890081%
36264,0,5.231083167879992%
36265,0,5.230938921825452%
36266,0,5.2307946837258035%
36267,0,5.23065045358039%
36268,0,5.230506231388552%
36269,0,5.230362017149632%
36270,0,5.230217810862972%
36271,0,5.230073612527915%
36272,0,5.229929422143802%
36273,0,5.229785239709977%
36274,0,5.229641065225782%
36275,0,5.229496898690559%
36276,0,5.22935274010365%
36277,0,5.229208589464399%
36278,0,5.229064446772148%
36279,0,5.228920312026241%
36280,0,5.228776185226019%
36281,0,5.228632066370828%
36282,0,5.228487955460008%
36283,0,5.228343852492904%
36284,0,5.2281997574688575%
36285,0,5.228055670387213%
36286,0,5.227911591247313%
36287,0,5.227767520048502%
36288,0,5.227623456790123%
36289,0,5.22747940147152%
36290,0,5.227335354092037%
36291,0,5.227191314651016%
36292,0,5.227047283147801%
36293,0,5.2269032595817375%
36294,0,5.226759243952168%
36295,0,5.2266152362584375%
36296,0,5.22647123649989%
36297,0,5.226327244675868%
36298,0,5.226183260785718%
36299,0,5.226039284828783%
36300,0,5.225895316804408%
36301,0,5.225751356711936%
36302,0,5.225607404550713%
36303,0,5.225463460320084%
36304,0,5.225319524019391%
36305,0,5.225175595647983%
36306,0,5.225031675205201%
36307,0,5.224887762690391%
36308,0,5.224743858102897%
36309,0,5.224599961442067%
36310,0,5.224456072707243%
36311,0,5.224312191897772%
36312,0,5.224168319012999%
36313,0,5.224024454052268%
36314,0,5.223880597014925%
36315,0,5.2237367479003165%
36316,0,5.223592906707787%
36317,0,5.223449073436683%
36318,0,5.223305248086349%
36319,0,5.2231614306561305%
36320,0,5.223017621145375%
36321,0,5.222873819553427%
36322,0,5.222730025879632%
36323,0,5.222586240123338%
36324,0,5.222442462283889%
36325,0,5.222298692360633%
36326,0,5.222154930352915%
36327,0,5.222011176260082%
36328,0,5.221867430081479%
36329,0,5.221723691816456%
36330,0,5.2215799614643545%
36331,0,5.221436239024524%
36332,0,5.221292524496312%
36333,0,5.221148817879063%
36334,0,5.221005119172125%
36335,0,5.220861428374845%
36336,0,5.22071774548657%
36337,0,5.220574070506647%
36338,0,5.220430403434421%
36339,0,5.220286744269242%
36340,0,5.220143093010457%
36341,0,5.219999449657411%
36342,0,5.219855814209454%
36343,0,5.219712186665933%
36344,0,5.219568567026194%
36345,0,5.219424955289586%
36346,0,5.2192813514554555%
36347,0,5.2191377555231515%
36348,0,5.2189941674920215%
36349,0,5.218850587361413%
36350,0,5.218707015130674%
36351,0,5.218563450799152%
36352,0,5.218419894366197%
36353,0,5.218276345831155%
36354,0,5.218132805193376%
36355,0,5.217989272452208%
36356,0,5.217845747606997%
36357,0,5.217702230657095%
36358,0,5.217558721601848%
36359,0,5.217415220440606%
36360,0,5.217271727172718%
36361,0,5.21712824179753%
36362,0,5.216984764314394%
36363,0,5.216841294722658%
36364,0,5.216697833021669%
36365,0,5.21655437921078%
36366,0,5.216410933289336%
36367,0,5.216267495256688%
36368,0,5.2161240651121865%
36369,0,5.215980642855179%
36370,0,5.215837228485015%
36371,0,5.215693822001045%
36372,0,5.215550423402617%
36373,0,5.2154070326890825%
36374,0,5.21526364985979%
36375,0,5.2151202749140895%
36376,0,5.21497690785133%
36377,0,5.214833548670864%
36378,0,5.214690197372038%
36379,0,5.214546853954205%
36380,0,5.214403518416712%
36381,0,5.214260190758912%
36382,0,5.214116870980155%
36383,0,5.213973559079791%
36384,0,5.213830255057168%
36385,0,5.21368695891164%
36386,0,5.213543670642555%
36387,0,5.213400390249265%
36388,0,5.21325711773112%
36389,0,5.213113853087472%
36390,0,5.212970596317669%
36391,0,5.212827347421066%
36392,0,5.21268410639701%
36393,0,5.212540873244855%
36394,0,5.21239764796395%
36395,0,5.212254430553648%
36396,0,5.2121112210132985%
36397,0,5.211968019342254%
36398,0,5.211824825539865%
36399,0,5.211681639605484%
36400,0,5.211538461538461%
36401,0,5.21139529133815%
36402,0,5.211252129003901%
36403,0,5.211108974535065%
36404,0,5.2109658279309965%
36405,0,5.210822689191045%
36406,0,5.210679558314563%
36407,0,5.210536435300904%
36408,0,5.210393320149418%
36409,0,5.210250212859458%
36410,0,5.210107113430376%
36411,0,5.209964021861525%
36412,0,5.209820938152258%
36413,0,5.209677862301925%
36414,0,5.209534794309881%
36415,0,5.209391734175477%
36416,0,5.209248681898067%
36417,0,5.209105637477003%
36418,0,5.208962600911637%
36419,0,5.208819572201324%
36420,0,5.208676551345414%
36421,0,5.208533538343263%
36422,0,5.208390533194223%
36423,0,5.208247535897647%
36424,0,5.208104546452888%
36425,0,5.2079615648593%
36426,0,5.207818591116236%
36427,0,5.2076756252230485%
36428,0,5.207532667179093%
36429,0,5.207389716983721%
36430,0,5.207246774636289%
36431,0,5.207103840136148%
36432,0,5.206960913482653%
36433,0,5.206817994675157%
36434,0,5.206675083713015%
36435,0,5.206532180595581%
36436,0,5.206389285322209%
36437,0,5.206246397892253%
36438,0,5.206103518305066%
36439,0,5.205960646560005%
36440,0,5.205817782656422%
36441,0,5.205674926593671%
36442,0,5.20553207837111%
36443,0,5.205389237988091%
36444,0,5.205246405443969%
36445,0,5.205103580738099%
36446,0,5.204960763869835%
36447,0,5.204817954838532%
36448,0,5.204675153643547%
36449,0,5.204532360284233%
36450,0,5.204389574759945%
36451,0,5.204246797070039%
36452,0,5.20410402721387%
36453,0,5.203961265190793%
36454,0,5.203818511000165%
36455,0,5.203675764641338%
36456,0,5.203533026113671%
36457,0,5.2033902954165185%
36458,0,5.203247572549235%
36459,0,5.2031048575111765%
36460,0,5.202962150301701%
36461,0,5.2028194509201615%
36462,0,5.202676759365915%
36463,0,5.202534075638318%
36464,0,5.202391399736726%
36465,0,5.202248731660497%
36466,0,5.202106071408983%
36467,0,5.201963418981545%
36468,0,5.201820774377537%
36469,0,5.201678137596315%
36470,0,5.201535508637236%
36471,0,5.201392887499657%
36472,0,5.201250274182935%
36473,0,5.201107668686426%
36474,0,5.200965071009486%
36475,0,5.200822481151474%
36476,0,5.200679899111744%
36477,0,5.200537324889656%
36478,0,5.200394758484566%
36479,0,5.20025219989583%
36480,0,5.2001096491228065%
36481,0,5.199967106164853%
36482,0,5.199824571021326%
36483,0,5.199682043691582%
36484,0,5.19953952417498%
36485,0,5.199397012470879%
36486,0,5.199254508578633%
36487,0,5.199112012497602%
36488,0,5.198969524227143%
36489,0,5.198827043766614%
36490,0,5.198684571115375%
36491,0,5.19854210627278%
36492,0,5.198399649238189%
36493,0,5.1982572000109615%
36494,0,5.198114758590453%
36495,0,5.197972324976024%
36496,0,5.197829899167032%
36497,0,5.197687481162835%
36498,0,5.197545070962793%
36499,0,5.197402668566262%
36500,0,5.197260273972603%
36501,0,5.197117887181173%
36502,0,5.196975508191333%
36503,0,5.196833137002438%
36504,0,5.196690773613851%
36505,0,5.196548418024928%
36506,0,5.19640607023503%
36507,0,5.1962637302435155%
36508,0,5.196121398049742%
36509,0,5.1959790736530715%
36510,0,5.195836757052862%
36511,0,5.1956944482484735%
36512,0,5.195552147239264%
36513,0,5.195409854024594%
36514,0,5.195267568603823%
36515,0,5.195125290976311%
36516,0,5.194983021141417%
36517,0,5.194840759098502%
36518,0,5.194698504846925%
36519,0,5.194556258386045%
36520,0,5.194414019715224%
36521,0,5.194271788833822%
36522,0,5.194129565741197%
36523,0,5.193987350436711%
36524,0,5.193845142919724%
36525,0,5.193702943189596%
36526,0,5.193560751245688%
36527,0,5.19341856708736%
36528,0,5.193276390713973%
36529,0,5.193134222124887%
36530,0,5.192992061319464%
36531,0,5.192849908297062%
36532,0,5.1927077630570455%
36533,0,5.192565625598774%
36534,0,5.192423495921608%
36535,0,5.192281374024907%
36536,0,5.192139259908036%
36537,0,5.1919971535703535%
36538,0,5.191855055011222%
36539,0,5.1917129642300015%
36540,0,5.1915708812260535%
36541,0,5.191428805998742%
36542,0,5.191286738547425%
36543,0,5.191144678871466%
36544,0,5.191002626970228%
36545,0,5.1908605828430705%
36546,0,5.1907185464893555%
36547,0,5.190576517908447%
36548,0,5.190434497099704%
36549,0,5.190292484062491%
36550,0,5.19015047879617%
36551,0,5.190008481300101%
36552,0,5.189866491573649%
36553,0,5.189724509616174%
36554,0,5.189582535427039%
36555,0,5.189440569005608%
36556,1,5.19203413940256%
36557,1,5.194627567907651%
36558,0,5.1944854751354015%
36559,0,5.194343390136492%
36560,0,5.194201312910284%
36561,0,5.194059243456142%
36562,0,5.193917181773426%
36563,0,5.1937751278615%
36564,0,5.1936330817197245%
36565,0,5.193491043347463%
36566,0,5.193349012744079%
36567,0,5.193206989908934%
36568,0,5.193064974841391%
36569,0,5.192922967540813%
36570,0,5.192780968006563%
36571,0,5.192638976238003%
36572,0,5.192496992234497%
36573,0,5.192355015995406%
36574,0,5.192213047520097%
36575,0,5.192071086807929%
36576,0,5.191929133858268%
36577,0,5.191787188670476%
36578,0,5.191645251243917%
36579,0,5.1915033215779545%
36580,0,5.191361399671952%
36581,0,5.191219485525273%
36582,0,5.19107757913728%
36583,0,5.190935680507339%
36584,0,5.190793789634813%
36585,0,5.190651906519065%
36586,0,5.19051003115946%
36587,0,5.190368163555361%
36588,0,5.190226303706133%
36589,0,5.19008445161114%
36590,0,5.189942607269746%
36591,0,5.189800770681315%
36592,0,5.189658941845212%
36593,0,5.189517120760801%
36594,0,5.189375307427447%
36595,0,5.189233501844514%
36596,0,5.189091704011367%
36597,0,5.188949913927371%
36598,0,5.18880813159189%
36599,0,5.18866635700429%
36600,0,5.188524590163935%
36601,0,5.188382831070189%
36602,0,5.188241079722419%
36603,0,5.188099336119991%
36604,0,5.1879576002622665%
36605,0,5.187815872148613%
36606,0,5.187674151778397%
36607,0,5.187532439150981%
36608,0,5.187390734265734%
36609,0,5.18724903712202%
36610,0,5.187107347719203%
36611,0,5.18696566605665%
36612,0,5.186823992133727%
36613,0,5.186682325949799%
36614,1,5.189271863221719%
36615,1,5.1918612590468385%
36616,1,5.194450513436749%
36617,0,5.1943086544501185%
36618,1,5.196897700584413%
36619,1,5.199486605314181%
36620,1,5.20207536865101%
36621,1,5.204663990606482%
36622,0,5.204521872098739%
36623,0,5.204379761352156%
36624,0,5.2042376583660985%
36625,0,5.204095563139932%
36626,0,5.2039534756730195%
36627,0,5.203811395964726%
36628,0,5.203669324014415%
36629,0,5.203527259821453%
36630,0,5.203385203385203%
36631,0,5.2032431547050315%
36632,0,5.203101113780302%
36633,0,5.202959080610379%
36634,0,5.202817055194628%
36635,0,5.202675037532415%
36636,0,5.202533027623104%
36637,0,5.202391025466059%
36638,0,5.2022490310606475%
36639,0,5.202107044406234%
36640,0,5.201965065502184%
36641,0,5.201823094347862%
36642,0,5.201681130942634%
36643,0,5.201539175285866%
36644,0,5.2013972273769244%
36645,0,5.201255287215173%
36646,0,5.201113354799978%
36647,0,5.200971430130707%
36648,0,5.200829513206724%
36649,0,5.2006876040273955%
36650,0,5.200545702592088%
36651,0,5.200403808900166%
36652,0,5.2002619229509985%
36653,0,5.20012004474395%
36654,0,5.199978174278387%
36655,0,5.199836311553676%
36656,0,5.199694456569183%
36657,0,5.199552609324276%
36658,0,5.199410769818321%
36659,0,5.199268938050683%
36660,0,5.199127114020731%
36661,0,5.198985297727831%
36662,0,5.198843489171349%
36663,0,5.198701688350654%
36664,0,5.19855989526511%
36665,0,5.198418109914087%
36666,0,5.198276332296951%
36667,0,5.198134562413069%
36668,0,5.197992800261809%
36669,0,5.197851045842537%
36670,0,5.1977092991546225%
36671,0,5.197567560197431%
36672,0,5.197425828970332%
36673,0,5.197284105472691%
36674,0,5.1971423897038775%
36675,0,5.197000681663258%
36676,0,5.196858981350202%
36677,0,5.196717288764076%
36678,0,5.196575603904248%
36679,0,5.196433926770086%
36680,0,5.19629225736096%
36681,0,5.196150595676236%
36682,0,5.196008941715283%
36683,0,5.19586729547747%
36684,0,5.195725656962163%
36685,0,5.195584026168734%
36686,0,5.195442403096549%
36687,0,5.195300787744977%
36688,0,5.1951591801133885%
36689,0,5.19501758020115%
36690,0,5.194875988007632%
36691,0,5.194734403532202%
36692,0,5.194592826774229%
36693,0,5.194451257733083%
36694,0,5.194309696408133%
36695,0,5.1941681427987465%
36696,0,5.194026596904295%
36697,0,5.193885058724146%
36698,0,5.193743528257671%
36699,0,5.193602005504237%
36700,0,5.193460490463215%
36701,0,5.193318983133975%
36702,0,5.193177483515885%
36703,0,5.1930359916083155%
36704,0,5.192894507410636%
36705,0,5.192753030922217%
36706,0,5.192611562142429%
36707,0,5.192470101070641%
36708,0,5.192328647706222%
36709,0,5.192187202048544%
36710,0,5.192045764096976%
36711,0,5.191904333850889%
36712,0,5.191762911309653%
36713,0,5.1916214964726395%
36714,0,5.191480089339217%
36715,0,5.191338689908757%
36716,0,5.191197298180629%
36717,0,5.191055914154206%
36718,0,5.190914537828858%
36719,0,5.190773169203954%
36720,0,5.190631808278868%
36721,0,5.190490455052967%
36722,0,5.190349109525625%
36723,0,5.190207771696212%
36724,0,5.1900664415641%
36725,0,5.1899251191286595%
36726,0,5.189783804389261%
36727,0,5.189642497345277%
36728,0,5.189501197996079%
36729,0,5.189359906341038%
36730,0,5.189218622379526%
36731,0,5.189077346110914%
36732,0,5.188936077534575%
36733,0,5.188794816649879%
36734,0,5.1886535634561985%
36735,0,5.188512317952906%
36736,0,5.1883710801393725%
36737,0,5.188229850014971%
36738,0,5.188088627579073%
36739,0,5.187947412831051%
36740,0,5.187806205770277%
36741,0,5.1876650063961245%
36742,0,5.187523814707964%
36743,0,5.1873826307051685%
36744,0,5.18724145438711%
36745,0,5.187100285753163%
36746,0,5.1869591248027%
36747,0,5.186817971535091%
36748,0,5.186676825949712%
36749,0,5.186535688045933%
36750,0,5.186394557823129%
36751,0,5.186253435280673%
36752,0,5.186112320417936%
36753,0,5.185971213234294%
36754,0,5.185830113729118%
36755,0,5.185689021901782%
36756,0,5.18554793775166%
36757,0,5.185406861278124%
36758,0,5.185265792480549%
36759,0,5.185124731358306%
36760,0,5.184983677910773%
36761,0,5.184842632137319%
36762,0,5.184701594037321%
36763,0,5.184560563610152%
36764,0,5.184419540855184%
36765,0,5.184278525771794%
36766,0,5.184137518359353%
36767,0,5.1839965186172385%
36768,0,5.183855526544821%
36769,0,5.183714542141478%
36770,0,5.183573565406582%
36771,0,5.1834325963395065%
36772,0,5.1832916349396285%
36773,0,5.18315068120632%
36774,0,5.183009735138957%
36775,0,5.182868796736914%
36776,0,5.182727865999564%
36777,0,5.182586942926285%
36778,0,5.18244602751645%
36779,0,5.182305119769434%
36780,0,5.182164219684611%
36781,0,5.182023327261358%
36782,0,5.181882442499049%
36783,0,5.181741565397059%
36784,0,5.181600695954763%
36785,0,5.181459834171537%
36786,0,5.181318980046757%
36787,0,5.181178133579797%
36788,0,5.181037294770033%
36789,0,5.180896463616842%
36790,0,5.180755640119598%
36791,0,5.180614824277677%
36792,0,5.1804740160904545%
36793,0,5.180333215557307%
36794,0,5.18019242267761%
36795,0,5.180051637450741%
36796,0,5.179910859876073%
36797,0,5.179770089952986%
36798,0,5.1796293276808525%
36799,0,5.17948857305905%
36800,0,5.179347826086957%
36801,0,5.179207086763947%
36802,0,5.179066355089397%
36803,0,5.178925631062685%
36804,0,5.178784914683186%
36805,0,5.178644205950278%
36806,0,5.178503504863338%
36807,0,5.17836281142174%
36808,0,5.178222125624864%
36809,0,5.178081447472086%
36810,0,5.177940776962782%
36811,0,5.17780011409633%
36812,0,5.177659458872107%
36813,0,5.17751881128949%
36814,0,5.177378171347857%
36815,0,5.177237539046584%
36816,0,5.17709691438505%
36817,0,5.176956297362632%
36818,0,5.1768156879787055%
36819,0,5.176675086232652%
36820,0,5.176534492123846%
36821,0,5.176393905651667%
36822,0,5.176253326815491%
36823,0,5.176112755614697%
36824,0,5.175972192048664%
36825,0,5.175831636116769%
36826,0,5.175691087818389%
36827,0,5.175550547152904%
36828,0,5.1754100141196915%
36829,0,5.175269488718129%
36830,0,5.175128970947597%
36831,0,5.174988460807472%
36832,0,5.174847958297133%
36833,0,5.174707463415959%
36834,0,5.1745669761633275%
36835,0,5.174426496538618%
36836,0,5.1742860245412094%
36837,0,5.174145560170481%
36838,0,5.17400510342581%
36839,0,5.173864654306577%
36840,0,5.173724212812161%
36841,0,5.17358377894194%
36842,0,5.173443352695293%
36843,0,5.173302934071601%
36844,0,5.173162523070242%
36845,0,5.173022119690596%
36846,0,5.172881723932042%
36847,0,5.172741335793959%
36848,0,5.172600955275727%
36849,0,5.172460582376727%
36850,0,5.1723202170963365%
36851,0,5.172179859433937%
36852,0,5.172039509388907%
36853,0,5.171899166960627%
36854,0,5.171758832148478%
36855,0,5.171618504951838%
36856,0,5.171478185370089%
36857,0,5.17133787340261%
36858,0,5.171197569048782%
36859,0,5.171057272307984%
36860,0,5.170916983179598%
36861,0,5.170776701663004%
36862,0,5.170636427757582%
36863,0,5.170496161462713%
36864,0,5.170355902777778%
36865,0,5.170215651702156%
36866,0,5.17007540823523%
36867,0,5.16993517237638%
36868,0,5.169794944124987%
36869,0,5.169654723480431%
36870,0,5.169514510442093%
36871,0,5.169374305009357%
36872,0,5.169234107181602%
36873,0,5.169093916958207%
36874,0,5.168953734338558%
36875,0,5.168813559322034%
36876,0,5.1686733919080154%
36877,0,5.1685332320958866%
36878,0,5.168393079885026%
36879,0,5.168252935274817%
36880,0,5.168112798264643%
36881,0,5.167972668853881%
36882,0,5.167832547041917%
36883,0,5.167692432828132%
36884,0,5.167552326211908%
36885,0,5.167412227192625%
36886,0,5.167272135769669%
36887,0,5.167132051942418%
36888,0,5.166991975710259%
36889,0,5.166851907072569%
36890,0,5.1667118460287345%
36891,0,5.166571792578136%
36892,0,5.166431746720156%
36893,0,5.166291708454178%
36894,0,5.166151677779585%
36895,0,5.166011654695758%
36896,0,5.165871639202082%
36897,0,5.1657316312979376%
36898,0,5.165591630982709%
36899,0,5.16545163825578%
36900,0,5.1653116531165315%
36901,0,5.1651716755643475%
36902,0,5.165031705598612%
36903,0,5.164891743218709%
36904,0,5.164751788424019%
36905,0,5.164611841213928%
36906,0,5.1644719015878175%
36907,0,5.1643319695450725%
36908,0,5.164192045085077%
36909,0,5.164052128207213%
36910,0,5.163912218910864%
36911,0,5.163772317195416%
36912,0,5.1636324230602515%
36913,0,5.163492536504755%
36914,0,5.163352657528309%
36915,0,5.163212786130299%
36916,0,5.16307292231011%
36917,0,5.162933066067123%
36918,0,5.1627932174007265%
36919,0,5.162653376310301%
36920,0,5.162513542795233%
36921,0,5.162373716854907%
36922,0,5.162233898488706%
36923,0,5.162094087696016%
36924,0,5.161954284476222%
36925,0,5.161814488828707%
36926,0,5.161674700752857%
36927,0,5.161534920248057%
36928,0,5.161395147313692%
36929,0,5.161255381949146%
36930,0,5.161115624153805%
36931,0,5.160975873927053%
36932,0,5.160836131268277%
36933,0,5.160696396176861%
36934,0,5.160556668652191%
36935,0,5.160416948693651%
36936,0,5.160277236300629%
36937,0,5.160137531472507%
36938,0,5.159997834208674%
36939,0,5.159858144508514%
36940,0,5.159718462371413%
36941,0,5.159578787796757%
36942,0,5.159439120783932%
36943,0,5.159299461332322%
36944,0,5.1591598094413165%
36945,0,5.1590201651103%
36946,0,5.158880528338656%
36947,0,5.1587408991257755%
36948,0,5.15860127747104%
36949,0,5.158461663373839%
36950,0,5.158322056833558%
36951,0,5.158182457849585%
36952,0,5.158042866421304%
36953,0,5.1579032825481015%
36954,0,5.157763706229367%
36955,0,5.157624137464484%
36956,0,5.157484576252841%
36957,0,5.157345022593826%
36958,0,5.157205476486823%
36959,0,5.157065937931221%
36960,0,5.156926406926407%
36961,0,5.156786883471767%
36962,0,5.1566473675666895%
36963,0,5.156507859210562%
36964,0,5.15636835840277%
36965,0,5.156228865142703%
36966,0,5.156089379429747%
36967,0,5.155949901263289%
36968,0,5.155810430642719%
36969,0,5.155670967567421%
36970,0,5.155531512036786%
36971,0,5.155392064050202%
36972,0,5.155252623607054%
36973,0,5.155113190706731%
36974,0,5.154973765348624%
36975,0,5.154834347532116%
36976,0,5.154694937256599%
36977,0,5.154555534521459%
36978,0,5.154416139326086%
36979,0,5.154276751669866%
36980,0,5.15413737155219%
36981,0,5.153997998972446%
36982,0,5.15385863393002%
36983,0,5.153719276424304%
36984,0,5.153579926454683%
36985,0,5.153440584020549%
36986,0,5.15330124912129%
36987,0,5.1531619217562925%
36988,0,5.153022601924949%
36989,0,5.152883289626646%
36990,0,5.1527439848607735%
36991,0,5.15260468762672%
36992,0,5.1524653979238755%
36993,0,5.152326115751628%
36994,0,5.152186841109369%
36995,0,5.152047573996486%
36996,0,5.15190831441237%
36997,0,5.151769062356407%
36998,0,5.151629817827991%
36999,0,5.151490580826509%
37000,0,5.151351351351352%
37001,0,5.151212129401908%
37002,0,5.151072914977569%
37003,0,5.150933708077724%
37004,0,5.150794508701762%
37005,0,5.1506553168490745%
37006,0,5.1505161325190505%
37007,0,5.1503769557110815%
37008,0,5.150237786424556%
37009,0,5.150098624658867%
37010,0,5.1499594704134015%
37011,0,5.149820323687552%
37012,0,5.149681184480709%
37013,0,5.149542052792262%
37014,0,5.149402928621603%
37015,0,5.149263811968121%
37016,0,5.149124702831208%
37017,0,5.148985601210255%
37018,0,5.148846507104652%
37019,0,5.14870742051379%
37020,0,5.148568341437061%
37021,0,5.148429269873855%
37022,0,5.148290205823565%
37023,0,5.148151149285579%
37024,0,5.148012100259292%
37025,0,5.147873058744092%
37026,0,5.147734024739372%
37027,0,5.147594998244524%
37028,0,5.14745597925894%
37029,0,5.147316967782008%
37030,0,5.1471779638131245%
37031,0,5.147038967351678%
37032,0,5.1468999783970615%
37033,0,5.146760996948667%
37034,0,5.146622023005887%
37035,0,5.146483056568111%
37036,0,5.146344097634733%
37037,0,5.146205146205146%
37038,0,5.146066202278741%
37039,0,5.14592726585491%
37040,0,5.1457883369330455%
37041,0,5.1456494155125405%
37042,0,5.145510501592787%
37043,0,5.145371595173177%
37044,0,5.145232696253105%
37045,0,5.145093804831961%
37046,0,5.14495492090914%
37047,0,5.144816044484034%
37048,0,5.144677175556035%
37049,0,5.144538314124538%
37050,0,5.144399460188934%
37051,0,5.144260613748617%
37052,0,5.144121774802979%
37053,0,5.143982943351415%
37054,0,5.143844119393318%
37055,0,5.14370530292808%
37056,0,5.143566493955095%
37057,0,5.1434276924737565%
37058,0,5.143288898483458%
37059,0,5.143150111983593%
37060,0,5.143011332973557%
37061,0,5.14287256145274%
37062,0,5.142733797420538%
37063,0,5.142595040876346%
37064,0,5.142456291819555%
37065,1,5.145015513287468%
37066,1,5.147574596665408%
37067,1,5.150133541964551%
37068,0,5.1499946045106295%
37069,0,5.149855674552861%
37070,0,5.149716752090639%
37071,0,5.149577837123358%
37072,0,5.14943892965041%
37073,1,5.15199741051439%
37074,1,5.1545557533581485%
37075,0,5.15441672285907%
37076,1,5.1569748624447085%
37077,1,5.159532864039701%
37078,1,5.1620907276552135%
37079,0,5.16195150894037%
37080,1,5.164509169363538%
37081,0,5.164369892937084%
37082,0,5.164230624022437%
37083,0,5.16409136261899%
37084,0,5.163952108726135%
37085,0,5.163812862343266%
37086,0,5.163673623469773%
37087,0,5.16353439210505%
37088,0,5.16339516824849%
37089,0,5.163255951899485%
37090,0,5.163116743057428%
37091,0,5.162977541721712%
37092,0,5.162838347891729%
37093,0,5.162699161566872%
37094,0,5.1625599827465365%
37095,0,5.162420811430112%
37096,0,5.162281647616994%
37097,0,5.162142491306574%
37098,0,5.162003342498248%
37099,0,5.161864201191406%
37100,0,5.1617250673854445%
37101,0,5.161585941079756%
37102,0,5.1614468222737315%
37103,0,5.161307710966769%
37104,0,5.161168607158258%
37105,0,5.1610295108475945%
37106,0,5.160890422034172%
37107,0,5.160751340717385%
37108,0,5.160612266896626%
37109,0,5.16047320057129%
37110,0,5.160334141740771%
37111,0,5.1601950904044624%
37112,0,5.160056046561759%
37113,0,5.159917010212054%
37114,0,5.159777981354745%
37115,0,5.1596389599892225%
37116,0,5.159499946114883%
37117,0,5.15936093973112%
37118,0,5.159221940837329%
37119,0,5.1590829494329045%
37120,0,5.158943965517242%
37121,0,5.158804989089734%
37122,0,5.158666020149776%
37123,0,5.158527058696765%
37124,0,5.1583881047300935%
37125,0,5.158249158249158%
37126,0,5.158110219253354%
37127,0,5.1579712877420745%
37128,0,5.157832363714716%
37129,0,5.157693447170676%
37130,0,5.157554538109346%
37131,0,5.157415636530123%
37132,0,5.157276742432403%
37133,0,5.1571378558155825%
37134,0,5.156998976679055%
37135,0,5.156860105022217%
37136,0,5.156721240844464%
37137,0,5.156582384145192%
37138,0,5.156443534923798%
37139,0,5.156304693179677%
37140,0,5.156165858912224%
37141,0,5.1560270321208375%
37142,0,5.155888212804911%
37143,0,5.155749400963843%
37144,0,5.155610596597028%
37145,0,5.1554717997038635%
37146,0,5.155333010283745%
37147,0,5.15519422833607%
37148,0,5.155055453860235%
37149,0,5.1549166868556355%
37150,0,5.1547779273216685%
37151,0,5.154639175257731%
37152,0,5.154500430663221%
37153,0,5.154361693537534%
37154,0,5.154222963880066%
37155,0,5.154084241690217%
37156,0,5.153945526967381%
37157,0,5.153806819710956%
37158,0,5.15366811992034%
37159,0,5.15352942759493%
37160,0,5.153390742734123%
37161,0,5.153252065337316%
37162,0,5.153113395403907%
37163,0,5.152974732933294%
37164,0,5.152836077924873%
37165,0,5.152697430378044%
37166,0,5.152558790292202%
37167,0,5.152420157666747%
37168,0,5.1522815325010765%
37169,0,5.152142914794587%
37170,0,5.1520043045466775%
37171,0,5.151865701756746%
37172,0,5.15172710642419%
37173,0,5.151588518548409%
37174,0,5.1514499381288%
37175,0,5.151311365164761%
37176,0,5.151172799655692%
37177,0,5.15103424160099%
37178,0,5.150895691000054%
37179,0,5.150757147852282%
37180,0,5.150618612157073%
37181,0,5.150480083913827%
37182,0,5.150341563121941%
37183,0,5.150203049780814%
37184,0,5.150064543889845%
37185,0,5.149926045448434%
37186,0,5.149787554455978%
37187,0,5.149649070911877%
37188,0,5.149510594815531%
37189,0,5.14937212616634%
37190,0,5.1492336649637%
37191,0,5.149095211207013%
37192,0,5.148956764895677%
37193,0,5.148818326029091%
37194,0,5.148679894606658%
37195,0,5.148541470627772%
37196,0,5.148403054091838%
37197,0,5.148264644998252%
37198,0,5.148126243346416%
37199,0,5.147987849135729%
37200,0,5.147849462365591%
37201,0,5.147711083035402%
37202,0,5.147572711144562%
37203,0,5.147434346692472%
37204,0,5.147295989678529%
37205,0,5.147157640102137%
37206,0,5.147019297962694%
37207,0,5.146880963259601%
37208,0,5.1467426359922595%
37209,0,5.146604316160069%
37210,0,5.14646600376243%
37211,0,5.146327698798743%
37212,0,5.1461894012684075%
37213,0,5.146051111170827%
37214,0,5.145912828505401%
37215,0,5.14577455327153%
37216,0,5.1456362854686155%
37217,0,5.1454980250960585%
37218,0,5.14535977215326%
37219,0,5.145221526639619%
37220,0,5.14508328855454%
37221,0,5.144945057897424%
37222,0,5.144806834667669%
37223,0,5.144668618864681%
37224,0,5.1445304104878575%
37225,0,5.144392209536601%
37226,0,5.144254016010316%
37227,0,5.1441158299084%
37228,0,5.143977651230257%
37229,0,5.143839479975288%
37230,0,5.143701316142896%
37231,0,5.143563159732481%
37232,0,5.143425010743447%
37233,1,5.1459726586630135%
37234,0,5.145834452382232%
37235,0,5.14569625352491%
37236,0,5.14555806209045%
37237,0,5.145419878078256%
37238,0,5.145281701487728%
37239,0,5.145143532318269%
37240,0,5.14500537056928%
37241,0,5.144867216240166%
37242,0,5.144729069330326%
37243,0,5.144590929839164%
37244,0,5.144452797766083%
37245,0,5.144314673110484%
37246,0,5.144176555871772%
37247,0,5.144038446049346%
37248,0,5.143900343642612%
37249,0,5.143762248650971%
37250,0,5.143624161073825%
37251,0,5.14348608091058%
37252,0,5.143348008160635%
37253,0,5.143209942823397%
37254,0,5.143071884898267%
37255,0,5.142933834384646%
37256,0,5.142795791281942%
37257,0,5.142657755589554%
37258,0,5.142519727306887%
37259,0,5.142381706433345%
37260,0,5.14224369296833%
37261,0,5.142105686911248%
37262,0,5.1419676882614995%
37263,0,5.14182969701849%
37264,1,5.1443752683555175%
37265,1,5.146920703072588%
37266,0,5.146782590028444%
37267,0,5.146644484396383%
37268,0,5.146506386175808%
37269,0,5.1463682953661225%
37270,0,5.14623021196673%
37271,0,5.1460921359770335%
37272,0,5.145954067396437%
37273,0,5.1458160062243445%
37274,0,5.14567795246016%
37275,0,5.145539906103287%
37276,0,5.145401867153128%
37277,0,5.1452638356090885%
37278,0,5.145125811470573%
37279,0,5.144987794736983%
37280,0,5.144849785407725%
37281,0,5.144711783482203%
37282,0,5.1445737889598195%
37283,0,5.144435801839981%
37284,0,5.144297822122089%
37285,0,5.144159849805552%
37286,0,5.144021884889771%
37287,0,5.1438839273741515%
37288,0,5.143745977258099%
37289,0,5.143608034541018%
37290,0,5.143470099222312%
37291,0,5.143332171301386%
37292,0,5.143194250777647%
37293,0,5.143056337650497%
37294,0,5.142918431919344%
37295,0,5.14278053358359%
37296,0,5.142642642642643%
37297,0,5.142504759095906%
37298,0,5.1423668829427855%
37299,0,5.142229014182686%
37300,0,5.142091152815014%
37301,0,5.141953298839173%
37302,0,5.141815452254571%
37303,0,5.141677613060612%
37304,0,5.141539781256702%
37305,0,5.141401956842246%
37306,0,5.141264139816651%
37307,0,5.141126330179323%
37308,0,5.140988527929666%
37309,0,5.140850733067088%
37310,0,5.140712945590995%
37311,0,5.140575165500791%
37312,0,5.140437392795883%
37313,0,5.140299627475678%
37314,0,5.1401618695395825%
37315,0,5.140024118987003%
37316,0,5.139886375817344%
37317,0,5.139748640030013%
37318,0,5.139610911624417%
37319,0,5.139473190599962%
37320,0,5.139335476956056%
37321,0,5.139197770692103%
37322,0,5.139060071807513%
37323,0,5.138922380301691%
37324,0,5.138784696174044%
37325,0,5.138647019423979%
37326,0,5.138509350050903%
37327,0,5.138371688054224%
37328,0,5.138234033433347%
37329,0,5.138096386187682%
37330,0,5.137958746316635%
37331,0,5.137821113819614%
37332,0,5.137683488696025%
37333,0,5.137545870945277%
37334,0,5.137408260566775%
37335,0,5.13727065755993%
37336,0,5.137133061924148%
37337,0,5.136995473658837%
37338,0,5.1368578927634045%
37339,0,5.136720319237258%
37340,0,5.136582753079807%
37341,0,5.136445194290458%
37342,0,5.13630764286862%
37343,0,5.1361700988137%
37344,0,5.136032562125107%
37345,0,5.1358950328022495%
37346,0,5.135757510844535%
37347,0,5.135619996251372%
37348,0,5.13548248902217%
37349,0,5.135344989156336%
37350,0,5.13520749665328%
37351,0,5.135070011512409%
37352,0,5.134932533733134%
37353,0,5.1347950633148605%
37354,0,5.134657600257%
37355,0,5.134520144558961%
37356,0,5.134382696220152%
37357,0,5.134245255239982%
37358,0,5.134107821617859%
37359,0,5.133970395353195%
37360,0,5.133832976445396%
37361,0,5.133695564893873%
37362,0,5.133558160698035%
37363,0,5.133420763857291%
37364,0,5.133283374371053%
37365,0,5.133145992238726%
37366,0,5.133008617459723%
37367,0,5.132871250033452%
37368,0,5.132733889959323%
37369,0,5.132596537236747%
37370,0,5.1324591918651326%
37371,0,5.132321853843889%
37372,0,5.132184523172429%
37373,0,5.13204719985016%
37374,0,5.131909883876492%
37375,0,5.131772575250836%
37376,0,5.131635273972603%
37377,0,5.1314979800412015%
37378,0,5.131360693456044%
37379,0,5.131223414216539%
37380,0,5.131086142322097%
37381,0,5.130948877772131%
37382,0,5.130811620566048%
37383,0,5.130674370703261%
37384,0,5.13053712818318%
37385,0,5.130399893005215%
37386,0,5.13026266516878%
37387,0,5.130125444673282%
37388,0,5.129988231518134%
37389,0,5.129851025702747%
37390,0,5.1297138272265315%
37391,0,5.129576636088898%
37392,0,5.12943945228926%
37393,0,5.129302275827027%
37394,0,5.12916510670161%
37395,0,5.129027944912421%
37396,0,5.128890790458873%
37397,0,5.128753643340375%
37398,0,5.12861650355634%
37399,0,5.128479371106179%
37400,0,5.128342245989305%
37401,0,5.128205128205128%
37402,0,5.128068017753061%
37403,0,5.1279309146325165%
37404,0,5.127793818842904%
37405,0,5.127656730383639%
37406,0,5.12751964925413%
37407,0,5.127382575453792%
37408,0,5.127245508982036%
37409,0,5.127108449838274%
37410,0,5.12697139802192%
37411,0,5.1268343535323835%
37412,0,5.126697316369079%
37413,0,5.1265602865314195%
37414,0,5.1264232640188165%
37415,0,5.1262862488306835%
37416,0,5.1261492409664315%
37417,0,5.126012240425475%
37418,0,5.125875247207227%
37419,0,5.125738261311099%
37420,0,5.125601282736505%
37421,0,5.125464311482857%
37422,0,5.12532734754957%
37423,0,5.125190390936055%
37424,0,5.125053441641727%
37425,0,5.124916499665998%
37426,0,5.124779565008283%
37427,0,5.124642637667994%
37428,0,5.124505717644545%
37429,0,5.124368804937348%
37430,0,5.124231899545819%
37431,0,5.124095001469371%
37432,0,5.123958110707417%
37433,0,5.12382122725937%
37434,0,5.123684351124646%
37435,0,5.123547482302658%
37436,0,5.12341062079282%
37437,0,5.123273766594545%
37438,0,5.12313691970725%
37439,0,5.123000080130345%
37440,1,5.125534188034188%
37441,1,5.128068160572634%
37442,1,5.13060199775653%
37443,1,5.13313569959672%
37444,0,5.132998611259481%
37445,1,5.135532113766858%
37446,0,5.135394968755008%
37447,0,5.13525783106791%
37448,1,5.137791070284127%
37449,1,5.140324174210259%
37450,0,5.14018691588785%
37451,1,5.142719820565539%
37452,1,5.145252589981843%
37453,1,5.147785224147598%
37454,0,5.147647781278368%
37455,1,5.150180216259511%
37456,1,5.152712516018795%
37457,1,5.15524468056705%
37458,1,5.1577767099151055%
37459,1,5.160308604073787%
37460,1,5.162840363053924%
37461,1,5.165371986866341%
37462,0,5.165234103891944%
37463,0,5.165096228278568%
37464,0,5.164958360025625%
37465,0,5.164820499132524%
37466,0,5.164682645598676%
37467,0,5.164544799423493%
37468,0,5.164406960606384%
37469,0,5.164269129146761%
37470,0,5.164131305044036%
37471,0,5.163993488297617%
37472,0,5.163855678906917%
37473,0,5.163717876871347%
37474,0,5.163580082190319%
37475,0,5.163442294863242%
37476,0,5.163304514889529%
37477,0,5.163166742268591%
37478,1,5.165697209029297%
37479,0,5.165559379919422%
37480,1,5.168089647812167%
37481,0,5.167951762226195%
37482,0,5.167813883997653%
37483,0,5.16767601312595%
37484,0,5.1675381496105%
37485,0,5.167400293450713%
37486,0,5.167262444646002%
37487,0,5.1671246031957745%
37488,0,5.166986769099445%
37489,0,5.166848942356425%
37490,0,5.166711122966125%
37491,0,5.166573310927956%
37492,0,5.166435506241331%
37493,0,5.166297708905662%
37494,0,5.166159918920361%
37495,0,5.166022136284838%
37496,0,5.165884360998507%
37497,0,5.165746593060779%
37498,0,5.165608832471065%
37499,0,5.16547107922878%
37500,0,5.165333333333334%
37501,0,5.165195594784139%
37502,0,5.165057863580609%
37503,0,5.164920139722155%
37504,0,5.164782423208191%
37505,0,5.164644714038128%
37506,0,5.164507012211379%
37507,0,5.164369317727358%
37508,0,5.164231630585475%
37509,0,5.164093950785145%
37510,0,5.16395627832578%
37511,0,5.163818613206793%
37512,0,5.163680955427596%
37513,0,5.163543304987604%
37514,0,5.163405661886229%
37515,0,5.163268026122885%
37516,0,5.163130397696983%
37517,0,5.162992776607938%
37518,0,5.162855162855163%
37519,0,5.162717556438071%
37520,0,5.162579957356077%
37521,0,5.162442365608593%
37522,0,5.162304781195033%
37523,0,5.16216720411481%
37524,0,5.162029634367339%
37525,0,5.161892071952032%
37526,0,5.161754516868305%
37527,0,5.1616169691155696%
37528,0,5.161479428693242%
37529,0,5.161341895600735%
37530,0,5.1612043698374634%
37531,0,5.16106685140284%
37532,0,5.16092934029628%
37533,0,5.160791836517198%
37534,0,5.160654340065008%
37535,0,5.160516850939124%
37536,0,5.16037936913896%
37537,0,5.1602418946639315%
37538,0,5.1601044275134536%
37539,0,5.159966967686938%
37540,0,5.159829515183803%
37541,0,5.159692070003463%
37542,0,5.159554632145331%
37543,0,5.1594172016088224%
37544,0,5.159279778393352%
37545,0,5.1591423624983355%
37546,0,5.159004953923187%
37547,0,5.158867552667323%
37548,0,5.158730158730158%
37549,0,5.158592772111108%
37550,0,5.158455392809587%
37551,0,5.1583180208250115%
37552,0,5.158180656156796%
37553,0,5.1580432988043565%
37554,0,5.157905948767109%
37555,0,5.157768606044468%
37556,0,5.157631270635851%
37557,0,5.157493942540672%
37558,0,5.157356621758347%
37559,0,5.157219308288293%
37560,0,5.1570820021299255%
37561,0,5.15694470328266%
37562,0,5.1568074117459135%
37563,0,5.156670127519101%
37564,0,5.156532850601639%
37565,0,5.156395580992946%
37566,1,5.1589203002715225%
37567,0,5.158782974419037%
37568,1,5.161307495741056%
37569,0,5.161170113657536%
37570,0,5.16103273888741%
37571,0,5.160895371430092%
37572,0,5.160758011284999%
37573,0,5.160620658451548%
37574,0,5.160483312929153%
37575,0,5.160345974717232%
37576,0,5.160208643815201%
37577,0,5.160071320222476%
37578,0,5.159934003938474%
37579,0,5.159796694962612%
37580,0,5.159659393294305%
37581,0,5.159522098932971%
37582,0,5.159384811878027%
37583,0,5.159247532128888%
37584,0,5.159110259684972%
37585,0,5.158972994545696%
37586,0,5.158835736710477%
37587,0,5.158698486178732%
37588,0,5.158561242949878%
37589,0,5.158424007023331%
37590,0,5.1582867783985105%
37591,0,5.1581495570748315%
37592,0,5.1580123430517135%
37593,0,5.157875136328572%
37594,0,5.157737936904825%
37595,0,5.157600744779891%
37596,0,5.157463559953186%
37597,0,5.157326382424129%
37598,0,5.157189212192137%
37599,0,5.157052049256629%
37600,0,5.156914893617022%
37601,1,5.1594372490093345%
37602,1,5.161959470240944%
37603,1,5.164481557322554%
37604,1,5.167003510264865%
37605,0,5.1668661082302885%
37606,1,5.169387863638781%
37607,1,5.1719094849363145%
37608,1,5.174430972133589%
37609,0,5.174293387221144%
37610,1,5.176814676947621%
37611,1,5.179335832602164%
37612,0,5.179198128256939%
37613,0,5.179060431233882%
37614,0,5.178922741532408%
37615,0,5.178785059151934%
37616,0,5.178647384091875%
37617,0,5.178509716351649%
37618,0,5.178372055930672%
37619,0,5.178234402828358%
37620,0,5.178096757044125%
37621,0,5.17795911857739%
37622,0,5.177821487427569%
37623,0,5.177683863594078%
37624,0,5.177546247076334%
37625,0,5.177408637873754%
37626,0,5.177271035985755%
37627,0,5.177133441411752%
37628,0,5.176995854151164%
37629,0,5.176858274203407%
37630,0,5.176720701567898%
37631,0,5.176583136244054%
37632,0,5.176445578231292%
37633,0,5.17630802752903%
37634,0,5.176170484136685%
37635,0,5.176032948053674%
37636,0,5.175895419279413%
37637,0,5.175757897813322%
37638,0,5.175620383654818%
37639,0,5.175482876803315%
37640,0,5.175345377258235%
37641,0,5.175207885018995%
37642,0,5.175070400085011%
37643,0,5.174932922455702%
37644,0,5.1747954521304855%
37645,0,5.17465798910878%
37646,0,5.174520533390002%
37647,0,5.17438308497357%
37648,0,5.174245643858903%
37649,0,5.17410821004542%
37650,0,5.173970783532536%
37651,0,5.173833364319673%
37652,0,5.173695952406247%
37653,0,5.173558547791677%
37654,0,5.173421150475381%
37655,0,5.173283760456779%
37656,0,5.173146377735288%
37657,0,5.1730090023103275%
37658,0,5.172871634181316%
37659,0,5.172734273347673%
37660,0,5.172596919808816%
37661,0,5.172459573564164%
37662,0,5.172322234613138%
37663,0,5.172184902955155%
37664,0,5.172047578589635%
37665,0,5.171910261515996%
37666,0,5.171772951733659%
37667,0,5.1716356492420426%
37668,0,5.171498354040565%
37669,0,5.171361066128647%
37670,0,5.171223785505708%
37671,0,5.171086512171167%
37672,0,5.170949246124443%
37673,0,5.1708119873649565%
37674,0,5.170674735892127%
37675,0,5.1705374917053755%
37676,0,5.17040025480412%
37677,0,5.17026302518778%
37678,0,5.170125802855778%
37679,0,5.1699885878075325%
37680,0,5.169851380042463%
37681,0,5.169714179559991%
37682,0,5.169576986359535%
37683,0,5.169439800440516%
37684,0,5.169302621802356%
37685,0,5.169165450444474%
37686,0,5.16902828636629%
37687,0,5.168891129567225%
37688,0,5.168753980046699%
37689,0,5.168616837804134%
37690,0,5.168479702838949%
37691,0,5.168342575150566%
37692,0,5.1682054547384055%
37693,0,5.168068341601889%
37694,0,5.167931235740436%
37695,0,5.167794137153468%
37696,0,5.167657045840408%
37697,0,5.167519961800674%
37698,0,5.167382885033689%
37699,0,5.167245815538873%
37700,0,5.16710875331565%
37701,0,5.166971698363438%
37702,0,5.166834650681661%
37703,0,5.16669761026974%
37704,0,5.166560577127095%
37705,0,5.166423551253149%
37706,0,5.166286532647324%
37707,0,5.166149521309041%
37708,0,5.166012517237721%
37709,0,5.165875520432788%
37710,0,5.165738530893662%
37711,0,5.165601548619766%
37712,0,5.165464573610522%
37713,0,5.165327605865352%
37714,0,5.165190645383677%
37715,0,5.165053692164921%
37716,0,5.1649167462085055%
37717,0,5.1647798075138525%
37718,0,5.164642876080386%
37719,0,5.164505951907527%
37720,0,5.164369034994698%
37721,0,5.1642321253413215%
37722,0,5.1640952229468216%
37723,0,5.16395832781062%
37724,0,5.163821439932139%
37725,0,5.163684559310802%
37726,0,5.163547685946032%
37727,0,5.163410819837252%
37728,0,5.163273960983885%
37729,0,5.163137109385353%
37730,1,5.165650675854757%
37731,0,5.165513768519254%
37732,1,5.168027138768155%
37733,0,5.167890175708266%
37734,0,5.167753219907775%
37735,0,5.167616271366106%
37736,0,5.16747933008268%
37737,0,5.16734239605692%
37738,0,5.16720546928825%
37739,0,5.1670685497760935%
37740,0,5.166931637519872%
37741,0,5.166794732519011%
37742,0,5.166657834772932%
37743,0,5.166520944281059%
37744,0,5.166384061042815%
37745,0,5.166247185057624%
37746,0,5.166110316324909%
37747,0,5.165973454844094%
37748,0,5.165836600614602%
37749,0,5.165699753635858%
37750,0,5.1655629139072845%
37751,0,5.165426081428307%
37752,0,5.1652892561983474%
37753,0,5.16515243821683%
37754,0,5.16501562748318%
37755,0,5.164878823996821%
37756,0,5.164742027757177%
37757,0,5.164605238763674%
37758,0,5.164468457015732%
37759,0,5.1643316825127785%
37760,0,5.164194915254237%
37761,0,5.164058155239533%
37762,0,5.16392140246809%
37763,0,5.163784656939332%
37764,0,5.163647918652685%
37765,0,5.163511187607573%
37766,0,5.163374463803421%
37767,0,5.163237747239654%
37768,0,5.1631010379156965%
37769,0,5.1629643358309725%
37770,0,5.162827640984909%
37771,0,5.162690953376929%
37772,0,5.162554273006459%
37773,0,5.162417599872925%
37774,0,5.162280933975751%
37775,0,5.162144275314361%
37776,0,5.162007623888183%
37777,0,5.161870979696641%
37778,0,5.161734342739161%
37779,0,5.161597713015167%
37780,0,5.161461090524087%
37781,0,5.161324475265345%
37782,0,5.161187867238367%
37783,0,5.1610512664425805%
37784,0,5.160914672877408%
37785,0,5.160778086542279%
37786,0,5.160641507436617%
37787,0,5.160504935559849%
37788,0,5.1603683709114%
37789,0,5.160231813490698%
37790,0,5.160095263297169%
37791,0,5.159958720330237%
37792,0,5.1598221845893315%
37793,0,5.159685656073877%
37794,0,5.159549134783299%
37795,0,5.159412620717026%
37796,0,5.159276113874484%
37797,0,5.1591396142551%
37798,0,5.1590031218583%
37799,0,5.15886663668351%
37800,0,5.158730158730158%
37801,0,5.158593687997672%
37802,1,5.1611025871647005%
37803,0,5.160966060894638%
37804,0,5.1608295418474235%
37805,0,5.160693030022484%
37806,0,5.160556525419246%
37807,0,5.160420028037136%
37808,0,5.160283537875582%
37809,0,5.1601470549340105%
37810,0,5.160010579211849%
37811,0,5.159874110708524%
37812,0,5.159737649423463%
37813,0,5.159601195356094%
37814,0,5.159464748505845%
37815,0,5.159328308872141%
37816,0,5.159191876454411%
37817,0,5.159055451252082%
37818,0,5.158919033264583%
37819,0,5.158782622491341%
37820,0,5.158646218931782%
37821,0,5.158509822585336%
37822,0,5.15837343345143%
37823,0,5.158237051529492%
37824,0,5.158100676818951%
37825,0,5.157964309319233%
37826,0,5.157827949029768%
37827,0,5.1576915959499825%
37828,0,5.157555250079306%
37829,0,5.1574189114171665%
37830,0,5.157282579962992%
37831,0,5.157146255716212%
37832,0,5.157009938676253%
37833,0,5.156873628842544%
37834,0,5.1567373262145155%
37835,0,5.156601030791595%
37836,0,5.156464742573211%
37837,0,5.156328461558791%
37838,0,5.156192187747767%
37839,0,5.156055921139565%
37840,0,5.1559196617336145%
37841,0,5.155783409529347%
37842,0,5.155647164526187%
37843,0,5.155510926723569%
37844,0,5.1553746961209175%
37845,1,5.157880829700093%
37846,1,5.160386830840776%
37847,0,5.160250482204666%
37848,0,5.160114140773621%
37849,0,5.159977806547069%
37850,0,5.159841479524439%
37851,0,5.159705159705159%
37852,0,5.159568847088661%
37853,0,5.159432541674372%
37854,0,5.159296243461721%
37855,0,5.159159952450139%
37856,0,5.159023668639053%
37857,0,5.158887392027895%
37858,0,5.158751122616092%
37859,0,5.158614860403075%
37860,0,5.1584786053882725%
37861,0,5.158342357571115%
37862,0,5.158206116951033%
37863,0,5.158069883527454%
37864,0,5.15793365729981%
37865,0,5.157797438267529%
37866,0,5.157661226430043%
37867,0,5.15752502178678%
37868,0,5.157388824337171%
37869,0,5.157252634080646%
37870,0,5.157116451016636%
37871,0,5.156980275144569%
37872,0,5.156844106463878%
37873,0,5.156707944973992%
37874,0,5.156571790674342%
37875,0,5.156435643564357%
37876,0,5.156299503643468%
37877,0,5.156163370911107%
37878,0,5.156027245366704%
37879,0,5.1558911270096885%
37880,0,5.155755015839493%
37881,0,5.155618911855547%
37882,0,5.155482815057283%
37883,0,5.15534672544413%
37884,0,5.155210643015521%
37885,0,5.155074567770885%
37886,0,5.1549384997096555%
37887,1,5.15744186660332%
37888,0,5.157305743243244%
37889,0,5.1571696270685425%
37890,0,5.157033518078649%
37891,0,5.156897416272994%
37892,0,5.1567613216510075%
37893,0,5.1566252342121235%
37894,0,5.156489153955771%
37895,0,5.156353080881383%
37896,0,5.156217014988389%
37897,0,5.156080956276223%
37898,0,5.155944904744314%
37899,0,5.155808860392095%
37900,0,5.155672823218997%
37901,0,5.155536793224453%
37902,0,5.155400770407894%
37903,1,5.1579030683587055%
37904,1,5.160405234276066%
37905,0,5.160269093787099%
37906,0,5.1601329604811905%
37907,0,5.15999683435777%
37908,0,5.159860715416271%
37909,0,5.159724603656124%
37910,0,5.159588499076761%
37911,0,5.159452401677613%
37912,0,5.159316311458113%
37913,0,5.159180228417693%
37914,0,5.159044152555784%
37915,0,5.158908083871819%
37916,0,5.158772022365228%
37917,0,5.158635968035446%
37918,0,5.158499920881903%
37919,0,5.158363880904032%
37920,0,5.158227848101266%
37921,0,5.158091822473036%
37922,0,5.157955804018775%
37923,0,5.157819792737916%
37924,0,5.157683788629892%
37925,0,5.157547791694133%
37926,0,5.157411801930074%
37927,0,5.157275819337148%
37928,0,5.157139843914786%
37929,0,5.157003875662422%
37930,0,5.156867914579488%
37931,0,5.156731960665419%
37932,0,5.156596013919645%
37933,0,5.156460074341602%
37934,0,5.156324141930722%
37935,0,5.156188216686437%
37936,0,5.1560522986081825%
37937,0,5.15591638769539%
37938,0,5.155780483947494%
37939,0,5.155644587363926%
37940,0,5.155508697944122%
37941,0,5.155372815687515%
37942,0,5.155236940593538%
37943,0,5.155101072661624%
37944,0,5.154965211891208%
37945,0,5.154829358281724%
37946,0,5.154693511832605%
37947,0,5.154557672543284%
37948,0,5.154421840413197%
37949,0,5.154286015441778%
37950,0,5.154150197628458%
37951,0,5.154014386972675%
37952,0,5.153878583473862%
37953,0,5.153742787131452%
37954,0,5.15360699794488%
37955,0,5.153471215913582%
37956,0,5.15333544103699%
37957,0,5.15319967331454%
37958,0,5.153063912745666%
37959,0,5.152928159329803%
37960,0,5.152792413066385%
37961,0,5.152656673954848%
37962,0,5.152520941994626%
37963,0,5.152385217185154%
37964,0,5.152249499525867%
37965,0,5.1521137890162%
37966,0,5.151978085655587%
37967,0,5.1518423894434635%
37968,0,5.1517067003792665%
37969,0,5.15157101846243%
37970,0,5.1514353436923885%
37971,0,5.151299676068579%
37972,0,5.151164015590435%
37973,0,5.151028362257393%
37974,0,5.150892716068889%
37975,0,5.150757077024358%
37976,0,5.150621445123236%
37977,0,5.150485820364958%
37978,0,5.15035020274896%
37979,0,5.150214592274678%
37980,0,5.150078988941549%
37981,0,5.149943392749006%
37982,0,5.149807803696488%
37983,0,5.14967222178343%
37984,0,5.149536647009267%
37985,0,5.149401079373437%
37986,0,5.149265518875375%
37987,0,5.1491299655145175%
37988,0,5.148994419290302%
37989,0,5.148858880202164%
37990,0,5.148723348249539%
37991,0,5.148587823431865%
37992,0,5.148452305748578%
37993,0,5.148316795199116%
37994,0,5.1481812917829135%
37995,0,5.148045795499407%
37996,0,5.147910306348036%
37997,0,5.147774824328236%
37998,0,5.147639349439444%
37999,0,5.1475038816810965%
38000,0,5.147368421052632%
38001,0,5.147232967553485%
38002,0,5.147097521183095%
38003,0,5.1469620819409%
38004,0,5.146826649826334%
38005,0,5.146691224838837%
38006,0,5.146555806977846%
38007,0,5.146420396242797%
38008,0,5.14628499263313%
38009,0,5.14614959614828%
38010,0,5.1460142067876875%
38011,0,5.145878824550787%
38012,0,5.1457434494370204%
38013,0,5.145608081445821%
38014,0,5.14547272057663%
38015,0,5.145337366828883%
38016,0,5.14520202020202%
38017,0,5.145066680695479%
38018,0,5.144931348308695%
38019,0,5.144796023041111%
38020,0,5.144660704892162%
38021,0,5.144525393861287%
38022,0,5.144390089947925%
38023,0,5.1442547931515135%
38024,0,5.144119503471491%
38025,0,5.143984220907298%
38026,0,5.1438489454583705%
38027,0,5.143713677124149%
38028,0,5.143578415904071%
38029,0,5.143443161797576%
38030,0,5.143307914804103%
38031,0,5.143172674923089%
38032,0,5.143037442153975%
38033,0,5.142902216496201%
38034,0,5.142766997949203%
38035,0,5.142631786512423%
38036,0,5.142496582185299%
38037,0,5.142361384967269%
38038,0,5.142226194857774%
38039,0,5.142091011856253%
38040,0,5.141955835962145%
38041,0,5.1418206671748905%
38042,0,5.141685505493928%
38043,0,5.141550350918697%
38044,0,5.141415203448639%
38045,0,5.141280063083191%
38046,0,5.141144929821795%
38047,1,5.143638131784372%
38048,1,5.146131202691337%
38049,1,5.1486241425530235%
38050,1,5.151116951379763%
38051,1,5.153609629181888%
38052,0,5.153474193209292%
38053,0,5.153338764354978%
38054,0,5.153203342618385%
38055,1,5.155695703586914%
38056,1,5.158187933571579%
38057,0,5.158052395091573%
38058,1,5.1605444321824585%
38059,0,5.160408838908012%
38060,1,5.162900683131897%
38061,1,5.165392396416279%
38062,1,5.167883978771478%
38063,1,5.170375430207813%
38064,0,5.170239596469105%
38065,0,5.170103769867332%
38066,1,5.172594966636894%
38067,1,5.175086032521606%
38068,1,5.177576967531785%
38069,1,5.180067771677743%
38070,1,5.182558444969793%
38071,0,5.182422316198681%
38072,0,5.182286194578693%
38073,0,5.182150080109263%
38074,0,5.1820139727898304%
38075,0,5.181877872619829%
38076,0,5.181741779598697%
38077,0,5.181605693725872%
38078,0,5.181469615000788%
38079,0,5.181333543422884%
38080,0,5.181197478991597%
38081,0,5.181061421706363%
38082,0,5.1809253715666195%
38083,0,5.180789328571804%
38084,0,5.180653292721353%
38085,0,5.1805172640147035%
38086,0,5.180381242451294%
38087,0,5.180245228030562%
38088,1,5.1827347195967235%
38089,1,5.185224080443172%
38090,0,5.185087949593068%
38091,0,5.18495182589063%
38092,0,5.184815709335293%
38093,0,5.184679599926496%
38094,0,5.1845434976636735%
38095,0,5.184407402546266%
38096,0,5.184271314573709%
38097,0,5.184135233745439%
38098,0,5.183999160060895%
38099,0,5.1838630935195145%
38100,0,5.183727034120735%
38101,0,5.183590981863993%
38102,0,5.183454936748727%
38103,0,5.183318898774375%
38104,0,5.183182867940374%
38105,0,5.183046844246162%
38106,0,5.182910827691177%
38107,0,5.182774818274857%
38108,1,5.185262936916133%
38109,0,5.185126872917159%
38110,1,5.187614799265285%
38111,1,5.190102595051298%
38112,0,5.189966414777498%
38113,0,5.1898302416498305%
38114,0,5.189694075667734%
38115,0,5.189557916830644%
38116,0,5.1894217651379995%
38117,0,5.189285620589238%
38118,0,5.189149483183797%
38119,0,5.1890133529211155%
38120,0,5.188877229800629%
38121,0,5.188741113821778%
38122,0,5.188605004983999%
38123,0,5.188468903286729%
38124,0,5.18833280872941%
38125,0,5.188196721311476%
38126,0,5.188060641032367%
38127,0,5.18792456789152%
38128,0,5.1877885018883765%
38129,0,5.187652443022371%
38130,0,5.187516391292945%
38131,0,5.187380346699536%
38132,0,5.187244309241581%
38133,0,5.187108278918522%
38134,0,5.1869722557297955%
38135,0,5.1868362396748395%
38136,0,5.186700230753094%
38137,0,5.186564228963999%
38138,0,5.18642823430699%
38139,0,5.18629224678151%
38140,0,5.186156266386996%
38141,0,5.186020293122886%
38142,0,5.185884326988621%
38143,0,5.18574836798364%
38144,0,5.185612416107382%
38145,0,5.185476471359287%
38146,0,5.185340533738793%
38147,0,5.1852046032453405%
38148,0,5.185068679878368%
38149,0,5.184932763637317%
38150,0,5.1847968545216245%
38151,0,5.1846609525307334%
38152,0,5.1845250576640804%
38153,0,5.184389169921108%
38154,0,5.184253289301253%
38155,0,5.184117415803958%
38156,0,5.183981549428662%
38157,0,5.183845690174804%
38158,0,5.183709838041826%
38159,0,5.183573993029167%
38160,0,5.183438155136268%
38161,0,5.183302324362569%
38162,0,5.18316650070751%
38163,0,5.183030684170531%
38164,0,5.182894874751074%
38165,0,5.182759072448579%
38166,0,5.1826232772624845%
38167,0,5.182487489192234%
38168,0,5.182351708237267%
38169,0,5.182215934397024%
38170,0,5.182080167670946%
38171,0,5.181944408058474%
38172,0,5.181808655559048%
38173,0,5.181672910172111%
38174,0,5.181537171897102%
38175,0,5.181401440733464%
38176,0,5.181265716680637%
38177,0,5.181129999738062%
38178,0,5.180994289905181%
38179,0,5.180858587181435%
38180,0,5.1807228915662655%
38181,0,5.180587203059113%
38182,0,5.18045152165942%
38183,0,5.180315847366629%
38184,0,5.18018018018018%
38185,0,5.180044520099516%
38186,0,5.179908867124077%
38187,0,5.179773221253306%
38188,0,5.179637582486645%
38189,0,5.179501950823536%
38190,0,5.17936632626342%
38191,0,5.17923070880574%
38192,0,5.179095098449937%
38193,0,5.178959495195454%
38194,0,5.178823899041735%
38195,0,5.178688309988218%
38196,0,5.178552728034349%
38197,0,5.178417153179569%
38198,0,5.178281585423321%
38199,0,5.178146024765047%
38200,0,5.178010471204188%
38201,0,5.17787492474019%
38202,0,5.177739385372494%
38203,0,5.177603853100542%
38204,0,5.177468327923777%
38205,0,5.177332809841643%
38206,0,5.177197298853583%
38207,0,5.177061794959039%
38208,0,5.176926298157454%
38209,0,5.176790808448271%
38210,0,5.176655325830935%
38211,1,5.179136897751956%
38212,0,5.179001360829059%
38213,1,5.181482741475414%
38214,1,5.183963992254148%
38215,0,5.183828339657202%
38216,0,5.1836926941595145%
38217,1,5.186173692335871%
38218,1,5.188654560678215%
38219,0,5.1885187995499615%
38220,0,5.188383045525902%
38221,0,5.188247298605479%
38222,0,5.188111558788132%
38223,0,5.187975826073306%
38224,0,5.187840100460444%
38225,0,5.187704381948986%
38226,0,5.187568670538377%
38227,0,5.187432966228059%
38228,0,5.187297269017474%
38229,0,5.187161578906066%
38230,0,5.187025895893278%
38231,0,5.186890219978552%
38232,0,5.18675455116133%
38233,0,5.186618889441059%
38234,0,5.186483234817178%
38235,0,5.1863475872891325%
38236,0,5.186211946856366%
38237,0,5.1860763135183205%
38238,0,5.185940687274439%
38239,0,5.185805068124166%
38240,0,5.185669456066946%
38241,1,5.188148845479982%
38242,0,5.188013179227028%
38243,0,5.187877520069032%
38244,0,5.187741868005439%
38245,0,5.187606223035691%
38246,0,5.187470585159232%
38247,0,5.1873349543755065%
38248,0,5.187199330683957%
38249,0,5.187063714084028%
38250,0,5.186928104575164%
38251,0,5.186792502156806%
38252,0,5.186656906828401%
38253,0,5.186521318589392%
38254,0,5.186385737439222%
38255,0,5.186250163377337%
38256,0,5.186114596403179%
38257,0,5.185979036516193%
38258,0,5.185843483715824%
38259,0,5.185707938001515%
38260,0,5.185572399372713%
38261,0,5.18543686782886%
38262,0,5.1853013433694%
38263,0,5.1851658259937805%
38264,0,5.185030315701442%
38265,0,5.184894812491833%
38266,0,5.184759316364397%
38267,0,5.184623827318577%
38268,0,5.18448834535382%
38269,0,5.184352870469571%
38270,0,5.184217402665273%
38271,0,5.184081941940373%
38272,0,5.183946488294314%
38273,0,5.1838110417265435%
38274,0,5.183675602236505%
38275,0,5.183540169823645%
38276,0,5.183404744487407%
38277,0,5.183269326227238%
38278,0,5.183133915042583%
38279,0,5.1829985109328875%
38280,0,5.182863113897597%
38281,0,5.182727723936156%
38282,0,5.182592341048012%
38283,0,5.18245696523261%
38284,1,5.1849336537456905%
38285,1,5.187410212877106%
38286,1,5.189886642636996%
38287,1,5.192362943035495%
38288,1,5.1948391140827415%
38289,1,5.197315155788869%
38290,1,5.199791068164012%
38291,1,5.202266851218302%
38292,0,5.202130993418991%
38293,0,5.201995142715378%
38294,0,5.20185929910691%
38295,0,5.201723462593027%
38296,0,5.201587633173178%
38297,0,5.201451810846803%
38298,0,5.201315995613348%
38299,0,5.201180187472257%
38300,0,5.201044386422977%
38301,0,5.200908592464948%
38302,0,5.2007728055976195%
38303,0,5.2006370258204315%
38304,0,5.200501253132832%
38305,0,5.200365487534264%
38306,0,5.200229729024174%
38307,0,5.200093977602005%
38308,0,5.1999582332672025%
38309,0,5.1998224960192125%
38310,0,5.199686765857479%
38311,0,5.199551042781446%
38312,0,5.199415326790562%
38313,0,5.199279617884269%
38314,0,5.199143916062013%
38315,0,5.199008221323242%
38316,0,5.198872533667397%
38317,0,5.198736853093927%
38318,0,5.198601179602276%
38319,0,5.198465513191889%
38320,0,5.198329853862213%
38321,0,5.198194201612693%
38322,0,5.198058556442774%
38323,0,5.197922918351903%
38324,0,5.197787287339526%
38325,0,5.197651663405088%
38326,0,5.197516046548036%
38327,0,5.197380436767814%
38328,0,5.19724483406387%
38329,0,5.197109238435649%
38330,0,5.196973649882598%
38331,0,5.196838068404164%
38332,0,5.1967024939997915%
38333,0,5.196566926668927%
38334,0,5.196431366411018%
38335,0,5.196295813225512%
38336,0,5.196160267111853%
38337,0,5.19602472806949%
38338,0,5.195889196097866%
38339,0,5.195753671196432%
38340,0,5.195618153364633%
38341,0,5.195482642601915%
38342,0,5.195347138907725%
38343,0,5.195211642281512%
38344,0,5.19507615272272%
38345,0,5.1949406702308%
38346,0,5.194805194805195%
38347,0,5.194669726445354%
38348,0,5.194534265150725%
38349,0,5.194398810920754%
38350,0,5.194263363754889%
38351,0,5.1941279236525775%
38352,0,5.193992490613267%
38353,0,5.193857064636404%
38354,0,5.193721645721437%
38355,0,5.193586233867814%
38356,0,5.1934508290749815%
38357,0,5.193315431342389%
38358,0,5.193180040669483%
38359,0,5.193044657055711%
38360,0,5.192909280500521%
38361,0,5.192773911003363%
38362,0,5.192638548563683%
38363,0,5.192503193180929%
38364,0,5.192367844854552%
38365,0,5.1922325035839965%
38366,0,5.1920971693687115%
38367,0,5.191961842208148%
38368,0,5.191826522101752%
38369,0,5.1916912090489715%
38370,0,5.191555903049258%
38371,0,5.191420604102056%
38372,0,5.191285312206817%
38373,0,5.19115002736299%
38374,1,5.193620680669203%
38375,0,5.193485342019544%
38376,0,5.193350010423181%
38377,0,5.193214685879563%
38378,0,5.1930793683881395%
38379,1,5.19554964954793%
38380,0,5.195414278269932%
38381,1,5.1978843698705095%
38382,1,5.200354332760148%
38383,1,5.2028241669489095%
38384,1,5.205293872446853%
38385,1,5.207763449264036%
38386,0,5.2076277809618094%
38387,1,5.210097168312188%
38388,1,5.21256642700844%
38389,1,5.215035557060617%
38390,1,5.217504558478771%
38391,1,5.219973431272955%
38392,1,5.222442175453219%
38393,0,5.222306149558513%
38394,0,5.222170130749596%
38395,0,5.222034119025914%
38396,0,5.221898114386915%
38397,0,5.221762116832044%
38398,0,5.221626126360748%
38399,0,5.221490142972473%
38400,0,5.221354166666667%
38401,0,5.221218197442775%
38402,0,5.221082235300245%
38403,0,5.220946280238524%
38404,0,5.220810332257057%
38405,0,5.220674391355292%
38406,0,5.220538457532677%
38407,0,5.220402530788658%
38408,0,5.220266611122683%
38409,0,5.220130698534198%
38410,0,5.21999479302265%
38411,0,5.219858894587488%
38412,0,5.219723003228157%
38413,0,5.219587118944107%
38414,0,5.2194512417347845%
38415,0,5.219315371599635%
38416,0,5.219179508538109%
38417,0,5.219043652549653%
38418,0,5.218907803633713%
38419,0,5.21877196178974%
38420,0,5.218636127017179%
38421,0,5.218500299315478%
38422,0,5.218364478684087%
38423,0,5.218228665122453%
38424,0,5.2180928586300235%
38425,0,5.217957059206245%
38426,0,5.21782126685057%
38427,0,5.217685481562443%
38428,0,5.217549703341313%
38429,0,5.21741393218663%
38430,0,5.21727816809784%
38431,0,5.217142411074393%
38432,0,5.217006661115737%
38433,0,5.21687091822132%
38434,0,5.216735182390591%
38435,0,5.216599453623%
38436,0,5.216463731917993%
38437,0,5.216328017275021%
38438,0,5.2161923096935325%
38439,0,5.216056609172975%
38440,0,5.215920915712799%
38441,0,5.215785229312453%
38442,0,5.215649549971386%
38443,0,5.2155138776890455%
38444,0,5.215378212464884%
38445,0,5.215242554298348%
38446,0,5.215106903188889%
38447,0,5.214971259135953%
38448,0,5.214835622138993%
38449,0,5.214699992197456%
38450,0,5.214564369310793%
38451,0,5.214428753478454%
38452,0,5.2142931446998855%
38453,1,5.216758120302707%
38454,0,5.216622458001768%
38455,0,5.216486802756468%
38456,0,5.216351154566257%
38457,0,5.216215513430584%
38458,0,5.2160798793489%
38459,0,5.215944252320654%
38460,0,5.2158086323452935%
38461,0,5.215673019422272%
38462,0,5.215537413551037%
38463,0,5.21540181473104%
38464,0,5.215266222961731%
38465,0,5.215130638242558%
38466,0,5.214995060572973%
38467,0,5.214859489952427%
38468,0,5.214723926380368%
38469,0,5.214588369856248%
38470,0,5.214452820379516%
38471,0,5.2143172779496245%
38472,0,5.214181742566022%
38473,0,5.21404621422816%
38474,0,5.213910692935489%
38475,0,5.2137751786874595%
38476,0,5.213639671483522%
38477,0,5.213504171323128%
38478,0,5.213368678205728%
38479,0,5.213233192130772%
38480,0,5.213097713097714%
38481,0,5.212962241106%
38482,0,5.212826776155086%
38483,0,5.21269131824442%
38484,0,5.212555867373454%
38485,0,5.21242042354164%
38486,0,5.212284986748427%
38487,0,5.21214955699327%
38488,0,5.212014134275619%
38489,0,5.211878718594924%
38490,0,5.211743309950637%
38491,0,5.21160790834221%
38492,0,5.211472513769095%
38493,0,5.2113371262307435%
38494,0,5.211201745726607%
38495,0,5.211066372256138%
38496,0,5.210931005818786%
38497,0,5.210795646414006%
38498,0,5.210660294041249%
38499,0,5.210524948699966%
38500,0,5.21038961038961%
38501,0,5.210254279109634%
38502,0,5.210118954859488%
38503,0,5.209983637638626%
38504,0,5.209848327446499%
38505,0,5.209713024282561%
38506,0,5.209577728146263%
38507,0,5.209442439037058%
38508,0,5.2093071569544%
38509,0,5.209171881897738%
38510,0,5.209036613866528%
38511,0,5.208901352860222%
38512,0,5.208766098878272%
38513,0,5.208630851920131%
38514,0,5.208495611985252%
38515,0,5.208360379073088%
38516,0,5.2082251531830925%
38517,0,5.208089934314718%
38518,0,5.207954722467418%
38519,0,5.207819517640645%
38520,0,5.207684319833852%
38521,0,5.207549129046494%
38522,0,5.207413945278023%
38523,0,5.2072787685278925%
38524,0,5.207143598795556%
38525,0,5.207008436080467%
38526,0,5.206873280382079%
38527,0,5.206738131699847%
38528,0,5.206602990033223%
38529,0,5.206467855381661%
38530,0,5.2063327277446145%
38531,0,5.206197607121538%
38532,0,5.206062493511887%
38533,0,5.2059273869151115%
38534,0,5.205792287330669%
38535,0,5.205657194758012%
38536,0,5.205522109196595%
38537,0,5.2053870306458725%
38538,0,5.205251959105299%
38539,0,5.205116894574327%
38540,0,5.204981837052413%
38541,0,5.20484678653901%
38542,0,5.204711743033574%
38543,0,5.2045767065355575%
38544,0,5.204441677044417%
38545,0,5.2043066545596055%
38546,0,5.204171639080579%
38547,0,5.204036630606792%
38548,0,5.2039016291376985%
38549,0,5.203766634672754%
38550,0,5.203631647211414%
38551,0,5.203496666753132%
38552,0,5.2033616932973645%
38553,0,5.203226726843567%
38554,0,5.203091767391191%
38555,0,5.2029568149396965%
38556,0,5.2028218694885355%
38557,0,5.2026869310371655%
38558,0,5.202551999585041%
38559,0,5.202417075131616%
38560,0,5.202282157676349%
38561,0,5.202147247218693%
38562,0,5.202012343758104%
38563,0,5.201877447294039%
38564,0,5.201742557825952%
38565,0,5.2016076753533%
38566,0,5.201472799875538%
38567,0,5.201337931392123%
38568,0,5.201203069902509%
38569,0,5.201068215406155%
38570,0,5.200933367902515%
38571,0,5.200798527391045%
38572,0,5.200663693871202%
38573,0,5.200528867342442%
38574,0,5.20039404780422%
38575,0,5.200259235255995%
38576,0,5.2001244296972216%
38577,0,5.199989631127356%
38578,0,5.199854839545855%
38579,0,5.199720054952176%
38580,0,5.199585277345776%
38581,0,5.199450506726109%
38582,0,5.199315743092634%
38583,0,5.199180986444808%
38584,0,5.1990462367820856%
38585,0,5.1989114941039265%
38586,0,5.198776758409786%
38587,0,5.198642029699122%
38588,0,5.19850730797139%
38589,0,5.198372593226049%
38590,0,5.1982378854625555%
38591,0,5.198103184680366%
38592,0,5.197968490878939%
38593,0,5.197833804057731%
38594,0,5.197699124216199%
38595,0,5.197564451353802%
38596,0,5.197429785469996%
38597,0,5.19729512656424%
38598,0,5.197160474635991%
38599,0,5.197025829684707%
38600,0,5.196891191709844%
38601,0,5.196756560710862%
38602,0,5.196621936687218%
38603,0,5.19648731963837%
38604,0,5.196352709563776%
38605,0,5.196218106462894%
38606,0,5.196083510335181%
38607,0,5.195948921180097%
38608,0,5.195814338997099%
38609,0,5.195679763785646%
38610,0,5.195545195545195%
38611,0,5.195410634275206%
38612,0,5.195276079975137%
38613,0,5.195141532644446%
38614,0,5.195006992282592%
38615,0,5.194872458889033%
38616,0,5.1947379324632275%
38617,0,5.194603413004635%
38618,0,5.194468900512715%
38619,0,5.194334394986924%
38620,0,5.1941998964267215%
38621,0,5.194065404831568%
38622,0,5.193930920200922%
38623,0,5.193796442534241%
38624,0,5.193661971830986%
38625,0,5.1935275080906145%
38626,0,5.193393051312587%
38627,0,5.193258601496362%
38628,0,5.1931241586414005%
38629,0,5.192989722747159%
38630,0,5.192855293813099%
38631,0,5.192720871838679%
38632,0,5.192586456823359%
38633,0,5.192452048766598%
38634,0,5.192317647667857%
38635,0,5.192183253526595%
38636,0,5.1920488663422715%
38637,0,5.191914486114346%
38638,0,5.191780112842279%
38639,0,5.1916457465255315%
38640,0,5.191511387163561%
38641,0,5.1913770347558295%
38642,0,5.191242689301796%
38643,0,5.1911083508009215%
38644,0,5.190974019252665%
38645,0,5.190839694656488%
38646,0,5.190705377011851%
38647,0,5.190571066318213%
38648,0,5.190436762575036%
38649,0,5.19030246578178%
38650,0,5.190168175937904%
38651,0,5.190033893042871%
38652,0,5.18989961709614%
38653,0,5.189765348097172%
38654,0,5.189631086045429%
38655,0,5.18949683094037%
38656,0,5.189362582781457%
38657,0,5.189228341568151%
38658,0,5.189094107299912%
38659,0,5.188959879976203%
38660,0,5.188825659596482%
38661,0,5.188691446160213%
38662,0,5.1885572396668564%
38663,0,5.188423040115873%
38664,0,5.188288847506724%
38665,0,5.1881546618388725%
38666,0,5.188020483111778%
38667,0,5.1878863113249025%
38668,0,5.187752146477707%
38669,0,5.187617988569655%
38670,0,5.187483837600207%
38671,0,5.187349693568824%
38672,0,5.1872155564749685%
38673,0,5.1870814263181035%
38674,0,5.186947303097689%
38675,0,5.186813186813187%
38676,0,5.186679077464061%
38677,0,5.186544975049771%
38678,0,5.186410879569781%
38679,0,5.186276791023553%
38680,0,5.186142709410548%
38681,0,5.186008634730229%
38682,0,5.185874566982059%
38683,0,5.185740506165499%
38684,0,5.1856064522800125%
38685,0,5.185472405325061%
38686,0,5.185338365300109%
38687,0,5.185204332204616%
38688,0,5.185070306038048%
38689,0,5.184936286799865%
38690,0,5.184802274489532%
38691,0,5.184668269106511%
38692,0,5.184534270650263%
38693,0,5.184400279120254%
38694,0,5.184266294515946%
38695,0,5.184132316836801%
38696,0,5.183998346082283%
38697,0,5.183864382251854%
38698,0,5.183730425344979%
38699,0,5.183596475361121%
38700,0,5.183462532299742%
38701,0,5.183328596160306%
38702,0,5.183194666942277%
38703,0,5.183060744645118%
38704,0,5.182926829268292%
38705,0,5.182792920811265%
38706,0,5.182659019273498%
38707,0,5.182525124654455%
38708,0,5.182391236953602%
38709,0,5.1822573561704%
38710,0,5.1821234823043145%
38711,0,5.181989615354809%
38712,0,5.181855755321347%
38713,0,5.181721902203394%
38714,0,5.181588056000414%
38715,0,5.1814542167118685%
38716,0,5.181320384337225%
38717,0,5.181186558875946%
38718,0,5.181052740327496%
38719,0,5.18091892869134%
38720,0,5.180785123966942%
38721,0,5.180651326153766%
38722,0,5.180517535251279%
38723,0,5.180383751258941%
38724,0,5.180249974176221%
38725,0,5.180116204002582%
38726,0,5.179982440737489%
38727,1,5.182430862189171%
38728,0,5.182297046064862%
38729,0,5.182163236850939%
38730,0,5.1820294345468625%
38731,0,5.1818956391521%
38732,0,5.181761850666116%
38733,0,5.181628069088375%
38734,0,5.181494294418341%
38735,0,5.18136052665548%
38736,0,5.181226765799257%
38737,0,5.1810930118491365%
38738,0,5.180959264804585%
38739,0,5.1808255246650665%
38740,0,5.180691791430046%
38741,0,5.180558065098991%
38742,0,5.180424345671365%
38743,0,5.180290633146633%
38744,0,5.180156927524262%
38745,0,5.180023228803717%
38746,0,5.179889536984463%
38747,0,5.179755852065966%
38748,0,5.179622174047693%
38749,0,5.179488502929107%
38750,0,5.179354838709678%
38751,0,5.179221181388868%
38752,0,5.179087530966144%
38753,0,5.178953887440972%
38754,0,5.178820250812819%
38755,0,5.178686621081151%
38756,0,5.178552998245433%
38757,1,5.180999561369559%
38758,0,5.180865885752619%
38759,0,5.180732217033463%
38760,0,5.180598555211558%
38761,0,5.1804649002863705%
38762,0,5.180331252257366%
38763,0,5.18019761112401%
38764,0,5.18006397688577%
38765,0,5.179930349542112%
38766,0,5.179796729092503%
38767,0,5.17966311553641%
38768,0,5.179529508873298%
38769,0,5.179395909102634%
38770,0,5.179262316223884%
38771,0,5.179128730236517%
38772,0,5.178995151139998%
38773,0,5.178861578933794%
38774,0,5.178728013617373%
38775,0,5.1785944551902%
38776,0,5.178460903651743%
38777,0,5.17832735900147%
38778,0,5.178193821238847%
38779,0,5.178060290363342%
38780,0,5.177926766374419%
38781,0,5.17779324927155%
38782,0,5.1776597390542%
38783,0,5.177526235721837%
38784,0,5.177392739273928%
38785,0,5.177259249709939%
38786,0,5.177125767029341%
38787,0,5.176992291231598%
38788,0,5.176858822316181%
38789,0,5.176725360282554%
38790,0,5.176591905130188%
38791,0,5.176458456858549%
38792,0,5.176325015467106%
38793,0,5.176191580955327%
38794,0,5.176058153322679%
38795,0,5.17592473256863%
38796,0,5.1757913186926485%
38797,0,5.175657911694203%
38798,0,5.175524511572761%
38799,0,5.175391118327792%
38800,0,5.175257731958763%
38801,0,5.175124352465143%
38802,0,5.1749909798464%
38803,0,5.174857614102002%
38804,0,5.174724255231419%
38805,0,5.174590903234119%
38806,0,5.17445755810957%
38807,0,5.174324219857242%
38808,0,5.174190888476603%
38809,0,5.1740575639671205%
38810,0,5.173924246328266%
38811,0,5.173790935559507%
38812,0,5.173657631660311%
38813,0,5.17352433463015%
38814,0,5.173391044468491%
38815,0,5.173257761174804%
38816,0,5.173124484748557%
38817,0,5.172991215189221%
38818,0,5.172857952496265%
38819,0,5.172724696669158%
38820,0,5.172591447707367%
38821,0,5.172458205610366%
38822,0,5.172324970377621%
38823,0,5.172191742008604%
38824,0,5.172058520502782%
38825,0,5.171925305859626%
38826,0,5.171792098078607%
38827,0,5.171658897159193%
38828,0,5.171525703100855%
38829,0,5.1713925159030625%
38830,0,5.171259335565285%
38831,0,5.171126162086993%
38832,0,5.170992995467656%
38833,0,5.170859835706744%
38834,0,5.170726682803728%
38835,0,5.170593536758079%
38836,0,5.170460397569265%
38837,0,5.170327265236758%
38838,0,5.170194139760029%
38839,0,5.1700610211385465%
38840,0,5.169927909371782%
38841,0,5.1697948044592055%
38842,0,5.169661706400289%
38843,0,5.169528615194501%
38844,0,5.169395530841314%
38845,0,5.169262453340198%
38846,0,5.169129382690625%
38847,0,5.168996318892064%
38848,0,5.1688632619439865%
38849,0,5.168730211845865%
38850,0,5.168597168597168%
38851,0,5.16846413219737%
38852,0,5.168331102645938%
38853,0,5.168198079942346%
38854,0,5.168065064086066%
38855,0,5.167932055076567%
38856,0,5.167799052913321%
38857,0,5.167666057595801%
38858,0,5.1675330691234755%
38859,0,5.167400087495818%
38860,0,5.167267112712301%
38861,0,5.167134144772394%
38862,0,5.16700118367557%
38863,0,5.1668682294213%
38864,0,5.166735282009057%
38865,0,5.166602341438312%
38866,0,5.166469407708537%
38867,0,5.166336480819203%
38868,0,5.166203560769786%
38869,0,5.166070647559752%
38870,0,5.165937741188578%
38871,0,5.165804841655733%
38872,0,5.165671948960691%
38873,0,5.165539063102925%
38874,0,5.165406184081905%
38875,0,5.165273311897106%
38876,0,5.165140446547999%
38877,0,5.165007588034056%
38878,0,5.164874736354751%
38879,0,5.164741891509555%
38880,0,5.164609053497942%
38881,0,5.164476222319385%
38882,0,5.164343397973355%
38883,0,5.164210580459327%
38884,0,5.164077769776772%
38885,0,5.163944965925164%
38886,0,5.163812168903976%
38887,0,5.16367937871268%
38888,0,5.163546595350751%
38889,0,5.16341381881766%
38890,0,5.163281049112882%
38891,0,5.16314828623589%
38892,0,5.163015530186157%
38893,0,5.162882780963155%
38894,0,5.16275003856636%
38895,0,5.162617302995243%
38896,0,5.16248457424928%
38897,0,5.162351852327943%
38898,0,5.162219137230705%
38899,0,5.162086428957043%
38900,0,5.161953727506427%
38901,0,5.161821032878333%
38902,0,5.161688345072233%
38903,0,5.161555664087603%
38904,0,5.161422989923915%
38905,0,5.161290322580645%
38906,0,5.161157662057266%
38907,0,5.161025008353253%
38908,0,5.160892361468079%
38909,0,5.160759721401218%
38910,0,5.160627088152146%
38911,0,5.1604944617203365%
38912,0,5.160361842105264%
38913,0,5.160229229306401%
38914,0,5.160096623323226%
38915,0,5.15996402415521%
38916,0,5.1598314318018295%
38917,0,5.159698846262558%
38918,0,5.1595662675368725%
38919,0,5.159433695624245%
38920,0,5.1593011305241525%
38921,0,5.159168572236068%
38922,0,5.159036020759468%
38923,0,5.158903476093826%
38924,0,5.158770938238619%
38925,0,5.15863840719332%
38926,0,5.158505882957407%
38927,0,5.158373365530352%
38928,0,5.158240854911631%
38929,0,5.158108351100721%
38930,0,5.1579758540970975%
38931,0,5.157843363900234%
38932,0,5.157710880509606%
38933,0,5.157578403924691%
38934,0,5.157445934144963%
38935,0,5.157313471169898%
38936,0,5.157181014998972%
38937,0,5.157048565631661%
38938,0,5.1569161230674405%
38939,0,5.156783687305786%
38940,0,5.156651258346174%
38941,0,5.15651883618808%
38942,0,5.156386420830979%
38943,0,5.15625401227435%
38944,0,5.156121610517666%
38945,0,5.155989215560406%
38946,0,5.155856827402044%
38947,0,5.155724446042057%
38948,0,5.155592071479922%
38949,0,5.155459703715114%
38950,0,5.155327342747111%
38951,0,5.155194988575389%
38952,0,5.155062641199424%
38953,0,5.154930300618695%
38954,0,5.154797966832674%
38955,0,5.154665639840842%
38956,0,5.154533319642674%
38957,0,5.154401006237647%
38958,0,5.154268699625238%
38959,0,5.154136399804924%
38960,0,5.15400410677618%
38961,0,5.1538718205384875%
38962,0,5.15373954109132%
38963,0,5.153607268434156%
38964,0,5.153475002566472%
38965,0,5.1533427434877455%
38966,0,5.153210491197454%
38967,0,5.153078245695076%
38968,0,5.152946006980087%
38969,0,5.152813775051964%
38970,0,5.152681549910188%
38971,0,5.152549331554233%
38972,0,5.152417119983578%
38973,0,5.152284915197701%
38974,0,5.1521527171960795%
38975,0,5.152020525978191%
38976,0,5.151888341543514%
38977,0,5.151756163891526%
38978,0,5.151623993021705%
38979,0,5.151491828933528%
38980,0,5.151359671626475%
38981,0,5.151227521100023%
38982,0,5.15109537735365%
38983,0,5.150963240386836%
38984,0,5.150831110199056%
38985,0,5.1506989867897905%
38986,0,5.150566870158518%
38987,0,5.150434760304717%
38988,0,5.150302657227865%
38989,0,5.150170560927441%
38990,0,5.150038471402924%
38991,0,5.1499063886537915%
38992,0,5.149774312679524%
38993,0,5.149642243479599%
38994,0,5.149510181053495%
38995,0,5.149378125400692%
38996,0,5.149246076520669%
38997,0,5.149114034412904%
38998,0,5.1489819990768755%
38999,0,5.148849970512064%
39000,0,5.148717948717948%
39001,0,5.148585933694008%
39002,0,5.14845392543972%
39003,0,5.148321923954568%
39004,0,5.148189929238027%
39005,0,5.148057941289578%
39006,0,5.147925960108701%
39007,0,5.147793985694875%
39008,0,5.14766201804758%
39009,0,5.1475300571662945%
39010,0,5.1473981030505%
39011,0,5.147266155699675%
39012,0,5.147134215113298%
39013,0,5.147002281290852%
39014,0,5.1468703542318135%
39015,0,5.146738433935666%
39016,0,5.146606520401886%
39017,0,5.146474613629956%
39018,0,5.1463427136193545%
39019,0,5.146210820369563%
39020,0,5.146078933880061%
39021,0,5.145947054150329%
39022,0,5.145815181179847%
39023,0,5.145683314968095%
39024,0,5.145551455514555%
39025,0,5.145419602818706%
39026,0,5.145287756880029%
39027,0,5.145155917698005%
39028,0,5.145024085272112%
39029,0,5.144892259601835%
39030,0,5.144760440686651%
39031,0,5.144628628526044%
39032,0,5.144496823119492%
39033,0,5.1443650244664765%
39034,0,5.144233232566481%
39035,0,5.144101447418983%
39036,0,5.143969669023465%
39037,0,5.143837897379409%
39038,0,5.143706132486296%
39039,0,5.143574374343605%
39040,0,5.143442622950819%
39041,0,5.14331087830742%
39042,0,5.143179140412888%
39043,0,5.143047409266706%
39044,0,5.1429156848683535%
39045,0,5.142783967217313%
39046,0,5.142652256313067%
39047,0,5.142520552155095%
39048,0,5.14238885474288%
39049,0,5.142257164075905%
39050,0,5.142125480153649%
39051,0,5.141993802975596%
39052,0,5.1418621325412275%
39053,0,5.141730468850024%
39054,0,5.14159881190147%
39055,0,5.141467161695045%
39056,0,5.141335518230234%
39057,0,5.141203881506516%
39058,0,5.141072251523376%
39059,0,5.140940628280294%
39060,0,5.140809011776754%
39061,0,5.140677402012237%
39062,0,5.140545798986227%
39063,0,5.140414202698206%
39064,0,5.140282613147655%
39065,0,5.140151030334058%
39066,0,5.140019454256898%
39067,0,5.139887884915658%
39068,0,5.139756322309818%
39069,0,5.139624766438865%
39070,0,5.139493217302278%
39071,0,5.139361674899542%
39072,0,5.13923013923014%
39073,0,5.139098610293553%
39074,0,5.138967088089267%
39075,0,5.138835572616763%
39076,0,5.138704063875524%
39077,0,5.138572561865036%
39078,0,5.138441066584779%
39079,0,5.138309578034239%
39080,0,5.138178096212897%
39081,0,5.138046621120237%
39082,0,5.137915152755744%
39083,0,5.1377836911189005%
39084,0,5.137652236209191%
39085,0,5.137520788026097%
39086,0,5.137389346569104%
39087,0,5.137257911837696%
39088,0,5.137126483831355%
39089,0,5.136995062549567%
39090,0,5.136863647991814%
39091,0,5.13673224015758%
39092,0,5.136600839046352%
39093,0,5.136469444657611%
39094,0,5.136338056990843%
39095,0,5.13620667604553%
39096,0,5.136075301821158%
39097,0,5.135943934317211%
39098,0,5.135812573533173%
39099,0,5.135681219468529%
39100,0,5.135549872122762%
39101,0,5.135418531495358%
39102,0,5.135287197585801%
39103,0,5.135155870393576%
39104,0,5.1350245499181675%
39105,0,5.134893236159059%
39106,0,5.1347619291157365%
39107,0,5.134630628787685%
39108,0,5.134499335174389%
39109,0,5.134368048275333%
39110,0,5.134236768090003%
39111,0,5.134105494617883%
39112,0,5.133974227858458%
39113,0,5.133842967811213%
39114,0,5.133711714475635%
39115,0,5.133580467851208%
39116,0,5.133449227937417%
39117,0,5.133317994733747%
39118,0,5.1331867682396854%
39119,0,5.133055548454715%
39120,0,5.1329243353783225%
39121,0,5.132793129009994%
39122,0,5.132661929349215%
39123,0,5.132530736395471%
39124,0,5.1323995501482464%
39125,0,5.1322683706070285%
39126,0,5.1321371977713035%
39127,0,5.132006031640555%
39128,0,5.131874872214271%
39129,0,5.131743719491936%
39130,0,5.1316125734730385%
39131,0,5.131481434157062%
39132,0,5.1313503015434945%
39133,0,5.13121917563182%
39134,0,5.131088056421526%
39135,0,5.130956943912099%
39136,0,5.130825838103025%
39137,0,5.130694738993792%
39138,0,5.130563646583883%
39139,0,5.130432560872786%
39140,0,5.1303014818599895%
39141,0,5.130170409544978%
39142,0,5.13003934392724%
39143,0,5.129908285006259%
39144,0,5.1297772327815245%
39145,0,5.129646187252523%
39146,0,5.12951514841874%
39147,0,5.129384116279664%
39148,0,5.129253090834781%
39149,0,5.129122072083578%
39150,0,5.128991060025543%
39151,0,5.128860054660162%
39152,0,5.1287290559869225%
39153,0,5.128598064005312%
39154,0,5.128467078714818%
39155,0,5.128336100114928%
39156,0,5.128205128205128%
39157,0,5.128074162984906%
39158,0,5.127943204453751%
39159,0,5.127812252611149%
39160,0,5.127681307456589%
39161,0,5.127550368989556%
39162,0,5.127419437209539%
39163,0,5.127288512116028%
39164,1,5.1297109590440195%
39165,1,5.132133282267331%
39166,1,5.134555481795434%
39167,1,5.136977557637808%
39168,1,5.139399509803921%
39169,0,5.139268298909852%
39170,0,5.139137094715343%
39171,1,5.141558806259733%
39172,1,5.143980394159093%
39173,0,5.143849079723279%
39174,1,5.146270485526115%
39175,1,5.148691767708998%
39176,1,5.151112926281397%
39177,1,5.1535339612527755%
39178,1,5.155954872632599%
39179,1,5.158375660430332%
39180,1,5.160796324655436%
39181,1,5.163216865317373%
39182,1,5.165637282425604%
39183,1,5.168057575989588%
39184,0,5.1679256839526335%
39185,0,5.167793798647442%
39186,0,5.1676619200734955%
39187,0,5.16753004823028%
39188,0,5.167398183117281%
39189,0,5.167266324733982%
39190,0,5.167134473079868%
39191,0,5.167002628154424%
39192,0,5.166870789957134%
39193,0,5.166738958487485%
39194,0,5.166607133744961%
39195,0,5.1664753157290475%
39196,0,5.1663435044392285%
39197,0,5.1662116998749905%
39198,0,5.166079902035818%
39199,0,5.165948110921197%
39200,0,5.165816326530613%
39201,0,5.165684548863549%
39202,0,5.165552777919494%
39203,0,5.165421013697932%
39204,0,5.1652892561983474%
39205,0,5.165157505420227%
39206,0,5.165025761363057%
39207,0,5.164894024026322%
39208,0,5.164762293409508%
39209,0,5.164630569512102%
39210,0,5.164498852333589%
39211,0,5.164367141873454%
39212,0,5.164235438131184%
39213,0,5.164103741106266%
39214,0,5.1639720507981846%
39215,0,5.163840367206426%
39216,0,5.163708690330478%
39217,0,5.163577020169825%
39218,0,5.163445356723953%
39219,1,5.165863484535556%
39220,1,5.1682814890362065%
39221,1,5.170699370235333%
39222,1,5.173117128142369%
39223,0,5.172985238253066%
39224,1,5.175402814603304%
39225,1,5.177820267686425%
39226,0,5.17768826798552%
39227,0,5.177556275014658%
39228,0,5.1774242887733255%
39229,0,5.177292309261006%
39230,0,5.177160336477185%
39231,0,5.1770283704213504%
39232,0,5.176896411092986%
39233,0,5.176764458491576%
39234,0,5.176632512616608%
39235,0,5.176500573467567%
39236,0,5.17636864104394%
39237,0,5.17623671534521%
39238,0,5.176104796370865%
39239,0,5.17597288412039%
39240,0,5.175840978593272%
39241,0,5.175709079788996%
39242,0,5.175577187707049%
39243,0,5.175445302346915%
39244,0,5.175313423708083%
39245,0,5.175181551790037%
39246,0,5.1750496865922635%
39247,0,5.174917828114251%
39248,0,5.174785976355483%
39249,0,5.174654131315448%
39250,0,5.174522292993631%
39251,0,5.174390461389518%
39252,0,5.174258636502599%
39253,0,5.174126818332357%
39254,0,5.17399500687828%
39255,0,5.173863202139855%
39256,0,5.173731404116568%
39257,0,5.173599612807907%
39258,0,5.173467828213358%
39259,0,5.1733360503324075%
39260,0,5.173204279164544%
39261,0,5.173072514709254%
39262,0,5.172940756966024%
39263,0,5.17280900593434%
39264,0,5.172677261613692%
39265,0,5.172545524003565%
39266,0,5.172413793103448%
39267,0,5.1722820689128275%
39268,0,5.172150351431191%
39269,0,5.172018640658026%
39270,0,5.171886936592819%
39271,0,5.1717552392350585%
39272,0,5.1716235485842335%
39273,0,5.171491864639829%
39274,0,5.1713601874013335%
39275,0,5.171228516868237%
39276,0,5.171096853040025%
39277,0,5.170965195916185%
39278,0,5.170833545496206%
39279,0,5.1707019017795774%
39280,0,5.170570264765784%
39281,0,5.1704386344543165%
39282,0,5.170307010844661%
39283,0,5.170175393936308%
39284,0,5.170043783728744%
39285,0,5.169912180221459%
39286,0,5.169780583413939%
39287,0,5.169648993305674%
39288,0,5.169517409896152%
39289,0,5.169385833184861%
39290,0,5.1692542631712906%
39291,0,5.1691226998549284%
39292,0,5.168991143235265%
39293,0,5.168859593311786%
39294,0,5.168728050083982%
39295,0,5.168596513551343%
39296,0,5.1684649837133545%
39297,0,5.168333460569509%
39298,0,5.168201944119294%
39299,0,5.168070434362197%
39300,0,5.16793893129771%
39301,0,5.1678074349253205%
39302,0,5.1676759452445165%
39303,0,5.1675444622547895%
39304,0,5.167412985955628%
39305,0,5.167281516346521%
39306,0,5.167150053426957%
39307,0,5.167018597196428%
39308,0,5.166887147654421%
39309,0,5.166755704800428%
39310,0,5.166624268633935%
39311,0,5.166492839154435%
39312,0,5.166361416361416%
39313,1,5.1687736880929975%
39314,1,5.171185837106374%
39315,1,5.1735978634109125%
39316,1,5.176009767015973%
39317,0,5.175878118879874%
39318,1,5.178289841802736%
39319,1,5.180701442050917%
39320,0,5.1805696846388605%
39321,0,5.180437933928435%
39322,0,5.180306189919129%
39323,0,5.180174452610432%
39324,0,5.180042722001831%
39325,0,5.179910998092816%
39326,0,5.179779280882876%
39327,0,5.1796475703715%
39328,0,5.1795158665581775%
39329,0,5.179384169442396%
39330,0,5.179252479023646%
39331,0,5.179120795301416%
39332,0,5.1789891182751955%
39333,0,5.178857447944473%
39334,0,5.178725784308741%
39335,0,5.178594127367484%
39336,0,5.1784624771201955%
39337,0,5.1783308335663625%
39338,0,5.178199196705475%
39339,0,5.178067566537024%
39340,0,5.177935943060498%
39341,0,5.177804326275387%
39342,0,5.17767271618118%
39343,0,5.1775411127773685%
39344,0,5.177409516063441%
39345,0,5.177277926038887%
39346,0,5.177146342703198%
39347,0,5.177014766055862%
39348,0,5.17688319609637%
39349,0,5.176751632824214%
39350,0,5.176620076238882%
39351,0,5.176488526339864%
39352,0,5.176356983126651%
39353,0,5.1762254465987345%
39354,0,5.176093916755603%
39355,0,5.175962393596747%
39356,0,5.175830877121658%
39357,0,5.175699367329827%
39358,0,5.175567864220743%
39359,0,5.175436367793897%
39360,0,5.17530487804878%
39361,0,5.175173394984883%
39362,0,5.175041918601697%
39363,0,5.174910448898712%
39364,0,5.1747789858754185%
39365,0,5.17464752953131%
39366,0,5.1745160798658745%
39367,0,5.174384636878604%
39368,0,5.17425320056899%
39369,0,5.174121770936524%
39370,0,5.173990347980697%
39371,0,5.173858931700998%
39372,0,5.173727522096922%
39373,0,5.173596119167958%
39374,0,5.1734647229135975%
39375,1,5.175873015873016%
39376,1,5.178281186509548%
39377,1,5.180689234832517%
39378,1,5.183097160851237%
39379,0,5.1829655400086345%
39380,0,5.1828339258506855%
39381,1,5.185241613976284%
39382,1,5.187649179828348%
39383,1,5.190056623416195%
39384,0,5.189924842575666%
39385,0,5.189793068427067%
39386,0,5.189661300969887%
39387,0,5.189529540203621%
39388,1,5.191936630445821%
39389,1,5.194343598466577%
39390,1,5.196750444275197%
39391,0,5.1966185169201085%
39392,0,5.196486596263201%
39393,0,5.196354682303963%
39394,0,5.196222775041885%
39395,0,5.1960908744764565%
39396,0,5.195958980607168%
39397,0,5.19582709343351%
39398,0,5.1956952129549725%
39399,0,5.195563339171045%
39400,0,5.195431472081218%
39401,0,5.195299611684982%
39402,0,5.195167757981829%
39403,0,5.195035910971246%
39404,0,5.194904070652726%
39405,0,5.1947722370257585%
39406,0,5.194640410089834%
39407,0,5.194508589844444%
39408,0,5.1943767762890785%
39409,0,5.194244969423228%
39410,0,5.194113169246385%
39411,0,5.193981375758037%
39412,0,5.193849588957678%
39413,0,5.193717808844797%
39414,0,5.193586035418886%
39415,0,5.193454268679436%
39416,0,5.193322508625939%
39417,0,5.193190755257883%
39418,0,5.193059008574763%
39419,0,5.192927268576067%
39420,0,5.192795535261289%
39421,0,5.192663808629918%
39422,0,5.192532088681447%
39423,0,5.1924003754153665%
39424,0,5.1922686688311686%
39425,0,5.192136968928345%
39426,0,5.192005275706387%
39427,0,5.191873589164786%
39428,0,5.191741909303033%
39429,0,5.191610236120622%
39430,0,5.191478569617043%
39431,0,5.191346909791788%
39432,0,5.19121525664435%
39433,0,5.1910836101742195%
39434,0,5.1909519703808895%
39435,0,5.190820337263852%
39436,0,5.190688710822599%
39437,0,5.190557091056622%
39438,0,5.190425477965414%
39439,0,5.190293871548468%
39440,0,5.190162271805273%
39441,0,5.190030678735326%
39442,0,5.189899092338117%
39443,0,5.189767512613138%
39444,0,5.189635939559882%
39445,0,5.189504373177843%
39446,0,5.189372813466512%
39447,0,5.189241260425381%
39448,0,5.189109714053944%
39449,0,5.1889781743516945%
39450,0,5.188846641318124%
39451,0,5.188715114952727%
39452,0,5.188583595254993%
39453,0,5.188452082224418%
39454,0,5.188320575860496%
39455,0,5.188189076162717%
39456,0,5.1880575831305755%
39457,0,5.187926096763565%
39458,0,5.187794617061179%
39459,0,5.18766314402291%
39460,0,5.187531677648251%
39461,0,5.1874002179366965%
39462,0,5.18726876488774%
39463,0,5.1871373185008744%
39464,0,5.187005878775593%
39465,0,5.18687444571139%
39466,0,5.186743019307759%
39467,0,5.186611599564193%
39468,0,5.186480186480186%
39469,0,5.1863487800552335%
39470,0,5.186217380288827%
39471,0,5.186085987180462%
39472,0,5.185954600729631%
39473,0,5.18582322093583%
39474,0,5.185691847798551%
39475,0,5.18556048131729%
39476,0,5.18542912149154%
39477,0,5.185297768320794%
39478,0,5.18516642180455%
39479,0,5.185035081942298%
39480,0,5.184903748733536%
39481,0,5.1847724221777565%
39482,0,5.184641102274455%
39483,0,5.1845097890231235%
39484,0,5.18437848242326%
39485,0,5.1842471824743575%
39486,0,5.18411588917591%
39487,0,5.183984602527413%
39488,0,5.183853322528363%
39489,0,5.183722049178252%
39490,0,5.183590782476577%
39491,0,5.18345952242283%
39492,0,5.18332826901651%
39493,0,5.183197022257109%
39494,0,5.183065782144123%
39495,0,5.182934548677047%
39496,0,5.182803321855378%
39497,0,5.182672101678609%
39498,0,5.182540888146235%
39499,0,5.182409681257753%
39500,0,5.182278481012658%
39501,0,5.182147287410445%
39502,0,5.1820161004506105%
39503,0,5.1818849201326485%
39504,0,5.181753746456056%
39505,0,5.181622579420327%
39506,0,5.181491419024958%
39507,0,5.181360265269446%
39508,0,5.1812291181532855%
39509,0,5.1810979776759725%
39510,0,5.180966843837003%
39511,0,5.180835716635874%
39512,0,5.180704596072079%
39513,0,5.180573482145117%
39514,0,5.180442374854482%
39515,0,5.1803112741996715%
39516,0,5.18018018018018%
39517,0,5.180049092795506%
39518,0,5.179918012045144%
39519,0,5.179786937928591%
39520,0,5.179655870445344%
39521,0,5.1795248095948985%
39522,0,5.179393755376752%
39523,0,5.1792627077904%
39524,0,5.179131666835341%
39525,0,5.179000632511069%
39526,0,5.178869604817082%
39527,0,5.178738583752878%
39528,0,5.178607569317952%
39529,0,5.178476561511801%
39530,0,5.1783455603339235%
39531,0,5.178214565783815%
39532,0,5.178083577860973%
39533,0,5.177952596564895%
39534,0,5.177821621895077%
39535,0,5.177690653851018%
39536,0,5.177559692432214%
39537,0,5.177428737638161%
39538,0,5.177297789468359%
39539,0,5.1771668479223045%
39540,0,5.177035912999494%
39541,0,5.1769049846994255%
39542,0,5.176774063021598%
39543,0,5.176643147965506%
39544,0,5.176512239530649%
39545,1,5.17891010241497%
39546,1,5.181307844029737%
39547,1,5.1837054643841505%
39548,1,5.186102963487408%
39549,0,5.185971832410428%
39550,0,5.185840707964602%
39551,0,5.185709590149427%
39552,0,5.185578478964401%
39553,0,5.185447374409021%
39554,0,5.185316276482783%
39555,0,5.185185185185185%
39556,0,5.185054100515725%
39557,0,5.184923022473899%
39558,0,5.184791951059204%
39559,0,5.184660886271139%
39560,0,5.184529828109201%
39561,0,5.184398776572888%
39562,0,5.184267731661696%
39563,0,5.184136693375123%
39564,0,5.184005661712668%
39565,0,5.183874636673828%
39566,0,5.1837436182581005%
39567,0,5.183612606464984%
39568,0,5.183481601293975%
39569,0,5.183350602744572%
39570,0,5.183219610816274%
39571,0,5.183088625508579%
39572,0,5.182957646820984%
39573,0,5.182826674752988%
39574,0,5.182695709304089%
39575,0,5.182564750473784%
39576,0,5.182433798261573%
39577,0,5.182302852666953%
39578,0,5.182171913689423%
39579,0,5.182040981328482%
39580,0,5.181910055583628%
39581,0,5.1817791364543595%
39582,0,5.181648223940175%
39583,0,5.181517318040573%
39584,0,5.181386418755053%
39585,0,5.181255526083112%
39586,0,5.181124640024251%
39587,0,5.180993760577968%
39588,0,5.180862887743761%
39589,0,5.18073202152113%
39590,0,5.180601161909573%
39591,0,5.180470308908591%
39592,0,5.18033946251768%
39593,0,5.180208622736342%
39594,0,5.180077789564075%
39595,0,5.179946963000378%
39596,0,5.179816143044752%
39597,0,5.179685329696694%
39598,0,5.179554522955705%
39599,0,5.179423722821283%
39600,0,5.179292929292929%
39601,0,5.179162142370142%
39602,0,5.179031362052421%
39603,0,5.178900588339267%
39604,0,5.178769821230179%
39605,0,5.178639060724656%
39606,0,5.178508306822199%
39607,0,5.178377559522307%
39608,0,5.17824681882448%
39609,1,5.18064076346285%
39610,1,5.183034587225448%
39611,1,5.185428290121431%
39612,1,5.187821872159951%
39613,1,5.190215333350163%
39614,1,5.192608673701217%
39615,0,5.192477596869873%
39616,0,5.192346526655896%
39617,0,5.192215463058788%
39618,0,5.192084406078045%
39619,0,5.191953355713168%
39620,0,5.191822311963655%
39621,0,5.191691274829005%
39622,0,5.191560244308717%
39623,0,5.191429220402291%
39624,0,5.191298203109226%
39625,0,5.191167192429022%
39626,0,5.191036188361177%
39627,0,5.190905190905191%
39628,0,5.190774200060563%
39629,0,5.190643215826793%
39630,0,5.1905122382033815%
39631,0,5.190381267189826%
39632,0,5.1902503027856275%
39633,0,5.190119344990285%
39634,0,5.1899883938033%
39635,0,5.189857449224171%
39636,0,5.189726511252397%
39637,0,5.189595579887478%
39638,0,5.189464655128917%
39639,0,5.18933373697621%
39640,0,5.189202825428859%
39641,0,5.189071920486365%
39642,0,5.188941022148227%
39643,0,5.188810130413944%
39644,0,5.188679245283019%
39645,0,5.188548366754951%
39646,0,5.188417494829238%
39647,0,5.188286629505385%
39648,0,5.188155770782889%
39649,0,5.188024918661252%
39650,0,5.187894073139974%
39651,0,5.187763234218557%
39652,0,5.1876324018965%
39653,0,5.187501576173304%
39654,0,5.187370757048469%
39655,0,5.187239944521498%
39656,0,5.18710913859189%
39657,0,5.186978339259147%
39658,0,5.1868475465227695%
39659,0,5.186716760382259%
39660,0,5.1865859808371155%
39661,0,5.186455207886842%
39662,0,5.186324441530936%
39663,0,5.186193681768903%
39664,0,5.186062928600242%
39665,0,5.185932182024454%
39666,0,5.1858014420410425%
39667,0,5.185670708649507%
39668,0,5.18553998184935%
39669,0,5.185409261640071%
39670,0,5.1852785480211745%
39671,0,5.18514784099216%
39672,0,5.185017140552531%
39673,0,5.184886446701787%
39674,0,5.184755759439431%
39675,0,5.184625078764965%
39676,0,5.184494404677891%
39677,0,5.18436373717771%
39678,0,5.184233076263925%
39679,0,5.1841024219360365%
39680,0,5.183971774193549%
39681,0,5.183841133035962%
39682,0,5.183710498462779%
39683,0,5.183579870473502%
39684,0,5.1834492490676345%
39685,0,5.183318634244677%
39686,0,5.1831880260041325%
39687,0,5.183057424345503%
39688,0,5.182926829268292%
39689,0,5.182796240772002%
39690,0,5.182665658856135%
39691,0,5.182535083520193%
39692,0,5.182404514763681%
39693,0,5.182273952586098%
39694,0,5.182143396986951%
39695,0,5.182012847965739%
39696,0,5.181882305521967%
39697,0,5.181751769655138%
39698,0,5.181621240364754%
39699,0,5.181490717650319%
39700,0,5.1813602015113345%
39701,0,5.181229691947306%
39702,0,5.181099188957735%
39703,0,5.180968692542125%
39704,0,5.18083820269998%
39705,0,5.180707719430802%
39706,0,5.1805772427340955%
39707,0,5.180446772609364%
39708,0,5.180316309056109%
39709,0,5.180185852073837%
39710,0,5.18005540166205%
39711,0,5.179924957820251%
39712,0,5.179794520547945%
39713,0,5.179664089844635%
39714,0,5.179533665709825%
39715,0,5.179403248143019%
39716,0,5.179272837143721%
39717,0,5.1791424327114335%
39718,0,5.179012034845662%
39719,0,5.17888164354591%
39720,0,5.178751258811682%
39721,0,5.178620880642482%
39722,0,5.178490509037813%
39723,0,5.178360143997181%
39724,0,5.178229785520089%
39725,0,5.178099433606041%
39726,0,5.177969088254543%
39727,0,5.177838749465099%
39728,0,5.177708417237213%
39729,0,5.177578091570389%
39730,0,5.1774477724641335%
39731,0,5.177317459917949%
39732,0,5.17718715393134%
39733,0,5.177056854503813%
39734,0,5.176926561634872%
39735,0,5.176796275324022%
39736,0,5.176665995570767%
39737,0,5.176535722374613%
39738,0,5.176405455735065%
39739,0,5.176275195651627%
39740,0,5.176144942123805%
39741,0,5.176014695151103%
39742,0,5.175884454733028%
39743,0,5.175754220869084%
39744,0,5.1756239935587764%
39745,0,5.17549377280161%
39746,0,5.175363558597092%
39747,0,5.175233350944725%
39748,0,5.175103149844017%
39749,0,5.174972955294472%
39750,0,5.174842767295598%
39751,0,5.174712585846897%
39752,0,5.174582410947877%
39753,0,5.1744522425980435%
39754,0,5.174322080796901%
39755,0,5.174191925543957%
39756,0,5.174061776838716%
39757,0,5.173931634680685%
39758,0,5.17380149906937%
39759,0,5.173671370004276%
39760,0,5.173541247484909%
39761,0,5.173411131510776%
39762,0,5.173281022081384%
39763,0,5.173150919196238%
39764,0,5.173020822854844%
39765,0,5.1728907330567075%
39766,0,5.172760649801337%
39767,0,5.172630573088239%
39768,0,5.172500502916918%
39769,0,5.1723704392868814%
39770,0,5.172240382197637%
39771,0,5.172110331648689%
39772,0,5.1719802876395455%
39773,0,5.171850250169713%
39774,1,5.174234424498416%
39775,0,5.174104336895034%
39776,1,5.1764883346741755%
39777,0,5.1763581969479855%
39778,0,5.176228065764995%
39779,0,5.176097941124714%
39780,0,5.175967823026647%
39781,0,5.1758377114703%
39782,0,5.17570760645518%
39783,0,5.175577507980796%
39784,0,5.1754474160466515%
39785,0,5.1753173306522555%
39786,0,5.175187251797114%
39787,0,5.175057179480735%
39788,0,5.174927113702624%
39789,0,5.174797054462289%
39790,0,5.174667001759236%
39791,0,5.174536955592973%
39792,0,5.174406915963008%
39793,0,5.174276882868846%
39794,0,5.174146856309997%
39795,0,5.174016836285966%
39796,0,5.173886822796261%
39797,0,5.17375681584039%
39798,0,5.17362681541786%
39799,0,5.173496821528179%
39800,0,5.173366834170854%
39801,0,5.173236853345394%
39802,0,5.173106879051304%
39803,0,5.172976911288093%
39804,0,5.172846950055271%
39805,0,5.172716995352342%
39806,0,5.172587047178817%
39807,0,5.172457105534202%
39808,0,5.172327170418006%
39809,0,5.172197241829736%
39810,0,5.172067319768902%
39811,0,5.17193740423501%
39812,0,5.171807495227569%
39813,0,5.171677592746088%
39814,0,5.171547696790073%
39815,0,5.171417807359036%
39816,0,5.171287924452481%
39817,0,5.17115804806992%
39818,0,5.17102817821086%
39819,0,5.170898314874808%
39820,0,5.170768458061276%
39821,0,5.17063860776977%
39822,0,5.170508763999799%
39823,0,5.170378926750872%
39824,0,5.1702490960224985%
39825,0,5.170119271814187%
39826,0,5.169989454125446%
39827,0,5.169859642955784%
39828,0,5.16972983830471%
39829,0,5.1696000401717335%
39830,0,5.169470248556364%
39831,0,5.169340463458111%
39832,0,5.169210684876481%
39833,0,5.169080912810986%
39834,0,5.168951147261134%
39835,0,5.168821388226434%
39836,0,5.168691635706396%
39837,0,5.16856188970053%
39838,0,5.168432150208344%
39839,0,5.168302417229348%
39840,0,5.168172690763052%
39841,0,5.1680429708089655%
39842,0,5.167913257366598%
39843,0,5.167783550435459%
39844,0,5.167653850015059%
39845,0,5.167524156104906%
39846,0,5.167394468704512%
39847,0,5.1672647878133855%
39848,0,5.167135113431038%
39849,0,5.167005445556978%
39850,0,5.166875784190715%
39851,0,5.166746129331761%
39852,0,5.1666164809796244%
39853,0,5.166486839133817%
39854,0,5.166357203793847%
39855,0,5.166227574959227%
39856,0,5.166097952629467%
39857,0,5.165968336804075%
39858,0,5.165838727482563%
39859,0,5.165709124664442%
39860,0,5.165579528349222%
39861,0,5.1654499385364145%
39862,0,5.165320355225528%
39863,0,5.165190778416075%
39864,0,5.1650612081075655%
39865,0,5.164931644299511%
39866,0,5.164802086991421%
39867,0,5.164672536182808%
39868,0,5.164542991873181%
39869,0,5.164413454062053%
39870,0,5.164283922748934%
39871,0,5.164154397933335%
39872,0,5.164024879614767%
39873,0,5.163895367792741%
39874,0,5.163765862466771%
39875,0,5.163636363636363%
39876,1,5.166014645400742%
39877,1,5.168392807884245%
39878,1,5.170770851095843%
39879,0,5.170641189598536%
39880,0,5.170511534603812%
39881,0,5.170381886111181%
39882,0,5.170252244120154%
39883,0,5.170122608630243%
39884,0,5.169992979640959%
39885,0,5.169863357151812%
39886,0,5.169733741162313%
39887,0,5.169604131671973%
39888,1,5.171981548335339%
39889,1,5.174358845797087%
39890,1,5.176736024066182%
39891,1,5.179113083151588%
39892,1,5.181490023062269%
39893,0,5.18136013837014%
39894,0,5.181230260189502%
39895,0,5.181100388519864%
39896,0,5.180970523360738%
39897,0,5.180840664711632%
39898,0,5.180710812572058%
39899,0,5.180580966941528%
39900,0,5.180451127819549%
39901,0,5.1803212952056334%
39902,0,5.180191469099293%
39903,0,5.180061649500037%
39904,0,5.179931836407378%
39905,0,5.1798020298208245%
39906,0,5.1796722297398885%
39907,0,5.179542436164081%
39908,0,5.179412649092914%
39909,0,5.179282868525896%
39910,0,5.17915309446254%
39911,0,5.179023326902358%
39912,0,5.1788935658448585%
39913,0,5.178763811289555%
39914,0,5.1786340632359575%
39915,0,5.178504321683578%
39916,0,5.178374586631927%
39917,0,5.178244858080517%
39918,0,5.178115136028859%
39919,0,5.177985420476465%
39920,0,5.177855711422845%
39921,0,5.177726008867514%
39922,0,5.17759631280998%
39923,0,5.177466623249756%
39924,0,5.177336940186354%
39925,0,5.1772072636192865%
39926,0,5.177077593548065%
39927,0,5.176947929972199%
39928,0,5.176818272891205%
39929,0,5.1766886223045905%
39930,0,5.1765589782118715%
39931,0,5.1764293406125566%
39932,0,5.176299709506161%
39933,0,5.1761700848921945%
39934,0,5.176040466770171%
39935,0,5.175910855139602%
39936,0,5.17578125%
39937,0,5.175651651350878%
39938,0,5.1755220591917475%
39939,0,5.175392473522121%
39940,0,5.175262894341513%
39941,0,5.175133321649432%
39942,0,5.175003755445396%
39943,0,5.174874195728914%
39944,0,5.174744642499499%
39945,0,5.174615095756666%
39946,0,5.174485555499925%
39947,0,5.174356021728791%
39948,0,5.174226494442776%
39949,0,5.174096973641393%
39950,0,5.173967459324155%
39951,0,5.173837951490576%
39952,0,5.173708450140168%
39953,0,5.173578955272445%
39954,0,5.17344946688692%
39955,0,5.173319984983106%
39956,0,5.173190509560516%
39957,0,5.173061040618665%
39958,0,5.172931578157065%
39959,0,5.17280212217523%
39960,0,5.172672672672673%
39961,0,5.172543229648908%
39962,0,5.172413793103448%
39963,0,5.172284363035808%
39964,0,5.172154939445501%
39965,0,5.17202552233204%
39966,0,5.171896111694941%
39967,0,5.171766707533716%
39968,0,5.1716373098478785%
39969,0,5.1715079186369435%
39970,0,5.171378533900425%
39971,0,5.171249155637837%
39972,0,5.171119783848694%
39973,0,5.17099041853251%
39974,0,5.170861059688798%
39975,0,5.170731707317073%
39976,0,5.170602361416851%
39977,0,5.170473021987643%
39978,0,5.170343689028966%
39979,0,5.170214362540334%
39980,0,5.1700850425212606%
39981,0,5.169955728971262%
39982,0,5.169826421889851%
39983,0,5.169697121276543%
39984,0,5.1695678271308525%
39985,0,5.169438539452295%
39986,0,5.169309258240384%
39987,0,5.169179983494636%
39988,0,5.169050715214564%
39989,0,5.168921453399685%
39990,0,5.168792198049512%
39991,0,5.168662949163562%
39992,0,5.168533706741348%
39993,0,5.168404470782387%
39994,0,5.168275241286193%
39995,0,5.168146018252282%
39996,0,5.168016801680168%
39997,0,5.167887591569368%
39998,0,5.167758387919396%
39999,0,5.167629190729768%
40000,0,5.1674999999999995%
40001,0,5.167370815729607%
40002,0,5.167241637918104%
40003,0,5.1671124665650074%
40004,0,5.166983301669833%
40005,0,5.166854143232096%
40006,0,5.1667249912513125%
40007,0,5.166595845726998%
40008,0,5.166466706658668%
40009,0,5.16633757404584%
40010,0,5.166208447888028%
40011,0,5.1660793281847495%
40012,0,5.165950214935519%
40013,0,5.165821108139855%
40014,0,5.16569200779727%
40015,0,5.1655629139072845%
40016,0,5.165433826469412%
40017,0,5.165304745483169%
40018,0,5.165175670948073%
40019,0,5.16504660286364%
40020,0,5.164917541229385%
40021,0,5.164788486044826%
40022,0,5.16465943730948%
40023,0,5.1645303950228625%
40024,0,5.16440135918449%
40025,0,5.164272329793879%
40026,0,5.164143306850547%
40027,0,5.164014290354011%
40028,0,5.163885280303787%
40029,0,5.163756276699393%
40030,0,5.163627279540345%
40031,0,5.16349828882616%
40032,0,5.163369304556355%
40033,1,5.165738265930607%
40034,1,5.168107108957386%
40035,1,5.17047583364556%
40036,0,5.1703466879808175%
40037,1,5.172715238404476%
40038,1,5.175083670513013%
40039,1,5.177451984315293%
40040,0,5.177322677322677%
40041,0,5.177193376788791%
40042,0,5.177064082713151%
40043,0,5.176934795095272%
40044,0,5.1768055139346725%
40045,0,5.176676239230865%
40046,0,5.176546970983369%
40047,0,5.1764177091917%
40048,0,5.176288453855374%
40049,0,5.1761592049739065%
40050,0,5.176029962546816%
40051,0,5.1759007265736185%
40052,0,5.17577149705383%
40053,0,5.175642273986967%
40054,0,5.175513057372547%
40055,0,5.175383847210086%
40056,0,5.175254643499101%
40057,0,5.175125446239109%
40058,1,5.1774926356782665%
40059,0,5.177363389001223%
40060,0,5.177234148776835%
40061,0,5.177104915004618%
40062,0,5.17697568768409%
40063,0,5.176846466814767%
40064,0,5.176717252396166%
40065,0,5.176588044427804%
40066,0,5.1764588429091996%
40067,0,5.176329647839868%
40068,0,5.176200459219327%
40069,0,5.176071277047094%
40070,0,5.175942101322685%
40071,0,5.175812932045619%
40072,0,5.1756837692154125%
40073,0,5.175554612831582%
40074,0,5.175425462893647%
40075,0,5.175296319401123%
40076,0,5.175167182353528%
40077,0,5.175038051750381%
40078,0,5.174908927591197%
40079,0,5.174779809875496%
40080,0,5.174650698602794%
40081,0,5.17452159377261%
40082,0,5.1743924953844616%
40083,0,5.174263403437866%
40084,0,5.174134317932342%
40085,0,5.174005238867407%
40086,0,5.173876166242578%
40087,0,5.173747100057375%
40088,0,5.1736180403113154%
40089,0,5.173488987003917%
40090,0,5.173359940134697%
40091,0,5.173230899703175%
40092,0,5.173101865708869%
40093,0,5.172972838151298%
40094,0,5.17284381702998%
40095,0,5.172714802344432%
40096,0,5.172585794094174%
40097,0,5.172456792278724%
40098,0,5.1723277968976005%
40099,0,5.1721988079503225%
40100,0,5.172069825436409%
40101,0,5.171940849355377%
40102,0,5.171811879706747%
40103,0,5.171682916490038%
40104,0,5.1715539597047675%
40105,0,5.171425009350455%
40106,0,5.17129606542662%
40107,0,5.1711671279327796%
40108,0,5.171038196868455%
40109,0,5.170909272233164%
40110,0,5.170780354026427%
40111,0,5.170651442247762%
40112,0,5.170522536896689%
40113,0,5.170393637972727%
40114,0,5.170264745475396%
40115,0,5.170135859404213%
40116,0,5.1700069797587%
40117,0,5.169878106538375%
40118,0,5.1697492397427585%
40119,0,5.16962037937137%
40120,0,5.169491525423728%
40121,0,5.169362677899354%
40122,0,5.169233836797766%
40123,0,5.169105002118486%
40124,0,5.16897617386103%
40125,0,5.1688473520249225%
40126,0,5.1687185366096795%
40127,0,5.168589727614823%
40128,0,5.168460925039872%
40129,0,5.168332128884348%
40130,0,5.1682033391477695%
40131,0,5.168074555829658%
40132,0,5.167945778929533%
40133,0,5.167817008446915%
40134,0,5.167688244381322%
40135,0,5.167559486732279%
40136,0,5.167430735499303%
40137,0,5.167301990681914%
40138,0,5.167173252279635%
40139,0,5.167044520291986%
40140,0,5.166915794718485%
40141,0,5.166787075558656%
40142,0,5.166658362812018%
40143,0,5.166529656478091%
40144,0,5.166400956556397%
40145,0,5.166272263046457%
40146,0,5.166143575947791%
40147,0,5.16601489525992%
40148,0,5.165886220982365%
40149,0,5.165757553114648%
40150,0,5.165628891656289%
40151,0,5.1655002366068095%
40152,0,5.16537158796573%
40153,0,5.165242945732573%
40154,0,5.165114309906858%
40155,0,5.164985680488108%
40156,0,5.164857057475844%
40157,0,5.164728440869587%
40158,0,5.164599830668858%
40159,0,5.164471226873179%
40160,0,5.164342629482071%
40161,0,5.164214038495057%
40162,0,5.164085453911658%
40163,0,5.163956875731395%
40164,0,5.16382830395379%
40165,0,5.163699738578364%
40166,0,5.163571179604641%
40167,0,5.163442627032141%
40168,0,5.163314080860387%
40169,0,5.163185541088899%
40170,0,5.163057007717202%
40171,0,5.162928480744816%
40172,0,5.162799960171264%
40173,0,5.162671445996067%
40174,0,5.162542938218748%
40175,0,5.16241443683883%
40176,0,5.162285941855834%
40177,0,5.162157453269283%
40178,0,5.1620289710786995%
40179,0,5.161900495283605%
40180,0,5.161772025883525%
40181,0,5.161643562877978%
40182,0,5.161515106266488%
40183,0,5.1613866560485775%
40184,0,5.16125821222377%
40185,0,5.161129774791589%
40186,0,5.161001343751556%
40187,0,5.160872919103192%
40188,0,5.1607445008460235%
40189,0,5.160616088979571%
40190,0,5.1604876835033595%
40191,0,5.160359284416909%
40192,0,5.160230891719745%
40193,0,5.16010250541139%
40194,0,5.159974125491367%
40195,0,5.159845751959199%
40196,0,5.159717384814409%
40197,0,5.159589024056522%
40198,0,5.15946066968506%
40199,0,5.159332321699544%
40200,0,5.159203980099503%
40201,0,5.159075644884456%
40202,0,5.158947316053928%
40203,0,5.158818993607442%
40204,0,5.158690677544523%
40205,0,5.158562367864693%
40206,0,5.158434064567477%
40207,0,5.158305767652399%
40208,0,5.158177477118981%
40209,0,5.1580491929667485%
40210,0,5.157920915195225%
40211,0,5.157792643803934%
40212,0,5.157664378792401%
40213,0,5.157536120160147%
40214,0,5.1574078679066995%
40215,0,5.157279622031581%
40216,0,5.157151382534315%
40217,0,5.157023149414427%
40218,0,5.156894922671441%
40219,0,5.156766702304881%
40220,0,5.156638488314272%
40221,0,5.156510280699137%
40222,0,5.156382079459002%
40223,0,5.156253884593392%
40224,0,5.15612569610183%
40225,0,5.1559975139838405%
40226,0,5.15586933823895%
40227,0,5.155741168866681%
40228,0,5.15561300586656%
40229,0,5.155484849238111%
40230,0,5.15535669898086%
40231,0,5.15522855509433%
40232,0,5.155100417578047%
40233,0,5.154972286431536%
40234,0,5.154844161654322%
40235,0,5.15471604324593%
40236,0,5.154587931205885%
40237,0,5.154459825533713%
40238,0,5.154331726228937%
40239,0,5.154203633291086%
40240,0,5.154075546719682%
40241,0,5.153947466514252%
40242,0,5.153819392674321%
40243,0,5.153691325199413%
40244,0,5.1535632640890565%
40245,0,5.153435209342776%
40246,0,5.153307160960095%
40247,0,5.1531791189405425%
40248,0,5.153051083283641%
40249,0,5.1529230539889195%
40250,0,5.1527950310559%
40251,0,5.152667014484112%
40252,0,5.15253900427308%
40253,0,5.152411000422329%
40254,0,5.1522830029313855%
40255,0,5.152155011799777%
40256,0,5.152027027027027%
40257,0,5.151899048612664%
40258,0,5.151771076556212%
40259,0,5.151643110857199%
40260,0,5.151515151515151%
40261,0,5.151387198529594%
40262,0,5.151259251900055%
40263,0,5.151131311626059%
40264,0,5.1510033777071325%
40265,0,5.150875450142804%
40266,0,5.150747528932598%
40267,0,5.150619614076042%
40268,0,5.150491705572663%
40269,0,5.150363803421987%
40270,0,5.150235907623541%
40271,0,5.150108018176852%
40272,0,5.149980135081446%
40273,0,5.149852258336852%
40274,0,5.149724387942594%
40275,0,5.1495965238982%
40276,0,5.149468666203198%
40277,0,5.149340814857115%
40278,0,5.149212969859477%
40279,0,5.149085131209811%
40280,0,5.148957298907646%
40281,0,5.148829472952508%
40282,0,5.148701653343926%
40283,0,5.148573840081424%
40284,0,5.148446033164531%
40285,0,5.148318232592777%
40286,0,5.148190438365685%
40287,0,5.148062650482786%
40288,0,5.147934868943606%
40289,0,5.147807093747673%
40290,0,5.147679324894515%
40291,0,5.147551562383659%
40292,0,5.147423806214634%
40293,0,5.147296056386966%
40294,0,5.147168312900184%
40295,0,5.147040575753816%
40296,0,5.146912844947389%
40297,0,5.146785120480433%
40298,0,5.146657402352474%
40299,0,5.1465296905630415%
40300,0,5.1464019851116625%
40301,0,5.146274285997866%
40302,0,5.14614659322118%
40303,0,5.146018906781133%
40304,0,5.145891226677253%
40305,0,5.145763552909068%
40306,0,5.145635885476107%
40307,0,5.1455082243779%
40308,0,5.145380569613973%
40309,0,5.145252921183855%
40310,0,5.145125279087075%
40311,0,5.144997643323163%
40312,0,5.144870013891645%
40313,0,5.144742390792052%
40314,0,5.144614774023912%
40315,0,5.144487163586755%
40316,0,5.144359559480107%
40317,0,5.1442319617035%
40318,0,5.144104370256461%
40319,0,5.14397678513852%
40320,0,5.1438492063492065%
40321,0,5.143721633888049%
40322,0,5.1435940677545755%
40323,0,5.143466507948317%
40324,0,5.143338954468803%
40325,0,5.143211407315561%
40326,0,5.143083866488122%
40327,0,5.1429563319860145%
40328,0,5.142828803808768%
40329,0,5.142701281955913%
40330,0,5.1425737664269775%
40331,0,5.142446257221492%
40332,0,5.142318754338986%
40333,0,5.14219125777899%
40334,0,5.142063767541032%
40335,0,5.141936283624644%
40336,0,5.141808806029354%
40337,0,5.141681334754692%
40338,0,5.141553869800188%
40339,0,5.141426411165374%
40340,0,5.141298958849777%
40341,0,5.141171512852929%
40342,0,5.141044073174359%
40343,0,5.140916639813598%
40344,0,5.140789212770176%
40345,0,5.140661792043623%
40346,0,5.14053437763347%
40347,0,5.140406969539247%
40348,0,5.140279567760484%
40349,0,5.140152172296712%
40350,0,5.14002478314746%
40351,0,5.13989740031226%
40352,0,5.139770023790642%
40353,0,5.139642653582137%
40354,0,5.139515289686276%
40355,0,5.13938793210259%
40356,0,5.139260580830608%
40357,0,5.139133235869862%
40358,0,5.139005897219882%
40359,0,5.1388785648802005%
40360,0,5.138751238850347%
40361,0,5.138623919129853%
40362,0,5.13849660571825%
40363,0,5.138369298615069%
40364,0,5.13824199781984%
40365,0,5.138114703332095%
40366,0,5.137987415151365%
40367,0,5.137860133277182%
40368,0,5.137732857709077%
40369,0,5.13760558844658%
40370,0,5.137478325489225%
40371,0,5.137351068836541%
40372,0,5.137223818488061%
40373,0,5.137096574443316%
40374,0,5.136969336701838%
40375,0,5.136842105263158%
40376,0,5.136714880126808%
40377,0,5.13658766129232%
40378,0,5.136460448759225%
40379,0,5.136333242527056%
40380,0,5.136206042595344%
40381,0,5.1360788489636215%
40382,0,5.13595166163142%
40383,0,5.135824480598272%
40384,0,5.135697305863708%
40385,0,5.135570137427262%
40386,0,5.135442975288466%
40387,0,5.135315819446851%
40388,0,5.135188669901951%
40389,0,5.135061526653296%
40390,0,5.134934389700421%
40391,0,5.134807259042856%
40392,0,5.134680134680135%
40393,0,5.134553016611789%
40394,0,5.134425904837352%
40395,0,5.134298799356356%
40396,0,5.134171700168333%
40397,0,5.134044607272817%
40398,0,5.13391752066934%
40399,0,5.133790440357434%
40400,0,5.133663366336633%
40401,0,5.1335362986064705%
40402,0,5.133409237166477%
40403,0,5.133282182016187%
40404,0,5.1331551331551335%
40405,0,5.133028090582849%
40406,0,5.132901054298866%
40407,0,5.13277402430272%
40408,0,5.132647000593941%
40409,0,5.132519983172066%
40410,0,5.132392972036624%
40411,0,5.132265967187152%
40412,0,5.132138968623181%
40413,0,5.132011976344246%
40414,0,5.131884990349879%
40415,0,5.131758010639614%
40416,0,5.131631037212985%
40417,0,5.131504070069525%
40418,0,5.131377109208769%
40419,0,5.131250154630248%
40420,0,5.131123206333498%
40421,0,5.1309962643180524%
40422,0,5.130869328583445%
40423,0,5.1307423991292085%
40424,0,5.130615475954879%
40425,0,5.130488559059987%
40426,0,5.130361648444071%
40427,0,5.130234744106661%
40428,0,5.130107846047293%
40429,0,5.129980954265503%
40430,0,5.129854068760821%
40431,0,5.129727189532785%
40432,0,5.129600316580926%
40433,0,5.12947344990478%
40434,0,5.129346589503883%
40435,0,5.129219735377767%
40436,0,5.129092887525967%
40437,0,5.128966045948018%
40438,0,5.128839210643454%
40439,0,5.12871238161181%
40440,0,5.128585558852621%
40441,0,5.128458742365422%
40442,0,5.128331932149745%
40443,0,5.128205128205128%
40444,0,5.128078330531105%
40445,0,5.12795153912721%
40446,0,5.127824753992978%
40447,0,5.127697975127945%
40448,0,5.127571202531646%
40449,0,5.127444436203614%
40450,0,5.127317676143387%
40451,0,5.127190922350498%
40452,0,5.127064174824484%
40453,0,5.126937433564878%
40454,0,5.126810698571217%
40455,0,5.126683969843036%
40456,0,5.1265572473798695%
40457,0,5.126430531181255%
40458,0,5.126303821246725%
40459,0,5.126177117575818%
40460,0,5.126050420168067%
40461,0,5.125923729023009%
40462,0,5.125797044140181%
40463,0,5.125670365519116%
40464,0,5.125543693159351%
40465,0,5.125417027060423%
40466,0,5.125290367221865%
40467,0,5.125163713643215%
40468,0,5.125037066324009%
40469,0,5.124910425263782%
40470,0,5.124783790462071%
40471,0,5.12465716191841%
40472,0,5.124530539632338%
40473,0,5.12440392360339%
40474,0,5.124277313831102%
40475,0,5.124150710315009%
40476,0,5.1240241130546496%
40477,0,5.1238975220495595%
40478,0,5.123770937299274%
40479,0,5.12364435880333%
40480,0,5.123517786561265%
40481,0,5.123391220572614%
40482,0,5.123264660836916%
40483,0,5.123138107353704%
40484,0,5.123011560122517%
40485,0,5.122885019142893%
40486,0,5.122758484414366%
40487,0,5.122631955936473%
40488,0,5.122505433708753%
40489,0,5.1223789177307415%
40490,0,5.122252408001976%
40491,0,5.122125904521992%
40492,0,5.121999407290329%
40493,0,5.121872916306522%
40494,0,5.121746431570109%
40495,0,5.121619953080627%
40496,0,5.121493480837613%
40497,0,5.121367014840605%
40498,0,5.12124055508914%
40499,0,5.121114101582755%
40500,0,5.120987654320987%
40501,0,5.1208612133033755%
40502,0,5.120734778529455%
40503,0,5.120608349998766%
40504,0,5.120481927710843%
40505,1,5.122824342673744%
40506,0,5.122697871920209%
40507,0,5.122571407411065%
40508,0,5.122444949145848%
40509,0,5.1223184971240965%
40510,0,5.122192051345347%
40511,0,5.122065611809138%
40512,0,5.121939178515008%
40513,0,5.121812751462493%
40514,0,5.1216863306511335%
40515,0,5.121559916080464%
40516,0,5.121433507750025%
40517,0,5.121307105659353%
40518,0,5.1211807098079865%
40519,0,5.121054320195464%
40520,0,5.120927936821323%
40521,0,5.120801559685102%
40522,0,5.120675188786338%
40523,0,5.120548824124571%
40524,0,5.120422465699339%
40525,0,5.120296113510179%
40526,0,5.1201697675566304%
40527,0,5.120043427838231%
40528,0,5.11991709435452%
40529,0,5.1197907671050364%
40530,0,5.119664446089316%
40531,0,5.119538131306901%
40532,0,5.1194118227573275%
40533,0,5.119285520440135%
40534,0,5.1191592243548625%
40535,0,5.119032934501049%
40536,0,5.118906650878232%
40537,0,5.118780373485951%
40538,0,5.118654102323745%
40539,0,5.118527837391154%
40540,0,5.118401578687716%
40541,0,5.11827532621297%
40542,0,5.118149079966455%
40543,0,5.1180228399477095%
40544,0,5.1178966061562745%
40545,0,5.117770378591689%
40546,0,5.11764415725349%
40547,0,5.117517942141219%
40548,0,5.117391733254414%
40549,0,5.117265530592617%
40550,0,5.117139334155364%
40551,0,5.117013143942197%
40552,0,5.116886959952653%
40553,0,5.116760782186275%
40554,0,5.1166346106426%
40555,0,5.116508445321169%
40556,0,5.116382286221521%
40557,0,5.116256133343196%
40558,0,5.116129986685734%
40559,0,5.116003846248675%
40560,0,5.115877712031558%
40561,0,5.115751584033925%
40562,0,5.115625462255313%
40563,0,5.115499346695264%
40564,0,5.115373237353318%
40565,0,5.115247134229016%
40566,0,5.115121037321895%
40567,0,5.114994946631499%
40568,0,5.1148688621573655%
40569,1,5.117207720180433%
40570,1,5.119546462903624%
40571,1,5.121885090335461%
40572,1,5.124223602484472%
40573,1,5.12656199935918%
40574,1,5.128900280968108%
40575,0,5.128773875539125%
40576,1,5.131111987381703%
40577,1,5.133449983981073%
40578,1,5.135787865345754%
40579,1,5.138125631484265%
40580,1,5.1404632824051255%
40581,0,5.140336610729159%
40582,0,5.140209945295944%
40583,0,5.140083286105019%
40584,0,5.139956633155923%
40585,0,5.139829986448195%
40586,0,5.139703345981373%
40587,0,5.139576711754996%
40588,0,5.139450083768601%
40589,0,5.139323462021729%
40590,0,5.1391968465139195%
40591,0,5.1390702372447095%
40592,0,5.138943634213637%
40593,0,5.138817037420245%
40594,0,5.138690446864069%
40595,0,5.138563862544649%
40596,0,5.138437284461523%
40597,0,5.138310712614232%
40598,0,5.138184147002316%
40599,0,5.138057587625311%
40600,0,5.137931034482759%
40601,0,5.137804487574198%
40602,0,5.137677946899168%
40603,0,5.137551412457208%
40604,0,5.137424884247857%
40605,0,5.1372983622706565%
40606,0,5.137171846525144%
40607,0,5.13704533701086%
40608,0,5.136918833727345%
40609,0,5.136792336674136%
40610,0,5.136665845850776%
40611,0,5.136539361256802%
40612,0,5.136412882891756%
40613,0,5.136286410755177%
40614,0,5.136159944846605%
40615,0,5.136033485165579%
40616,0,5.135907031711641%
40617,0,5.135780584484329%
40618,0,5.135654143483185%
40619,0,5.135527708707747%
40620,0,5.135401280157558%
40621,0,5.135274857832156%
40622,0,5.135148441731081%
40623,0,5.135022031853876%
40624,0,5.134895628200079%
40625,0,5.134769230769231%
40626,0,5.134642839560873%
40627,0,5.134516454574544%
40628,0,5.134390075809786%
40629,0,5.134263703266139%
40630,1,5.136598572483387%
40631,1,5.1389333267702%
40632,1,5.141267966135066%
40633,0,5.141141436763222%
40634,0,5.141014913619137%
40635,0,5.1408883967023495%
40636,0,5.140761886012403%
40637,0,5.140635381548835%
40638,0,5.1405088833111865%
40639,0,5.140382391298998%
40640,0,5.140255905511811%
40641,0,5.140129425949165%
40642,0,5.1400029526106%
40643,0,5.139876485495657%
40644,0,5.139750024603877%
40645,0,5.139623569934802%
40646,0,5.1394971214879694%
40647,0,5.139370679262923%
40648,0,5.139244243259201%
40649,0,5.139117813476346%
40650,0,5.138991389913899%
40651,0,5.1388649725714%
40652,0,5.138738561448391%
40653,0,5.138612156544412%
40654,0,5.138485757859005%
40655,0,5.138359365391711%
40656,0,5.13823297914207%
40657,0,5.138106599109625%
40658,0,5.137980225293915%
40659,0,5.137853857694483%
40660,0,5.137727496310871%
40661,0,5.137601141142619%
40662,0,5.137474792189268%
40663,0,5.13734844945036%
40664,0,5.137222112925438%
40665,0,5.1370957826140415%
40666,0,5.136969458515713%
40667,0,5.1368431406299955%
40668,0,5.136716828956428%
40669,0,5.1365905234945535%
40670,0,5.136464224243915%
40671,0,5.136337931204052%
40672,0,5.136211644374508%
40673,0,5.136085363754825%
40674,0,5.135959089344545%
40675,0,5.135832821143208%
40676,0,5.135706559150359%
40677,0,5.135580303365538%
40678,0,5.135454053788289%
40679,0,5.135327810418152%
40680,0,5.135201573254671%
40681,0,5.135075342297387%
40682,0,5.134949117545844%
40683,0,5.134822898999582%
40684,0,5.134696686658146%
40685,0,5.134570480521076%
40686,0,5.134444280587918%
40687,0,5.134318086858211%
40688,0,5.134191899331498%
40689,0,5.1340657180073235%
40690,0,5.13393954288523%
40691,0,5.133813373964759%
40692,0,5.133687211245454%
40693,0,5.133561054726857%
40694,0,5.133434904408513%
40695,0,5.133308760289962%
40696,0,5.133182622370748%
40697,0,5.133056490650416%
40698,0,5.132930365128507%
40699,0,5.132804245804565%
40700,0,5.132678132678133%
40701,0,5.132552025748753%
40702,0,5.132425925015969%
40703,0,5.132299830479326%
40704,0,5.132173742138365%
40705,0,5.13204765999263%
40706,0,5.131921584041665%
40707,0,5.131795514285012%
40708,0,5.131669450722217%
40709,0,5.131543393352821%
40710,0,5.131417342176369%
40711,0,5.131291297192405%
40712,0,5.131165258400472%
40713,0,5.131039225800113%
40714,0,5.130913199390872%
40715,1,5.133243276433746%
40716,0,5.13311720208272%
40717,0,5.1329911339244045%
40718,0,5.1328650719583475%
40719,0,5.132739016184091%
40720,0,5.132612966601179%
40721,0,5.132486923209155%
40722,0,5.132360886007564%
40723,0,5.132234854995948%
40724,0,5.132108830173853%
40725,0,5.131982811540822%
40726,0,5.1318567990964%
40727,0,5.131730792840131%
40728,0,5.131604792771557%
40729,0,5.1314787988902255%
40730,0,5.131352811195679%
40731,0,5.131226829687462%
40732,0,5.131100854365118%
40733,0,5.130974885228193%
40734,0,5.130848922276232%
40735,0,5.1307229655087765%
40736,0,5.130597014925374%
40737,0,5.130471070525566%
40738,0,5.130345132308901%
40739,0,5.1302192002749205%
40740,0,5.130093274423171%
40741,0,5.129967354753197%
40742,0,5.129841441264542%
40743,0,5.1297155339567535%
40744,0,5.129589632829374%
40745,0,5.129463737881949%
40746,0,5.129337849114023%
40747,0,5.129211966525142%
40748,0,5.1290860901148525%
40749,0,5.128960219882696%
40750,0,5.128834355828221%
40751,0,5.128708497950971%
40752,0,5.128582646250491%
40753,0,5.128456800726327%
40754,0,5.128330961378024%
40755,0,5.128205128205128%
40756,0,5.128079301207184%
40757,0,5.127953480383738%
40758,0,5.127827665734334%
40759,0,5.127701857258519%
40760,0,5.1275760549558385%
40761,0,5.127450258825839%
40762,0,5.127324468868063%
40763,0,5.12719868508206%
40764,0,5.127072907467373%
40765,0,5.12694713602355%
40766,0,5.126821370750135%
40767,0,5.126695611646674%
40768,0,5.126569858712716%
40769,0,5.126444111947803%
40770,0,5.126318371351484%
40771,0,5.126192636923303%
40772,0,5.126066908662808%
40773,0,5.125941186569544%
40774,0,5.125815470643056%
40775,0,5.125689760882894%
40776,0,5.125564057288601%
40777,0,5.125438359859725%
40778,0,5.125312668595812%
40779,0,5.125186983496407%
40780,0,5.12506130456106%
40781,0,5.124935631789314%
40782,0,5.124809965180717%
40783,0,5.124684304734816%
40784,0,5.124558650451157%
40785,0,5.124433002329288%
40786,0,5.1243073603687535%
40787,0,5.1241817245691035%
40788,0,5.124056094929881%
40789,0,5.123930471450636%
40790,0,5.123804854130914%
40791,0,5.123679242970263%
40792,0,5.123553637968229%
40793,0,5.123428039124359%
40794,0,5.123302446438202%
40795,0,5.123176859909303%
40796,0,5.12305127953721%
40797,0,5.12292570532147%
40798,0,5.122800137261631%
40799,0,5.122674575357239%
40800,0,5.122549019607843%
40801,0,5.12242347001299%
40802,0,5.122297926572227%
40803,0,5.122172389285102%
40804,0,5.122046858151162%
40805,0,5.121921333169955%
40806,0,5.121795814341028%
40807,0,5.12167030166393%
40808,0,5.121544795138208%
40809,0,5.1214192947634105%
40810,0,5.121293800539084%
40811,0,5.121168312464777%
40812,0,5.121042830540038%
40813,0,5.120917354764414%
40814,0,5.120791885137453%
40815,0,5.120666421658704%
40816,0,5.120540964327715%
40817,0,5.120415513144033%
40818,0,5.120290068107208%
40819,0,5.120164629216786%
40820,0,5.120039196472318%
40821,0,5.1199137698733495%
40822,0,5.119788349419431%
40823,0,5.119662935110109%
40824,0,5.119537526944935%
40825,0,5.119412124923453%
40826,0,5.119286729045217%
40827,0,5.119161339309771%
40828,0,5.119035955716665%
40829,0,5.1189105782654485%
40830,0,5.11878520695567%
40831,0,5.118659841786878%
40832,0,5.118534482758621%
40833,0,5.1184091298704475%
40834,0,5.118283783121909%
40835,0,5.11815844251255%
40836,0,5.1180331080419235%
40837,0,5.117907779709577%
40838,0,5.11778245751506%
40839,0,5.11765714145792%
40840,0,5.1175318315377085%
40841,0,5.117406527753973%
40842,0,5.117281230106263%
40843,0,5.117155938594128%
40844,0,5.117030653217118%
40845,0,5.116905373974783%
40846,0,5.11678010086667%
40847,0,5.11665483389233%
40848,0,5.116529573051312%
40849,0,5.116404318343166%
40850,0,5.116279069767442%
40851,0,5.116153827323688%
40852,0,5.116028591011456%
40853,0,5.115903360830294%
40854,0,5.115778136779752%
40855,0,5.1156529188593804%
40856,0,5.11552770706873%
40857,0,5.115402501407348%
40858,0,5.1152773018747855%
40859,0,5.115152108470594%
40860,0,5.115026921194322%
40861,0,5.114901740045521%
40862,0,5.114776565023738%
40863,0,5.114651396128527%
40864,1,5.116973375097886%
40865,0,5.116848158570904%
40866,0,5.116722948172074%
40867,0,5.116597743900947%
40868,0,5.116472545757071%
40869,0,5.116347353739998%
40870,0,5.116222167849278%
40871,0,5.11609698808446%
40872,0,5.115971814445097%
40873,0,5.115846646930736%
40874,0,5.115721485540931%
40875,0,5.115596330275229%
40876,0,5.115471181133183%
40877,0,5.1153460381143425%
40878,0,5.115220901218259%
40879,0,5.115095770444483%
40880,0,5.114970645792564%
40881,0,5.114845527262053%
40882,0,5.114720414852502%
40883,0,5.1145953085634615%
40884,0,5.114470208394482%
40885,0,5.114345114345115%
40886,0,5.11422002641491%
40887,0,5.114094944603419%
40888,0,5.113969868910194%
40889,0,5.113844799334784%
40890,0,5.113719735876742%
40891,0,5.113594678535619%
40892,0,5.113469627310965%
40893,0,5.113344582202333%
40894,0,5.113219543209273%
40895,0,5.1130945103313366%
40896,0,5.112969483568075%
40897,0,5.11284446291904%
40898,0,5.112719448383784%
40899,0,5.112594439961858%
40900,0,5.112469437652812%
40901,0,5.112344441456199%
40902,0,5.112219451371571%
40903,0,5.112094467398479%
40904,0,5.111969489536476%
40905,0,5.111844517785112%
40906,0,5.111719552143939%
40907,0,5.111594592612511%
40908,0,5.1114696391903784%
40909,0,5.111344691877092%
40910,0,5.111219750672207%
40911,0,5.111094815575274%
40912,0,5.110969886585843%
40913,0,5.110844963703468%
40914,0,5.110720046927701%
40915,0,5.110595136258096%
40916,0,5.110470231694203%
40917,0,5.110345333235575%
40918,0,5.110220440881764%
40919,0,5.110095554632323%
40920,0,5.109970674486804%
40921,0,5.109845800444759%
40922,0,5.109720932505742%
40923,0,5.109596070669306%
40924,0,5.1094712149350014%
40925,0,5.1093463653023825%
40926,0,5.109221521771001%
40927,0,5.109096684340411%
40928,0,5.108971853010164%
40929,0,5.108847027779814%
40930,0,5.108722208648913%
40931,0,5.108597395617014%
40932,0,5.108472588683671%
40933,0,5.108347787848435%
40934,0,5.108222993110862%
40935,0,5.108098204470502%
40936,0,5.107973421926911%
40937,0,5.107848645479639%
40938,0,5.107723875128243%
40939,0,5.107599110872274%
40940,0,5.107474352711285%
40941,0,5.10734960064483%
40942,0,5.107224854672463%
40943,0,5.107100114793737%
40944,0,5.106975381008207%
40945,0,5.106850653315423%
40946,0,5.106725931714942%
40947,0,5.1066012162063155%
40948,0,5.1064765067890985%
40949,0,5.106351803462844%
40950,0,5.106227106227106%
40951,0,5.1061024150814385%
40952,0,5.105977730025395%
40953,0,5.1058530510585305%
40954,0,5.105728378180398%
40955,0,5.105603711390551%
40956,0,5.105479050688544%
40957,0,5.105354396073931%
40958,0,5.105229747546266%
40959,0,5.105105105105105%
40960,0,5.10498046875%
40961,0,5.104855838480506%
40962,0,5.104731214296177%
40963,1,5.107047823645729%
40964,1,5.109364319890636%
40965,0,5.109239594776029%
40966,1,5.111555924425133%
40967,1,5.113872140991529%
40968,1,5.116188244483499%
40969,0,5.1160633649832805%
40970,0,5.115938491579204%
40971,0,5.115813624270825%
40972,0,5.1156887630576975%
40973,0,5.115563907939374%
40974,0,5.11543905891541%
40975,0,5.115314215985356%
40976,0,5.11518937914877%
40977,0,5.115064548405203%
40978,0,5.11493972375421%
40979,0,5.1148149051953435%
40980,0,5.11469009272816%
40981,0,5.114565286352212%
40982,0,5.114440486067054%
40983,0,5.11431569187224%
40984,1,5.116630880343549%
40985,1,5.118945955837502%
40986,0,5.118821060850046%
40987,0,5.118696171956962%
40988,0,5.118571289157802%
40989,0,5.118446412452121%
40990,0,5.118321541839474%
40991,0,5.118196677319411%
40992,1,5.120511319281811%
40993,0,5.120386407435416%
40994,1,5.122700883056057%
40995,1,5.125015245761679%
40996,1,5.127329495560542%
40997,0,5.1272044295924095%
40998,0,5.127079369725353%
40999,1,5.12939339983902%
41000,1,5.131707317073171%
41001,1,5.134021121436063%
41002,1,5.136334812935954%
41003,1,5.138648391581103%
41004,1,5.140961857379768%
41005,1,5.143275210340202%
41006,1,5.1455884504706635%
41007,1,5.147901577779403%
41008,0,5.14777604369879%
41009,0,5.147650515740447%
41010,0,5.147524993903926%
41011,0,5.147399478188778%
41012,0,5.147273968594558%
41013,1,5.1495867164069935%
41014,1,5.151899351440972%
41015,1,5.154211873704742%
41016,1,5.156524283206554%
41017,1,5.158836579954653%
41018,1,5.1611487639572875%
41019,1,5.163460835222701%
41020,1,5.1657727937591424%
41021,1,5.168084639574852%
41022,0,5.167958656330749%
41023,0,5.1678326792287255%
41024,0,5.16770670826833%
41025,0,5.1675807434491166%
41026,0,5.167454784770633%
41027,0,5.167328832232433%
41028,0,5.167202885834064%
41029,0,5.167076945575081%
41030,0,5.1669510114550325%
41031,0,5.166825083473471%
41032,0,5.166699161629947%
41033,0,5.166573245924012%
41034,0,5.166447336355217%
41035,0,5.166321432923114%
41036,0,5.166195535627254%
41037,0,5.166069644467188%
41038,0,5.1659437594424675%
41039,0,5.165817880552645%
41040,0,5.16569200779727%
41041,0,5.165566141175897%
41042,0,5.165440280688076%
41043,0,5.1653144263333575%
41044,0,5.165188578111295%
41045,0,5.16506273602144%
41046,0,5.164936900063344%
41047,0,5.164811070236558%
41048,0,5.164685246540635%
41049,0,5.164559428975127%
41050,0,5.1644336175395855%
41051,0,5.164307812233563%
41052,0,5.164182013056611%
41053,0,5.164056220008282%
41054,0,5.163930433088128%
41055,0,5.163804652295701%
41056,0,5.163678877630554%
41057,0,5.163553109092238%
41058,0,5.163427346680305%
41059,0,5.163301590394311%
41060,0,5.163175840233804%
41061,0,5.163050096198339%
41062,0,5.1629243582874675%
41063,0,5.162798626500742%
41064,0,5.162672900837717%
41065,0,5.162547181297943%
41066,0,5.1624214678809714%
41067,0,5.162295760586359%
41068,0,5.162170059413655%
41069,0,5.162044364362414%
41070,0,5.161918675432188%
41071,0,5.161792992622532%
41072,0,5.161667315932996%
41073,0,5.161541645363134%
41074,0,5.1614159809124995%
41075,0,5.161290322580645%
41076,0,5.161164670367125%
41077,0,5.16103902427149%
41078,0,5.160913384293296%
41079,0,5.160787750432094%
41080,0,5.160662122687439%
41081,0,5.160536501058884%
41082,0,5.160410885545981%
41083,0,5.160285276148286%
41084,0,5.160159672865349%
41085,0,5.160034075696726%
41086,0,5.15990848464197%
41087,0,5.159782899700635%
41088,0,5.159657320872274%
41089,0,5.159531748156441%
41090,0,5.159406181552689%
41091,0,5.159280621060573%
41092,0,5.159155066679646%
41093,0,5.1590295184094614%
41094,0,5.158903976249574%
41095,0,5.158778440199538%
41096,0,5.1586529102589065%
41097,0,5.158527386427233%
41098,0,5.158401868704074%
41099,0,5.1582763570889805%
41100,0,5.158150851581508%
41101,0,5.1580253521812125%
41102,0,5.157899858887646%
41103,0,5.157774371700363%
41104,0,5.157648890618917%
41105,0,5.157523415642866%
41106,0,5.157397946771761%
41107,0,5.157272484005157%
41108,0,5.157147027342609%
41109,0,5.157021576783673%
41110,0,5.1568961323279%
41111,0,5.156770693974848%
41112,0,5.156645261724071%
41113,0,5.156519835575122%
41114,0,5.156394415527558%
41115,0,5.156269001580931%
41116,0,5.156143593734799%
41117,0,5.156018191988715%
41118,0,5.1558927963422345%
41119,0,5.155767406794912%
41120,0,5.155642023346303%
41121,0,5.155516645995963%
41122,1,5.157823063080589%
41123,0,5.157697638790944%
41124,0,5.157572220601109%
41125,0,5.157446808510638%
41126,0,5.157321402519088%
41127,0,5.157196002626012%
41128,0,5.157070608830967%
41129,0,5.1569452211335065%
41130,0,5.1568198395331875%
41131,0,5.156694464029564%
41132,0,5.156569094622192%
41133,0,5.156443731310627%
41134,0,5.156318374094423%
41135,0,5.156193022973137%
41136,0,5.156067677946324%
41137,0,5.15594233901354%
41138,0,5.15581700617434%
41139,0,5.15569167942828%
41140,0,5.155566358774915%
41141,0,5.155441044213801%
41142,0,5.1553157357444945%
41143,1,5.157620980482706%
41144,1,5.1599261131635235%
41145,1,5.162231133795115%
41146,0,5.162105672483352%
41147,0,5.161980217269789%
41148,0,5.16185476815398%
41149,0,5.161729325135483%
41150,0,5.161603888213852%
41151,0,5.161478457388642%
41152,0,5.161353032659409%
41153,0,5.161227614025709%
41154,0,5.161102201487097%
41155,0,5.16097679504313%
41156,0,5.160851394693362%
41157,0,5.16072600043735%
41158,0,5.160600612274649%
41159,0,5.160475230204815%
41160,0,5.160349854227405%
41161,0,5.160224484341974%
41162,0,5.160099120548079%
41163,0,5.159973762845273%
41164,0,5.159848411233116%
41165,0,5.159723065711162%
41166,0,5.159597726278968%
41167,0,5.15947239293609%
41168,0,5.159347065682083%
41169,0,5.159221744516505%
41170,0,5.159096429438912%
41171,0,5.15897112044886%
41172,0,5.158845817545905%
41173,0,5.158720520729605%
41174,0,5.158595229999515%
41175,0,5.158469945355192%
41176,0,5.158344666796192%
41177,0,5.158219394322073%
41178,0,5.158094127932391%
41179,0,5.157968867626702%
41180,0,5.157843613404565%
41181,0,5.157718365265535%
41182,0,5.157593123209169%
41183,0,5.157467887235024%
41184,0,5.1573426573426575%
41185,0,5.157217433531626%
41186,0,5.157092215801486%
41187,0,5.156967004151795%
41188,0,5.156841798582111%
41189,0,5.1567165990919905%
41190,0,5.156591405680991%
41191,0,5.156466218348668%
41192,0,5.156341037094581%
41193,0,5.1562158619182865%
41194,0,5.156090692819343%
41195,0,5.155965529797305%
41196,0,5.155840372851733%
41197,0,5.155715221982183%
41198,0,5.155590077188213%
41199,0,5.155464938469381%
41200,0,5.155339805825243%
41201,0,5.155214679255358%
41202,0,5.1550895587592835%
41203,0,5.154964444336577%
41204,0,5.154839335986797%
41205,1,5.157141123650042%
41206,1,5.159442799592292%
41207,0,5.159317591671318%
41208,0,5.159192389827218%
41209,0,5.15906719405955%
41210,0,5.158942004367872%
41211,0,5.158816820751741%
41212,0,5.158691643210715%
41213,0,5.1585664717443525%
41214,0,5.158441306352211%
41215,0,5.158316147033847%
41216,0,5.15819099378882%
41217,0,5.158065846616687%
41218,0,5.1579407055170075%
41219,0,5.157815570489337%
41220,0,5.157690441533236%
41221,0,5.157565318648262%
41222,0,5.157440201833972%
41223,0,5.1573150910899255%
41224,0,5.15718998641568%
41225,0,5.157064887810795%
41226,0,5.156939795274827%
41227,0,5.156814708807335%
41228,0,5.156689628407878%
41229,0,5.156564554076015%
41230,0,5.156439485811302%
41231,0,5.156314423613301%
41232,0,5.156189367481568%
41233,0,5.156064317415662%
41234,0,5.155939273415143%
41235,0,5.155814235479568%
41236,0,5.155689203608498%
41237,0,5.155564177801489%
41238,0,5.155439158058102%
41239,0,5.155314144377895%
41240,0,5.155189136760427%
41241,0,5.155064135205257%
41242,0,5.154939139711944%
41243,0,5.154814150280047%
41244,0,5.154689166909126%
41245,0,5.154564189598739%
41246,0,5.154439218348446%
41247,0,5.154314253157805%
41248,0,5.154189294026377%
41249,0,5.15406434095372%
41250,0,5.153939393939394%
41251,0,5.1538144529829575%
41252,0,5.153689518083972%
41253,0,5.153564589241995%
41254,0,5.153439666456586%
41255,0,5.153314749727306%
41256,0,5.153189839053714%
41257,0,5.153064934435368%
41258,0,5.152940035871831%
41259,0,5.15281514336266%
41260,0,5.152690256907416%
41261,0,5.15256537650566%
41262,0,5.152440502156948%
41263,0,5.1523156338608445%
41264,0,5.152190771616906%
41265,0,5.152065915424694%
41266,0,5.1519410652837685%
41267,0,5.15181622119369%
41268,0,5.151691383154017%
41269,0,5.151566551164312%
41270,0,5.151441725224134%
41271,0,5.151316905333043%
41272,0,5.151192091490599%
41273,0,5.151067283696363%
41274,0,5.150942481949896%
41275,0,5.150817686250757%
41276,0,5.150692896598508%
41277,0,5.150568112992708%
41278,0,5.150443335432918%
41279,0,5.1503185639187%
41280,0,5.150193798449612%
41281,0,5.150069039025217%
41282,0,5.149944285645075%
41283,0,5.149819538308747%
41284,0,5.149694797015793%
41285,0,5.1495700617657745%
41286,0,5.149445332558252%
41287,0,5.149320609392787%
41288,0,5.14919589226894%
41289,0,5.149071181186272%
41290,0,5.148946476144345%
41291,0,5.148821777142719%
41292,0,5.148697084180955%
41293,0,5.148572397258615%
41294,0,5.14844771637526%
41295,0,5.1483230415304515%
41296,0,5.14819837272375%
41297,0,5.148073709954718%
41298,0,5.147949053222916%
41299,0,5.147824402527906%
41300,0,5.147699757869249%
41301,0,5.147575119246508%
41302,0,5.147450486659242%
41303,0,5.1473258601070135%
41304,0,5.147201239589386%
41305,0,5.147076625105919%
41306,0,5.146952016656176%
41307,0,5.146827414239717%
41308,0,5.146702817856105%
41309,0,5.146578227504902%
41310,0,5.146453643185669%
41311,0,5.146329064897969%
41312,0,5.146204492641363%
41313,0,5.146079926415414%
41314,0,5.145955366219684%
41315,0,5.145830812053734%
41316,0,5.145706263917126%
41317,0,5.145581721809425%
41318,0,5.14545718573019%
41319,0,5.145332655678986%
41320,0,5.145208131655372%
41321,0,5.145083613658914%
41322,0,5.144959101689173%
41323,0,5.144834595745711%
41324,0,5.14471009582809%
41325,0,5.144585601935874%
41326,0,5.1444611140686245%
41327,0,5.144336632225905%
41328,0,5.144212156407278%
41329,0,5.1440876866123055%
41330,0,5.143963222840552%
41331,0,5.143838765091577%
41332,0,5.143714313364947%
41333,0,5.143589867660223%
41334,0,5.1434654279769685%
41335,0,5.1433409943147455%
41336,0,5.143216566673118%
41337,0,5.143092145051649%
41338,0,5.142967729449901%
41339,0,5.1428433198674375%
41340,0,5.142718916303822%
41341,0,5.142594518758617%
41342,0,5.142470127231387%
41343,0,5.1423457417216945%
41344,0,5.142221362229102%
41345,0,5.142096988753175%
41346,1,5.1443912349441305%
41347,1,5.146685370159867%
41348,1,5.148979394408435%
41349,1,5.151273307697888%
41350,1,5.153567110036276%
41351,1,5.155860801431646%
41352,0,5.155736119171986%
41353,0,5.1556114429424715%
41354,0,5.155486772742661%
41355,0,5.1553621085721195%
41356,0,5.155237450430409%
41357,0,5.155112798317093%
41358,0,5.1549881522317325%
41359,0,5.154863512173892%
41360,0,5.154738878143133%
41361,0,5.154614250139019%
41362,0,5.154489628161114%
41363,0,5.154365012208979%
41364,0,5.154240402282178%
41365,0,5.154115798380273%
41366,0,5.153991200502828%
41367,0,5.153866608649406%
41368,0,5.1537420228195705%
41369,0,5.153617443012884%
41370,0,5.15349286922891%
41371,0,5.153368301467212%
41372,0,5.153243739727352%
41373,0,5.153119184008895%
41374,0,5.152994634311403%
41375,0,5.152870090634441%
41376,0,5.152745552977572%
41377,0,5.152621021340358%
41378,0,5.152496495722365%
41379,0,5.152371976123154%
41380,0,5.152247462542291%
41381,0,5.152122954979339%
41382,0,5.15199845343386%
41383,0,5.15187395790542%
41384,0,5.151749468393582%
41385,0,5.15162498489791%
41386,0,5.151500507417968%
41387,0,5.1513760359533185%
41388,0,5.151251570503527%
41389,1,5.153543211964531%
41390,1,5.1558347426914715%
41391,1,5.158126162692373%
41392,1,5.1604174719752605%
41393,1,5.16270867054816%
41394,1,5.1649997584190945%
41395,1,5.167290735596087%
41396,1,5.169581602087158%
41397,0,5.169456723917192%
41398,0,5.16933185178028%
41399,0,5.169206985675983%
41400,0,5.169082125603865%
41401,0,5.168957271563489%
41402,0,5.168832423554417%
41403,0,5.168707581576214%
41404,0,5.168582745628441%
41405,0,5.168457915710663%
41406,0,5.168333091822442%
41407,0,5.168208273963339%
41408,0,5.1680834621329215%
41409,0,5.167958656330749%
41410,0,5.1678338565563875%
41411,0,5.167709062809398%
41412,0,5.167584275089346%
41413,0,5.167459493395794%
41414,0,5.167334717728305%
41415,0,5.167209948086442%
41416,0,5.16708518446977%
41417,0,5.166960426877852%
41418,0,5.166835675310252%
41419,0,5.166710929766532%
41420,0,5.1665861902462575%
41421,0,5.166461456748992%
41422,0,5.166336729274298%
41423,0,5.166212007821742%
41424,0,5.166087292390884%
41425,0,5.165962582981291%
41426,0,5.165837879592526%
41427,0,5.165713182224153%
41428,0,5.165588490875736%
41429,0,5.165463805546839%
41430,0,5.1653391262370265%
41431,0,5.165214452945862%
41432,0,5.16508978567291%
41433,0,5.164965124417735%
41434,0,5.164840469179901%
41435,0,5.164715819958972%
41436,0,5.164591176754513%
41437,0,5.164466539566089%
41438,0,5.164341908393262%
41439,0,5.164217283235599%
41440,0,5.1640926640926645%
41441,0,5.163968050964021%
41442,0,5.163843443849235%
41443,0,5.163718842747871%
41444,0,5.163594247659492%
41445,0,5.163469658583665%
41446,0,5.163345075519954%
41447,0,5.163220498467923%
41448,0,5.163095927427137%
41449,0,5.162971362397163%
41450,0,5.162846803377564%
41451,0,5.162722250367905%
41452,0,5.162597703367751%
41453,0,5.162473162376668%
41454,0,5.16234862739422%
41455,0,5.162224098419974%
41456,0,5.162099575453493%
41457,0,5.161975058494344%
41458,1,5.164262627237203%
41459,0,5.164138064111532%
41460,0,5.164013506994693%
41461,0,5.163888955886255%
41462,0,5.163764410785779%
41463,0,5.163639871692834%
41464,0,5.1635153386069845%
41465,0,5.163390811527795%
41466,0,5.163266290454831%
41467,0,5.163141775387658%
41468,0,5.163017266325841%
41469,0,5.162892763268948%
41470,0,5.162768266216542%
41471,0,5.16264377516819%
41472,0,5.1625192901234565%
41473,0,5.162394811081908%
41474,0,5.162270338043111%
41475,0,5.162145871006631%
41476,0,5.162021409972032%
41477,0,5.161896954938882%
41478,0,5.161772505906746%
41479,0,5.16164806287519%
41480,0,5.16152362584378%
41481,0,5.161399194812083%
41482,0,5.161274769779664%
41483,0,5.161150350746089%
41484,0,5.161025937710924%
41485,0,5.160901530673737%
41486,0,5.160777129634093%
41487,0,5.160652734591559%
41488,0,5.1605283455457%
41489,0,5.160403962496083%
41490,0,5.160279585442275%
41491,0,5.160155214383842%
41492,0,5.160030849320351%
41493,0,5.159906490251368%
41494,0,5.159782137176459%
41495,0,5.159657790095192%
41496,0,5.159533449007133%
41497,0,5.159409113911849%
41498,0,5.159284784808906%
41499,0,5.159160461697873%
41500,0,5.159036144578313%
41501,0,5.158911833449797%
41502,0,5.158787528311889%
41503,0,5.158663229164157%
41504,0,5.158538936006169%
41505,0,5.158414648837489%
41506,0,5.1582903676576874%
41507,0,5.158166092466331%
41508,0,5.158041823262986%
41509,0,5.157917560047219%
41510,0,5.1577933028185985%
41511,0,5.15766905157669%
41512,0,5.157544806321064%
41513,0,5.157420567051285%
41514,0,5.157296333766922%
41515,0,5.1571721064675415%
41516,0,5.157047885152712%
41517,0,5.1569236698220005%
41518,0,5.156799460474975%
41519,0,5.156675257111202%
41520,0,5.15655105973025%
41521,0,5.156426868331688%
41522,0,5.156302682915081%
41523,0,5.156178503479999%
41524,0,5.156054330026008%
41525,0,5.155930162552679%
41526,0,5.155806001059577%
41527,0,5.155681845546272%
41528,0,5.1555576960123295%
41529,0,5.155433552457319%
41530,0,5.155309414880809%
41531,0,5.155185283282368%
41532,0,5.155061157661562%
41533,0,5.1549370380179615%
41534,0,5.154812924351134%
41535,0,5.154688816660648%
41536,0,5.154564714946071%
41537,0,5.154440619206972%
41538,1,5.156723963599596%
41539,0,5.156599821854161%
41540,0,5.156475686085701%
41541,0,5.156351556293782%
41542,0,5.156227432477975%
41543,0,5.156103314637845%
41544,0,5.155979202772964%
41545,0,5.155855096882898%
41546,0,5.155730996967217%
41547,0,5.15560690302549%
41548,0,5.155482815057283%
41549,0,5.155358733062167%
41550,0,5.155234657039711%
41551,0,5.155110586989483%
41552,0,5.154986522911051%
41553,0,5.154862464803985%
41554,0,5.154738412667854%
41555,0,5.154614366502226%
41556,0,5.154490326306671%
41557,0,5.1543662920807565%
41558,0,5.154242263824053%
41559,0,5.154118241536129%
41560,0,5.153994225216555%
41561,0,5.153870214864897%
41562,0,5.153746210480727%
41563,0,5.153622212063614%
41564,0,5.153498219613127%
41565,0,5.153374233128835%
41566,0,5.153250252610307%
41567,0,5.153126278057112%
41568,0,5.153002309468822%
41569,0,5.152878346845005%
41570,0,5.15275439018523%
41571,0,5.152630439489067%
41572,0,5.152506494756086%
41573,0,5.152382555985857%
41574,0,5.152258623177948%
41575,0,5.15213469633193%
41576,0,5.152010775447374%
41577,0,5.151886860523847%
41578,0,5.151762951560921%
41579,0,5.151639048558166%
41580,0,5.151515151515151%
41581,0,5.1513912604314465%
41582,0,5.151267375306623%
41583,0,5.151143496140249%
41584,0,5.151019622931897%
41585,0,5.150895755681135%
41586,0,5.150771894387534%
41587,0,5.150648039050665%
41588,0,5.150524189670097%
41589,0,5.1504003462454016%
41590,0,5.150276508776148%
41591,0,5.150152677261908%
41592,0,5.150028851702251%
41593,0,5.149905032096747%
41594,0,5.149781218444968%
41595,0,5.149657410746484%
41596,0,5.149533609000866%
41597,0,5.149409813207683%
41598,0,5.149286023366508%
41599,0,5.149162239476911%
41600,0,5.149038461538462%
41601,0,5.1489146895507325%
41602,0,5.1487909235132925%
41603,0,5.148667163425714%
41604,0,5.148543409287568%
41605,0,5.148419661098426%
41606,0,5.148295918857857%
41607,0,5.148172182565434%
41608,0,5.148048452220727%
41609,0,5.147924727823307%
41610,0,5.147801009372746%
41611,0,5.147677296868617%
41612,0,5.147553590310487%
41613,0,5.147429889697931%
41614,1,5.149709232469842%
41615,0,5.1495854860026435%
41616,0,5.1494617454825065%
41617,0,5.149338010909004%
41618,0,5.149214282281704%
41619,0,5.149090559600182%
41620,0,5.148966842864008%
41621,0,5.148843132072751%
41622,0,5.148719427225986%
41623,0,5.148595728323283%
41624,0,5.148472035364213%
41625,0,5.148348348348349%
41626,0,5.148224667275261%
41627,0,5.1481009921445215%
41628,0,5.147977322955702%
41629,0,5.147853659708376%
41630,0,5.147730002402113%
41631,0,5.147606351036487%
41632,0,5.147482705611068%
41633,0,5.147359066125429%
41634,0,5.147235432579142%
41635,0,5.147111804971779%
41636,0,5.146988183302911%
41637,0,5.146864567572111%
41638,0,5.146740957778952%
41639,0,5.146617353923005%
41640,0,5.146493756003843%
41641,0,5.146370164021037%
41642,0,5.146246577974161%
41643,0,5.146122997862786%
41644,0,5.145999423686486%
41645,0,5.145875855444832%
41646,0,5.145752293137396%
41647,0,5.1456287367637525%
41648,0,5.145505186323473%
41649,0,5.1453816418161304%
41650,0,5.1452581032412965%
41651,0,5.145134570598545%
41652,0,5.145011043887449%
41653,0,5.144887523107579%
41654,0,5.144764008258511%
41655,0,5.144640499339815%
41656,0,5.144516996351066%
41657,0,5.144393499291835%
41658,0,5.144270008161698%
41659,0,5.144146522960225%
41660,0,5.14402304368699%
41661,0,5.143899570341567%
41662,0,5.143776102923527%
41663,0,5.143652641432446%
41664,0,5.143529185867895%
41665,0,5.143405736229449%
41666,0,5.14328229251668%
41667,0,5.143158854729162%
41668,0,5.143035422866468%
41669,0,5.142911996928172%
41670,0,5.142788576913847%
41671,0,5.142665162823066%
41672,0,5.1425417546554035%
41673,0,5.142418352410433%
41674,0,5.142294956087729%
41675,0,5.142171565686863%
41676,0,5.142048181207409%
41677,0,5.141924802648943%
41678,0,5.1418014300110375%
41679,0,5.1416780632932655%
41680,0,5.141554702495202%
41681,0,5.14143134761642%
41682,0,5.141307998656494%
41683,0,5.141184655614999%
41684,0,5.1410613184915075%
41685,0,5.140937987285595%
41686,0,5.140814661996833%
41687,0,5.140691342624799%
41688,0,5.140568029169065%
41689,0,5.140444721629207%
41690,0,5.140321420004797%
41691,0,5.140198124295411%
41692,0,5.1400748345006235%
41693,0,5.139951550620008%
41694,0,5.13982827265314%
41695,0,5.139705000599593%
41696,0,5.1395817344589405%
41697,0,5.13945847423076%
41698,0,5.139335219914624%
41699,0,5.139211971510108%
41700,1,5.141486810551559%
41701,1,5.143761540490636%
41702,1,5.1460361613351875%
41703,1,5.148310673093063%
41704,1,5.150585075772108%
41705,0,5.150461575350677%
41706,0,5.150338080851676%
41707,0,5.150214592274678%
41708,0,5.150091109619257%
41709,0,5.149967632884989%
41710,0,5.149844162071446%
41711,0,5.149720697178203%
41712,0,5.149597238204833%
41713,0,5.149473785150912%
41714,0,5.1493503380160135%
41715,0,5.149226896799712%
41716,0,5.149103461501582%
41717,0,5.148980032121198%
41718,0,5.148856608658133%
41719,1,5.1511301804933005%
41720,1,5.15340364333653%
41721,0,5.153280122719973%
41722,0,5.153156608024544%
41723,0,5.153033099249814%
41724,0,5.15290959639536%
41725,0,5.152786099460755%
41726,0,5.152662608445573%
41727,0,5.15253912334939%
41728,0,5.1524156441717786%
41729,0,5.152292170912315%
41730,0,5.152168703570573%
41731,0,5.1520452421461265%
41732,0,5.1519217866385505%
41733,0,5.1517983370474205%
41734,0,5.151674893372311%
41735,0,5.151551455612795%
41736,0,5.1514280237684495%
41737,0,5.151304597838848%
41738,0,5.151181177823566%
41739,0,5.151057763722179%
41740,0,5.15093435553426%
41741,0,5.150810953259385%
41742,0,5.15068755689713%
41743,0,5.150564166447069%
41744,0,5.150440781908777%
41745,0,5.15031740328183%
41746,0,5.150194030565803%
41747,0,5.15007066376027%
41748,0,5.149947302864808%
41749,0,5.149823947878991%
41750,0,5.149700598802395%
41751,0,5.149577255634596%
41752,0,5.149453918375168%
41753,0,5.149330587023687%
41754,0,5.149207261579729%
41755,0,5.149083942042869%
41756,0,5.148960628412683%
41757,0,5.148837320688747%
41758,0,5.148714018870636%
41759,0,5.148590722957926%
41760,0,5.148467432950191%
41761,0,5.14834414884701%
41762,0,5.1482208706479575%
41763,0,5.148097598352608%
41764,0,5.1479743319605396%
41765,0,5.147851071471328%
41766,0,5.147727816884547%
41767,0,5.147604568199775%
41768,0,5.147481325416587%
41769,0,5.14735808853456%
41770,0,5.147234857553268%
41771,0,5.147111632472289%
41772,0,5.1469884132912%
41773,0,5.146865200009575%
41774,0,5.146741992626993%
41775,0,5.146618791143029%
41776,0,5.1464955955572576%
41777,0,5.146372405869258%
41778,0,5.146249222078606%
41779,0,5.146126044184878%
41780,0,5.146002872187649%
41781,0,5.1458797060864985%
41782,0,5.145756545881001%
41783,0,5.145633391570734%
41784,0,5.145510243155274%
41785,0,5.145387100634199%
41786,0,5.145263964007084%
41787,0,5.145140833273506%
41788,0,5.145017708433043%
41789,0,5.144894589485272%
41790,0,5.144771476429768%
41791,0,5.144648369266109%
41792,0,5.144525267993874%
41793,0,5.144402172612638%
41794,0,5.144279083121979%
41795,0,5.144155999521474%
41796,0,5.1440329218107%
41797,0,5.1439098499892335%
41798,0,5.143786784056653%
41799,0,5.143663724012536%
41800,1,5.145933014354067%
41801,0,5.145809908853855%
41802,0,5.145686809243577%
41803,0,5.145563715522809%
41804,0,5.14544062769113%
41805,0,5.145317545748116%
41806,0,5.145194469693346%
41807,0,5.145071399526395%
41808,0,5.144948335246843%
41809,0,5.144825276854266%
41810,0,5.144702224348243%
41811,0,5.14457917772835%
41812,0,5.144456136994164%
41813,0,5.144333102145266%
41814,0,5.144210073181231%
41815,0,5.144087050101638%
41816,0,5.143964032906065%
41817,0,5.143841021594088%
41818,0,5.143718016165288%
41819,0,5.143595016619241%
41820,0,5.143472022955524%
41821,0,5.143349035173717%
41822,0,5.143226053273397%
41823,0,5.143103077254143%
41824,0,5.142980107115531%
41825,0,5.142857142857142%
41826,0,5.142734184478554%
41827,0,5.142611231979344%
41828,0,5.142488285359089%
41829,0,5.142365344617371%
41830,0,5.142242409753766%
41831,0,5.142119480767851%
41832,0,5.141996557659208%
41833,0,5.141873640427414%
41834,0,5.141750729072047%
41835,0,5.141627823592685%
41836,0,5.141504923988909%
41837,0,5.141382030260297%
41838,0,5.141259142406425%
41839,0,5.141136260426874%
41840,0,5.141013384321224%
41841,0,5.140890514089051%
41842,0,5.140767649729937%
41843,0,5.140644791243458%
41844,0,5.1405219386291945%
41845,0,5.140399091886725%
41846,0,5.140276251015629%
41847,0,5.140153416015485%
41848,0,5.140030586885873%
41849,0,5.139907763626371%
41850,0,5.139784946236559%
41851,0,5.1396621347160165%
41852,0,5.1395393290643225%
41853,1,5.141805844264449%
41854,0,5.141682993262293%
41855,0,5.14156014813045%
41856,0,5.141437308868502%
41857,0,5.141314475476025%
41858,0,5.141191647952602%
41859,0,5.1410688262978095%
41860,0,5.140946010511228%
41861,0,5.140823200592437%
41862,0,5.140700396541016%
41863,0,5.140577598356543%
41864,0,5.140454806038601%
41865,0,5.140332019586767%
41866,0,5.1402092390006215%
41867,0,5.140086464279743%
41868,0,5.139963695423712%
41869,0,5.13984093243211%
41870,0,5.139718175304514%
41871,0,5.139595424040505%
41872,0,5.139472678639664%
41873,0,5.139349939101569%
41874,0,5.139227205425801%
41875,0,5.13910447761194%
41876,0,5.138981755659566%
41877,0,5.13885903956826%
41878,0,5.1387363293376%
41879,0,5.138613624967167%
41880,0,5.138490926456543%
41881,0,5.138368233805306%
41882,0,5.138245547013036%
41883,0,5.138122866079317%
41884,0,5.138000191003725%
41885,0,5.137877521785842%
41886,0,5.137754858425249%
41887,0,5.1376322009215265%
41888,0,5.137509549274255%
41889,0,5.137386903483015%
41890,0,5.137264263547386%
41891,0,5.13714162946695%
41892,0,5.1370190012412875%
41893,0,5.136896378869978%
41894,0,5.136773762352604%
41895,0,5.136651151688746%
41896,0,5.136528546877984%
41897,0,5.136405947919899%
41898,0,5.136283354814072%
41899,0,5.136160767560085%
41900,0,5.136038186157518%
41901,0,5.135915610605952%
41902,0,5.135793040904969%
41903,0,5.135670477054148%
41904,0,5.135547919053074%
41905,0,5.135425366901324%
41906,0,5.135302820598482%
41907,0,5.135180280144128%
41908,0,5.1350577455378446%
41909,0,5.134935216779212%
41910,0,5.134812693867812%
41911,0,5.134690176803225%
41912,0,5.134567665585036%
41913,0,5.134445160212821%
41914,0,5.134322660686167%
41915,0,5.134200167004653%
41916,0,5.134077679167859%
41917,0,5.1339551971753705%
41918,0,5.133832721026767%
41919,0,5.13371025072163%
41920,0,5.133587786259542%
41921,0,5.133465327640085%
41922,0,5.133342874862841%
41923,0,5.133220427927391%
41924,0,5.1330979868333175%
41925,0,5.132975551580203%
41926,0,5.132853122167629%
41927,0,5.132730698595178%
41928,0,5.1326082808624305%
41929,0,5.132485868968971%
41930,0,5.132363462914381%
41931,0,5.132241062698243%
41932,0,5.132118668320137%
41933,0,5.131996279779648%
41934,0,5.131873897076359%
41935,0,5.131751520209848%
41936,0,5.131629149179703%
41937,0,5.131506783985502%
41938,0,5.13138442462683%
41939,0,5.131262071103269%
41940,0,5.131139723414401%
41941,0,5.13101738155981%
41942,0,5.130895045539078%
41943,0,5.130772715351787%
41944,0,5.13065039099752%
41945,0,5.130528072475861%
41946,0,5.130405759786392%
41947,0,5.130283452928696%
41948,0,5.130161151902355%
41949,0,5.130038856706954%
41950,0,5.1299165673420735%
41951,0,5.129794283807299%
41952,0,5.129672006102212%
41953,0,5.129549734226396%
41954,0,5.1294274681794345%
41955,0,5.12930520796091%
41956,0,5.129182953570407%
41957,0,5.129060705007507%
41958,0,5.128938462271796%
41959,0,5.128816225362854%
41960,0,5.128693994280266%
41961,0,5.128571769023617%
41962,0,5.128449549592489%
41963,0,5.128327335986464%
41964,0,5.128205128205128%
41965,0,5.128082926248064%
41966,0,5.127960730114855%
41967,0,5.127838539805085%
41968,0,5.127716355318338%
41969,0,5.127594176654197%
41970,0,5.1274720038122465%
41971,0,5.127349836792071%
41972,0,5.127227675593252%
41973,0,5.127105520215377%
41974,0,5.126983370658027%
41975,0,5.126861226920786%
41976,0,5.12673908900324%
41977,0,5.1266169569049715%
41978,0,5.126494830625566%
41979,0,5.126372710164606%
41980,0,5.126250595521677%
41981,0,5.126128486696362%
41982,0,5.126006383688248%
41983,0,5.125884286496915%
41984,0,5.1257621951219505%
41985,0,5.125640109562939%
41986,0,5.125518029819463%
41987,0,5.1253959558911095%
41988,0,5.12527388777746%
41989,0,5.125151825478101%
41990,0,5.125029768992617%
41991,0,5.124907718320593%
41992,0,5.124785673461612%
41993,0,5.124663634415259%
41994,0,5.124541601181122%
41995,0,5.1244195737587805%
41996,0,5.124297552147824%
41997,0,5.124175536347835%
41998,0,5.124053526358398%
41999,0,5.1239315221791%
42000,0,5.123809523809523%
42001,0,5.1236875312492565%
42002,0,5.123565544497881%
42003,0,5.123443563554984%
42004,0,5.123321588420151%
42005,0,5.123199619092965%
42006,0,5.123077655573013%
42007,0,5.12295569785988%
42008,1,5.125214244905732%
42009,0,5.12509224213859%
42010,0,5.124970245179719%
42011,0,5.124848254028707%
42012,0,5.124726268685138%
42013,0,5.124604289148596%
42014,0,5.12448231541867%
42015,0,5.124360347494942%
42016,0,5.124238385377%
42017,0,5.1241164290644265%
42018,0,5.123994478556809%
42019,0,5.123872533853733%
42020,0,5.1237505949547835%
42021,0,5.123628661859547%
42022,0,5.1235067345676075%
42023,0,5.123384813078552%
42024,0,5.1232628973919665%
42025,0,5.123140987507436%
42026,0,5.123019083424547%
42027,0,5.122897185142884%
42028,0,5.122775292662035%
42029,0,5.122653405981584%
42030,0,5.1225315251011185%
42031,0,5.122409650020223%
42032,0,5.122287780738485%
42033,0,5.12216591725549%
42034,0,5.122044059570824%
42035,0,5.121922207684073%
42036,0,5.121800361594824%
42037,0,5.121678521302662%
42038,0,5.121556686807175%
42039,0,5.121434858107947%
42040,0,5.121313035204567%
42041,0,5.1211912180966195%
42042,0,5.121069406783692%
42043,0,5.120947601265371%
42044,0,5.120825801541243%
42045,1,5.123082411701748%
42046,0,5.12296056699805%
42047,0,5.122838728089994%
42048,0,5.122716894977168%
42049,0,5.12259506765916%
42050,0,5.122473246135553%
42051,0,5.122351430405936%
42052,0,5.122229620469895%
42053,0,5.1221078163270155%
42054,0,5.121986017976886%
42055,0,5.1218642254190945%
42056,0,5.121742438653224%
42057,0,5.121620657678864%
42058,0,5.121498882495602%
42059,0,5.121377113103022%
42060,0,5.121255349500713%
42061,0,5.121133591688262%
42062,0,5.121011839665257%
42063,0,5.1208900934312815%
42064,0,5.120768352985927%
42065,0,5.120646618328776%
42066,0,5.12052488945942%
42067,0,5.120403166377446%
42068,0,5.120281449082438%
42069,0,5.120159737573986%
42070,0,5.120038031851676%
42071,0,5.119916331915096%
42072,0,5.1197946377638335%
42073,0,5.119672949397476%
42074,0,5.119551266815611%
42075,0,5.119429590017825%
42076,0,5.119307919003708%
42077,0,5.119186253772845%
42078,0,5.119064594324825%
42079,0,5.1189429406592355%
42080,0,5.1188212927756656%
42081,0,5.1186996506737%
42082,0,5.11857801435293%
42083,0,5.118456383812941%
42084,0,5.1183347590533215%
42085,0,5.11821314007366%
42086,0,5.1180915268735445%
42087,0,5.1179699194525625%
42088,0,5.117848317810302%
42089,0,5.117726721946352%
42090,0,5.117605131860299%
42091,0,5.117483547551733%
42092,0,5.117361969020242%
42093,0,5.117240396265412%
42094,0,5.117118829286834%
42095,0,5.116997268084096%
42096,0,5.1168757126567845%
42097,0,5.116754163004489%
42098,0,5.1166326191268%
42099,1,5.118886434357111%
42100,1,5.121140142517815%
42101,1,5.123393743616541%
42102,1,5.125647237660918%
42103,0,5.125525496995464%
42104,0,5.125403762112864%
42105,1,5.127657047856549%
42106,0,5.1275352681328075%
42107,0,5.127413494193365%
42108,0,5.127291726037807%
42109,0,5.127169963665724%
42110,0,5.127048207076704%
42111,0,5.126926456270333%
42112,0,5.1268047112462005%
42113,0,5.126682972003895%
42114,0,5.126561238543002%
42115,0,5.126439510863113%
42116,0,5.1263177889638145%
42117,1,5.128570410997934%
42118,1,5.130822926064865%
42119,1,5.133075334172226%
42120,1,5.135327635327636%
42121,1,5.137579829538709%
42122,1,5.139831916813066%
42123,0,5.139709897205802%
42124,0,5.139587883391891%
42125,0,5.13946587537092%
42126,0,5.139343873142478%
42127,0,5.13922187670615%
42128,0,5.139099886061526%
42129,0,5.138977901208194%
42130,0,5.13885592214574%
42131,0,5.1387339488737505%
42132,0,5.138611981391817%
42133,0,5.138490019699523%
42134,0,5.1383680637964595%
42135,0,5.138246113682212%
42136,0,5.13812416935637%
42137,0,5.13800223081852%
42138,0,5.137880298068252%
42139,0,5.137758371105152%
42140,0,5.137636449928809%
42141,0,5.13751453453881%
42142,0,5.137392624934744%
42143,0,5.1372707211162%
42144,0,5.137148823082764%
42145,0,5.1370269308340255%
42146,0,5.1369050443695725%
42147,0,5.136783163688993%
42148,0,5.136661288791877%
42149,0,5.13653941967781%
42150,0,5.136417556346382%
42151,0,5.1362956987971815%
42152,0,5.136173847029797%
42153,0,5.136052001043816%
42154,0,5.135930160838829%
42155,0,5.135808326414423%
42156,0,5.135686497770187%
42157,0,5.13556467490571%
42158,0,5.135442857820579%
42159,0,5.1353210465143855%
42160,0,5.135199240986718%
42161,0,5.135077441237162%
42162,0,5.13495564726531%
42163,0,5.134833859070749%
42164,0,5.134712076653069%
42165,0,5.134590300011858%
42166,0,5.134468529146706%
42167,0,5.1343467640572005%
42168,0,5.134225004742933%
42169,0,5.1341032512034905%
42170,0,5.133981503438463%
42171,0,5.13385976144744%
42172,0,5.13373802523001%
42173,0,5.133616294785764%
42174,0,5.133494570114289%
42175,0,5.133372851215174%
42176,0,5.133251138088013%
42177,0,5.13312943073239%
42178,0,5.133007729147897%
42179,0,5.132886033334123%
42180,0,5.132764343290659%
42181,0,5.132642659017093%
42182,0,5.132520980513015%
42183,0,5.132399307778015%
42184,0,5.132277640811682%
42185,0,5.132155979613607%
42186,0,5.132034324183379%
42187,0,5.131912674520587%
42188,0,5.1317910306248224%
42189,0,5.131669392495674%
42190,0,5.131547760132733%
42191,0,5.131426133535588%
42192,0,5.13130451270383%
42193,0,5.131182897637049%
42194,0,5.131061288334834%
42195,0,5.130939684796776%
42196,0,5.130818087022466%
42197,0,5.1306964950114935%
42198,0,5.130574908763449%
42199,0,5.130453328277921%
42200,0,5.130331753554502%
42201,0,5.130210184592783%
42202,0,5.130088621392351%
42203,0,5.1299670639528%
42204,0,5.129845512273718%
42205,0,5.129723966354698%
42206,0,5.129602426195327%
42207,0,5.1294808917951995%
42208,0,5.129359363153904%
42209,0,5.129237840271032%
42210,0,5.129116323146174%
42211,0,5.12899481177892%
42212,0,5.128873306168862%
42213,0,5.12875180631559%
42214,0,5.128630312218696%
42215,0,5.128508823877769%
42216,0,5.128387341292401%
42217,0,5.1282658644621835%
42218,0,5.128144393386707%
42219,0,5.128022928065563%
42220,0,5.127901468498342%
42221,0,5.127780014684635%
42222,0,5.127658566624035%
42223,0,5.127537124316131%
42224,0,5.127415687760515%
42225,0,5.127294256956779%
42226,0,5.127172831904514%
42227,0,5.12705141260331%
42228,0,5.126929999052761%
42229,0,5.126808591252456%
42230,0,5.12668718920199%
42231,0,5.12656579290095%
42232,0,5.12644440234893%
42233,0,5.126323017545522%
42234,0,5.126201638490316%
42235,0,5.126080265182905%
42236,0,5.125958897622881%
42237,0,5.125837535809835%
42238,0,5.1257161797433595%
42239,0,5.1255948294230445%
42240,0,5.125473484848484%
42241,0,5.125352146019271%
42242,0,5.125230812934993%
42243,0,5.125109485595247%
42244,0,5.124988163999621%
42245,0,5.12486684814771%
42246,0,5.124745538039104%
42247,0,5.124624233673397%
42248,0,5.12450293505018%
42249,0,5.124381642169045%
42250,0,5.124260355029586%
42251,0,5.124139073631393%
42252,0,5.12401779797406%
42253,0,5.1238965280571795%
42254,0,5.123775263880343%
42255,0,5.123654005443143%
42256,0,5.123532752745173%
42257,0,5.123411505786024%
42258,0,5.12329026456529%
42259,0,5.123169029082562%
42260,0,5.123047799337435%
42261,0,5.1229265753295%
42262,0,5.12280535705835%
42263,0,5.1226841445235785%
42264,0,5.122562937724777%
42265,0,5.122441736661541%
42266,0,5.12232054133346%
42267,0,5.122199351740128%
42268,0,5.122078167881139%
42269,0,5.121956989756086%
42270,0,5.121835817364561%
42271,0,5.121714650706158%
42272,0,5.121593489780469%
42273,0,5.1214723345870885%
42274,0,5.121351185125609%
42275,0,5.1212300413956235%
42276,0,5.121108903396726%
42277,0,5.120987771128509%
42278,0,5.120866644590567%
42279,0,5.120745523782492%
42280,0,5.120624408703879%
42281,0,5.120503299354319%
42282,0,5.120382195733409%
42283,0,5.12026109784074%
42284,0,5.120140005675906%
42285,0,5.1200189192385%
42286,0,5.119897838528118%
42287,0,5.119776763544351%
42288,0,5.119655694286795%
42289,0,5.119534630755043%
42290,0,5.119413572948687%
42291,0,5.119292520867324%
42292,0,5.119171474510545%
42293,0,5.119050433877947%
42294,0,5.1189293989691205%
42295,0,5.118808369783663%
42296,0,5.118687346321165%
42297,0,5.118566328581223%
42298,0,5.118445316563431%
42299,0,5.118324310267383%
42300,0,5.118203309692671%
42301,0,5.118082314838893%
42302,0,5.11796132570564%
42303,0,5.117840342292509%
42304,0,5.117719364599092%
42305,0,5.117598392624985%
42306,0,5.117477426369782%
42307,0,5.117356465833077%
42308,0,5.117235511014465%
42309,0,5.117114561913541%
42310,0,5.116993618529898%
42311,0,5.116872680863133%
42312,0,5.116751748912838%
42313,0,5.1166308226786095%
42314,0,5.1165099021600415%
42315,0,5.116388987356729%
42316,0,5.116268078268267%
42317,0,5.116147174894251%
42318,0,5.1160262772342735%
42319,0,5.115905385287932%
42320,0,5.11578449905482%
42321,0,5.115663618534533%
42322,0,5.115542743726667%
42323,0,5.115421874630815%
42324,0,5.115301011246574%
42325,0,5.115180153573538%
42326,0,5.115059301611303%
42327,0,5.1149384553594635%
42328,0,5.114817614817615%
42329,0,5.114696779985352%
42330,0,5.114575950862273%
42331,0,5.114455127447969%
42332,0,5.1143343097420395%
42333,0,5.1142134977440765%
42334,0,5.114092691453678%
42335,0,5.113971890870438%
42336,0,5.113851095993953%
42337,0,5.113730306823818%
42338,0,5.11360952335963%
42339,0,5.113488745600982%
42340,0,5.113367973547473%
42341,0,5.113247207198697%
42342,0,5.113126446554249%
42343,0,5.1130056916137265%
42344,0,5.112884942376724%
42345,0,5.1127641988428385%
42346,0,5.112643461011666%
42347,0,5.112522728882802%
42348,0,5.112402002455842%
42349,0,5.112281281730383%
42350,0,5.112160566706021%
42351,0,5.112039857382352%
42352,0,5.111919153758972%
42353,0,5.111798455835478%
42354,0,5.111677763611466%
42355,0,5.11155707708653%
42356,0,5.11143639626027%
42357,0,5.11131572113228%
42358,0,5.111195051702158%
42359,0,5.111074387969499%
42360,0,5.1109537299339%
42361,0,5.1108330775949575%
42362,0,5.110712430952268%
42363,0,5.110591790005429%
42364,0,5.110471154754037%
42365,0,5.110350525197687%
42366,0,5.110229901335977%
42367,0,5.110109283168504%
42368,0,5.1099886706948645%
42369,0,5.1098680639146545%
42370,0,5.109747462827472%
42371,0,5.109626867432914%
42372,0,5.109506277730577%
42373,0,5.109385693720057%
42374,0,5.109265115400953%
42375,0,5.109144542772862%
42376,0,5.109023975835378%
42377,0,5.108903414588102%
42378,0,5.1087828590306295%
42379,0,5.108662309162557%
42380,0,5.108541764983483%
42381,0,5.108421226493004%
42382,0,5.108300693690718%
42383,0,5.108180166576222%
42384,0,5.108059645149113%
42385,0,5.107939129408989%
42386,0,5.107818619355448%
42387,0,5.107698114988086%
42388,0,5.107577616306502%
42389,0,5.107457123310293%
42390,0,5.107336635999057%
42391,0,5.107216154372391%
42392,0,5.107095678429893%
42393,0,5.106975208171161%
42394,0,5.106854743595792%
42395,0,5.106734284703385%
42396,0,5.106613831493537%
42397,0,5.106493383965847%
42398,0,5.106372942119911%
42399,0,5.106252505955329%
42400,0,5.106132075471699%
42401,0,5.106011650668616%
42402,0,5.105891231545682%
42403,0,5.105770818102492%
42404,0,5.105650410338647%
42405,0,5.105530008253744%
42406,0,5.10540961184738%
42407,0,5.105289221119155%
42408,0,5.105168836068667%
42409,0,5.1050484566955125%
42410,0,5.104928082999292%
42411,0,5.1048077149796045%
42412,0,5.104687352636046%
42413,0,5.104566995968217%
42414,0,5.104446644975716%
42415,0,5.1043262996581396%
42416,0,5.104205960015089%
42417,0,5.10408562604616%
42418,0,5.103965297750955%
42419,0,5.1038449751290695%
42420,0,5.103724658180104%
42421,0,5.103604346903657%
42422,0,5.103484041299326%
42423,0,5.103363741366711%
42424,0,5.103243447105412%
42425,0,5.103123158515026%
42426,0,5.103002875595155%
42427,0,5.102882598345393%
42428,0,5.102762326765344%
42429,0,5.102642060854604%
42430,0,5.102521800612774%
42431,0,5.102401546039452%
42432,0,5.102281297134239%
42433,0,5.102161053896731%
42434,0,5.1020408163265305%
42435,0,5.101920584423236%
42436,0,5.101800358186445%
42437,0,5.10168013761576%
42438,0,5.101559922710778%
42439,0,5.101439713471099%
42440,0,5.101319509896324%
42441,0,5.101199311986051%
42442,0,5.101079119739881%
42443,0,5.100958933157411%
42444,0,5.100838752238243%
42445,0,5.1007185769819765%
42446,0,5.100598407388211%
42447,0,5.100478243456545%
42448,0,5.100358085186581%
42449,0,5.100237932577917%
42450,0,5.100117785630153%
42451,0,5.099997644342889%
42452,0,5.099877508715726%
42453,0,5.099757378748262%
42454,0,5.0996372544401005%
42455,0,5.099517135790838%
42456,0,5.099397022800075%
42457,0,5.0992769154674145%
42458,0,5.099156813792454%
42459,0,5.099036717774794%
42460,0,5.098916627414036%
42461,0,5.09879654270978%
42462,0,5.098676463661627%
42463,0,5.0985563902691755%
42464,0,5.098436322532027%
42465,0,5.098316260449782%
42466,0,5.098196204022041%
42467,0,5.098076153248405%
42468,0,5.097956108128473%
42469,0,5.097836068661848%
42470,0,5.097716034848128%
42471,0,5.097596006686915%
42472,0,5.0974759841778114%
42473,0,5.097355967320415%
42474,0,5.097235956114329%
42475,0,5.097115950559152%
42476,0,5.096995950654487%
42477,0,5.096875956399934%
42478,0,5.096755967795094%
42479,0,5.096635984839567%
42480,0,5.096516007532957%
42481,0,5.096396035874862%
42482,0,5.096276069864884%
42483,0,5.096156109502624%
42484,0,5.096036154787685%
42485,0,5.095916205719666%
42486,0,5.095796262298169%
42487,0,5.095676324522795%
42488,0,5.095556392393146%
42489,0,5.095436465908824%
42490,0,5.095316545069428%
42491,0,5.095196629874562%
42492,0,5.095076720323825%
42493,1,5.097310145200386%
42494,1,5.099543464959759%
42495,1,5.101776679609365%
42496,0,5.101656626506024%
42497,0,5.101536579052639%
42498,0,5.101416537248812%
42499,1,5.103649497635239%
42500,1,5.105882352941177%
42501,1,5.108115103174042%
42502,1,5.110347748341255%
42503,1,5.112580288450227%
42504,1,5.114812723508376%
42505,0,5.114692389130691%
42506,1,5.116924669458429%
42507,0,5.116804291057943%
42508,0,5.1166839183212565%
42509,0,5.116563551247971%
42510,0,5.116443189837685%
42511,0,5.11632283409%
42512,0,5.116202484004517%
42513,0,5.116082139580834%
42514,0,5.115961800818554%
42515,0,5.115841467717276%
42516,0,5.115721140276602%
42517,0,5.115600818496131%
42518,0,5.115480502375465%
42519,0,5.1153601919142035%
42520,0,5.115239887111947%
42521,0,5.115119587968298%
42522,0,5.114999294482856%
42523,0,5.114879006655222%
42524,0,5.114758724484997%
42525,0,5.114638447971781%
42526,0,5.114518177115176%
42527,0,5.114397911914784%
42528,0,5.114277652370204%
42529,0,5.114157398481037%
42530,0,5.114037150246885%
42531,0,5.113916907667349%
42532,0,5.11379667074203%
42533,0,5.113676439470529%
42534,0,5.113556213852447%
42535,0,5.1134359938873875%
42536,0,5.113315779574949%
42537,0,5.113195570914733%
42538,0,5.113075367906342%
42539,0,5.1129551705493785%
42540,0,5.112834978843441%
42541,1,5.115065466256082%
42542,0,5.114945230595646%
42543,0,5.114825000587641%
42544,0,5.114704776231666%
42545,0,5.1145845575273245%
42546,0,5.114464344474216%
42547,0,5.114344137071944%
42548,0,5.114223935320109%
42549,0,5.114103739218313%
42550,0,5.113983548766157%
42551,0,5.113863363963244%
42552,0,5.113743184809175%
42553,0,5.113623011303551%
42554,0,5.113502843445975%
42555,0,5.113382681236048%
42556,0,5.113262524673372%
42557,0,5.113142373757549%
42558,0,5.113022228488181%
42559,0,5.11290208886487%
42560,0,5.112781954887218%
42561,0,5.112661826554827%
42562,0,5.1125417038673%
42563,0,5.112421586824237%
42564,0,5.112301475425242%
42565,0,5.1121813696699165%
42566,0,5.112061269557863%
42567,0,5.111941175088684%
42568,0,5.111821086261981%
42569,0,5.111701003077357%
42570,0,5.111580925534414%
42571,0,5.111460853632755%
42572,0,5.111340787371982%
42573,0,5.111220726751697%
42574,0,5.111100671771504%
42575,0,5.110980622431004%
42576,0,5.110860578729801%
42577,0,5.110740540667496%
42578,0,5.110620508243694%
42579,0,5.110500481457995%
42580,0,5.1103804603100045%
42581,0,5.110260444799324%
42582,0,5.1101404349255555%
42583,0,5.110020430688303%
42584,0,5.109900432087168%
42585,0,5.1097804391217565%
42586,0,5.109660451791669%
42587,0,5.109540470096508%
42588,0,5.109420494035879%
42589,0,5.109300523609383%
42590,0,5.1091805588166235%
42591,0,5.109060599657204%
42592,0,5.108940646130729%
42593,0,5.1088206982368%
42594,0,5.10870075597502%
42595,0,5.1085808193449935%
42596,0,5.108460888346324%
42597,0,5.108340962978613%
42598,0,5.108221043241467%
42599,0,5.108101129134487%
42600,0,5.107981220657277%
42601,0,5.107861317809441%
42602,0,5.107741420590583%
42603,0,5.107621529000305%
42604,0,5.107501643038213%
42605,0,5.107381762703908%
42606,0,5.107261887996996%
42607,0,5.10714201891708%
42608,0,5.1070221554637625%
42609,0,5.106902297636649%
42610,0,5.1067824454353445%
42611,0,5.106662598859449%
42612,0,5.106542757908571%
42613,0,5.10642292258231%
42614,0,5.106303092880274%
42615,0,5.106183268802065%
42616,0,5.106063450347287%
42617,0,5.105943637515545%
42618,0,5.105823830306443%
42619,0,5.105704028719585%
42620,0,5.105584232754575%
42621,0,5.1054644424110185%
42622,0,5.1053446576885175%
42623,0,5.105224878586679%
42624,0,5.105105105105105%
42625,0,5.104985337243402%
42626,0,5.104865575001173%
42627,0,5.104745818378023%
42628,0,5.104626067373557%
42629,0,5.10450632198738%
42630,0,5.104386582219095%
42631,0,5.104266848068307%
42632,0,5.1041471195346215%
42633,0,5.104027396617643%
42634,0,5.103907679316977%
42635,0,5.103787967632227%
42636,0,5.103668261562999%
42637,0,5.103548561108896%
42638,0,5.103428866269525%
42639,0,5.10330917704449%
42640,0,5.103189493433396%
42641,0,5.103069815435848%
42642,0,5.1029501430514514%
42643,0,5.102830476279811%
42644,0,5.102710815120533%
42645,0,5.102591159573221%
42646,0,5.102471509637481%
42647,0,5.102351865312918%
42648,0,5.102232226599137%
42649,0,5.102112593495745%
42650,0,5.101992966002344%
42651,0,5.101873344118543%
42652,0,5.101753727843946%
42653,0,5.1016341171781585%
42654,0,5.1015145121207865%
42655,0,5.1013949126714335%
42656,0,5.101275318829708%
42657,0,5.101155730595213%
42658,0,5.101036147967556%
42659,0,5.100916570946342%
42660,0,5.100796999531177%
42661,0,5.100677433721666%
42662,0,5.100557873517416%
42663,0,5.100438318918032%
42664,0,5.10031876992312%
42665,0,5.100199226532286%
42666,0,5.1000796887451365%
42667,0,5.099960156561277%
42668,0,5.099840629980313%
42669,0,5.099721109001852%
42670,0,5.099601593625498%
42671,0,5.099482083850859%
42672,0,5.09936257967754%
42673,0,5.099243081105148%
42674,0,5.09912358813329%
42675,0,5.09900410076157%
42676,0,5.0988846189895956%
42677,0,5.098765142816974%
42678,0,5.09864567224331%
42679,0,5.098526207268211%
42680,0,5.098406747891284%
42681,0,5.098287294112134%
42682,0,5.0981678459303685%
42683,0,5.098048403345595%
42684,0,5.097928966357417%
42685,0,5.097809534965444%
42686,0,5.097690109169283%
42687,0,5.097570688968538%
42688,0,5.097451274362818%
42689,0,5.09733186535173%
42690,0,5.0972124619348795%
42691,0,5.097093064111874%
42692,0,5.09697367188232%
42693,0,5.096854285245825%
42694,0,5.096734904201996%
42695,0,5.09661552875044%
42696,0,5.096496158890763%
42697,0,5.096376794622573%
42698,0,5.0962574359454775%
42699,0,5.096138082859084%
42700,0,5.096018735362998%
42701,0,5.095899393456828%
42702,0,5.09578005714018%
42703,0,5.095660726412665%
42704,0,5.095541401273886%
42705,0,5.095422081723452%
42706,0,5.095302767760971%
42707,0,5.095183459386049%
42708,0,5.095064156598295%
42709,0,5.094944859397317%
42710,0,5.0948255677827206%
42711,0,5.094706281754115%
42712,0,5.094587001311107%
42713,0,5.0944677264533045%
42714,0,5.094348457180316%
42715,0,5.094229193491747%
42716,0,5.094109935387209%
42717,0,5.093990682866306%
42718,0,5.093871435928649%
42719,0,5.0937521945738435%
42720,0,5.093632958801498%
42721,0,5.093513728611222%
42722,0,5.093394504002621%
42723,0,5.093275284975306%
42724,0,5.093156071528883%
42725,0,5.09303686366296%
42726,0,5.092917661377147%
42727,0,5.092798464671051%
42728,0,5.09267927354428%
42729,0,5.092560087996443%
42730,0,5.0924409080271476%
42731,0,5.092321733636003%
42732,0,5.092202564822616%
42733,0,5.092083401586596%
42734,0,5.091964243927552%
42735,0,5.091845091845092%
42736,0,5.091725945338824%
42737,0,5.091606804408358%
42738,0,5.0914876690533015%
42739,0,5.0913685392732635%
42740,0,5.0912494150678524%
42741,0,5.091130296436677%
42742,0,5.091011183379345%
42743,0,5.090892075895468%
42744,0,5.090772973984653%
42745,0,5.090653877646508%
42746,0,5.090534786880644%
42747,0,5.090415701686668%
42748,0,5.09029662206419%
42749,0,5.090177548012819%
42750,0,5.090058479532164%
42751,0,5.089939416621833%
42752,0,5.089820359281437%
42753,0,5.089701307510584%
42754,0,5.089582261308884%
42755,0,5.0894632206759445%
42756,0,5.089344185611376%
42757,0,5.0892251561147885%
42758,0,5.0891061321857896%
42759,0,5.088987113823991%
42760,0,5.088868101028999%
42761,0,5.088749093800426%
42762,0,5.08863009213788%
42763,0,5.08851109604097%
42764,0,5.088392105509307%
42765,0,5.0882731205425%
42766,0,5.0881541411401585%
42767,0,5.088035167301892%
42768,0,5.08791619902731%
42769,0,5.087797236316023%
42770,0,5.0876782791676405%
42771,0,5.087559327581773%
42772,0,5.087440381558029%
42773,0,5.087321441096019%
42774,0,5.087202506195352%
42775,0,5.08708357685564%
42776,0,5.086964653076492%
42777,0,5.0868457348575165%
42778,0,5.086726822198327%
42779,0,5.086607915098529%
42780,0,5.086489013557737%
42781,0,5.08637011757556%
42782,0,5.086251227151606%
42783,0,5.086132342285487%
42784,0,5.086013462976814%
42785,0,5.085894589225195%
42786,0,5.0857757210302434%
42787,0,5.085656858391568%
42788,0,5.085538001308778%
42789,0,5.085419149781486%
42790,0,5.085300303809301%
42791,0,5.085181463391835%
42792,0,5.085062628528697%
42793,0,5.084943799219499%
42794,0,5.08482497546385%
42795,0,5.084706157261362%
42796,0,5.084587344611646%
42797,0,5.0844685375143115%
42798,0,5.084349735968971%
42799,0,5.0842309399752335%
42800,0,5.08411214953271%
42801,0,5.083993364641013%
42802,0,5.0838745852997524%
42803,0,5.083755811508539%
42804,0,5.083637043266984%
42805,0,5.083518280574699%
42806,0,5.083399523431295%
42807,0,5.083280771836382%
42808,0,5.083162025789572%
42809,0,5.0830432852904766%
42810,0,5.0829245503387055%
42811,0,5.0828058209338725%
42812,0,5.082687097075586%
42813,0,5.08256837876346%
42814,0,5.082449665997104%
42815,0,5.08233095877613%
42816,0,5.082212257100149%
42817,0,5.082093560968774%
42818,0,5.0819748703816146%
42819,0,5.081856185338284%
42820,0,5.081737505838394%
42821,0,5.081618831881554%
42822,0,5.081500163467377%
42823,0,5.081381500595474%
42824,0,5.081262843265458%
42825,0,5.081144191476941%
42826,0,5.081025545229533%
42827,0,5.080906904522848%
42828,0,5.080788269356495%
42829,0,5.080669639730089%
42830,0,5.08055101564324%
42831,0,5.080432397095561%
42832,0,5.0803137840866635%
42833,0,5.080195176616161%
42834,0,5.0800765746836625%
42835,0,5.079957978288783%
42836,0,5.079839387431133%
42837,0,5.079720802110326%
42838,0,5.079602222325972%
42839,0,5.0794836480776855%
42840,0,5.079365079365079%
42841,0,5.079246516187764%
42842,0,5.079127958545353%
42843,0,5.079009406437458%
42844,0,5.078890859863692%
42845,0,5.078772318823667%
42846,0,5.078653783316995%
42847,0,5.078535253343292%
42848,0,5.078416728902166%
42849,0,5.078298209993233%
42850,0,5.078179696616103%
42851,0,5.07806118877039%
42852,0,5.0779426864557085%
42853,0,5.077824189671668%
42854,0,5.077705698417883%
42855,0,5.0775872126939685%
42856,0,5.077468732499534%
42857,0,5.077350257834193%
42858,1,5.079565075365159%
42859,0,5.079446557315849%
42860,0,5.0793280447970135%
42861,0,5.079209537808263%
42862,0,5.079091036349214%
42863,0,5.0789725404194765%
42864,0,5.078854050018664%
42865,0,5.078735565146389%
42866,0,5.078617085802267%
42867,0,5.07849861198591%
42868,0,5.07838014369693%
42869,0,5.078261680934942%
42870,0,5.078143223699557%
42871,0,5.07802477199039%
42872,0,5.077906325807054%
42873,0,5.077787885149161%
42874,0,5.077669450016327%
42875,0,5.077551020408163%
42876,0,5.077432596324284%
42877,0,5.077314177764302%
42878,0,5.077195764727833%
42879,0,5.077077357214487%
42880,0,5.076958955223881%
42881,0,5.0768405587556265%
42882,0,5.076722167809337%
42883,0,5.076603782384629%
42884,0,5.0764854024811115%
42885,0,5.076367028098402%
42886,0,5.076248659236114%
42887,0,5.0761302958938606%
42888,0,5.076011938071255%
42889,0,5.075893585767913%
42890,0,5.075775238983446%
42891,0,5.07565689771747%
42892,0,5.075538561969598%
42893,0,5.075420231739445%
42894,0,5.075301907026624%
42895,0,5.075183587830749%
42896,0,5.075065274151436%
42897,0,5.074946965988297%
42898,0,5.0748286633409485%
42899,0,5.074710366209002%
42900,0,5.074592074592075%
42901,0,5.074473788489779%
42902,0,5.074355507901729%
42903,0,5.074237232827541%
42904,0,5.074118963266828%
42905,0,5.074000699219205%
42906,0,5.073882440684287%
42907,0,5.073764187661687%
42908,0,5.07364594015102%
42909,0,5.073527698151903%
42910,0,5.073409461663948%
42911,0,5.07329123068677%
42912,0,5.073173005219985%
42913,0,5.073054785263207%
42914,0,5.072936570816051%
42915,0,5.072818361878132%
42916,1,5.075030291732687%
42917,1,5.077242118507817%
42918,0,5.077123817512465%
42919,0,5.077005522029871%
42920,0,5.076887232059645%
42921,0,5.0767689476014075%
42922,0,5.076650668654769%
42923,0,5.076532395219346%
42924,0,5.076414127294754%
42925,0,5.076295864880605%
42926,0,5.0761776079765175%
42927,0,5.076059356582104%
42928,0,5.075941110696982%
42929,0,5.075822870320762%
42930,0,5.0757046354530635%
42931,0,5.075586406093499%
42932,0,5.075468182241685%
42933,0,5.075349963897235%
42934,0,5.075231751059766%
42935,0,5.075113543728892%
42936,0,5.07499534190423%
42937,0,5.0748771455853925%
42938,0,5.074758954771997%
42939,0,5.074640769463658%
42940,0,5.07452258965999%
42941,0,5.074404415360611%
42942,0,5.074286246565134%
42943,0,5.074168083273176%
42944,0,5.074049925484352%
42945,0,5.073931773198277%
42946,0,5.073813626414568%
42947,0,5.073695485132839%
42948,0,5.073577349352706%
42949,0,5.0734592190737855%
42950,0,5.073341094295693%
42951,0,5.0732229750180435%
42952,0,5.073104861240455%
42953,0,5.0729867529625405%
42954,0,5.072868650183918%
42955,0,5.072750552904202%
42956,0,5.07263246112301%
42957,0,5.072514374839956%
42958,0,5.072396294054658%
42959,0,5.072278218766732%
42960,0,5.072160148975791%
42961,0,5.072042084681455%
42962,0,5.071924025883339%
42963,0,5.071805972581058%
42964,0,5.0716879247742295%
42965,0,5.0715698824624695%
42966,0,5.071451845645393%
42967,0,5.07133381432262%
42968,0,5.071215788493763%
42969,0,5.07109776815844%
42970,0,5.0709797533162675%
42971,0,5.070861743966861%
42972,0,5.070743740109839%
42973,0,5.070625741744816%
42974,0,5.07050774887141%
42975,0,5.0703897614892375%
42976,0,5.070271779597915%
42977,0,5.070153803197059%
42978,0,5.070035832286286%
42979,0,5.069917866865213%
42980,0,5.069799906933457%
42981,0,5.069681952490635%
42982,0,5.069564003536364%
42983,0,5.06944606007026%
42984,0,5.0693281220919415%
42985,0,5.069210189601024%
42986,0,5.069092262597125%
42987,0,5.068974341079861%
42988,0,5.0688564250488515%
42989,0,5.0687385145037105%
42990,0,5.068620609444057%
42991,0,5.068502709869508%
42992,0,5.06838481577968%
42993,0,5.068266927174191%
42994,0,5.068149044052658%
42995,0,5.068031166414699%
42996,0,5.067913294259931%
42997,0,5.0677954275879715%
42998,0,5.067677566398437%
42999,0,5.067559710690946%
43000,0,5.067441860465117%
43001,0,5.067324015720565%
43002,0,5.067206176456909%
43003,0,5.067088342673768%
43004,0,5.066970514370756%
43005,0,5.066852691547495%
43006,0,5.0667348742036%
43007,0,5.066617062338689%
43008,0,5.0664992559523805%
43009,0,5.066381455044293%
43010,0,5.066263659614044%
43011,0,5.066145869661249%
43012,0,5.06602808518553%
43013,0,5.065910306186502%
43014,0,5.065792532663784%
43015,0,5.065674764616994%
43016,0,5.06555700204575%
43017,0,5.065439244949671%
43018,0,5.065321493328375%
43019,0,5.065203747181478%
43020,0,5.065086006508601%
43021,0,5.06496827130936%
43022,0,5.064850541583376%
43023,0,5.064732817330266%
43024,0,5.064615098549647%
43025,0,5.064497385241139%
43026,0,5.064379677404361%
43027,0,5.064261975038929%
43028,0,5.064144278144464%
43029,0,5.064026586720584%
43030,0,5.063908900766907%
43031,0,5.0637912202830515%
43032,0,5.063673545268637%
43033,0,5.063555875723282%
43034,0,5.063438211646605%
43035,0,5.063320553038224%
43036,0,5.063202899897759%
43037,0,5.0630852522248295%
43038,0,5.062967610019053%
43039,0,5.0628499732800485%
43040,0,5.062732342007435%
43041,0,5.062614716200832%
43042,0,5.062497095859858%
43043,0,5.062379480984132%
43044,0,5.0622618715732735%
43045,0,5.062144267626902%
43046,0,5.062026669144636%
43047,0,5.061909076126095%
43048,0,5.061791488570898%
43049,0,5.0616739064786636%
43050,0,5.061556329849013%
43051,0,5.061438758681564%
43052,0,5.061321192975936%
43053,0,5.06120363273175%
43054,0,5.061086077948622%
43055,0,5.060968528626176%
43056,0,5.060850984764028%
43057,0,5.0607334463618%
43058,0,5.0606159134191095%
43059,0,5.060498385935577%
43060,0,5.060380863910821%
43061,0,5.060263347344464%
43062,0,5.060145836236125%
43063,0,5.060028330585421%
43064,0,5.059910830391975%
43065,0,5.059793335655405%
43066,0,5.059675846375331%
43067,0,5.059558362551374%
43068,0,5.059440884183152%
43069,0,5.059323411270287%
43070,0,5.059205943812398%
43071,0,5.0590884818091055%
43072,0,5.05897102526003%
43073,0,5.0588535741647895%
43074,0,5.058736128523007%
43075,0,5.058618688334301%
43076,0,5.058501253598291%
43077,0,5.0583838243146%
43078,0,5.058266400482845%
43079,0,5.058148982102648%
43080,0,5.058031569173631%
43081,0,5.057914161695411%
43082,0,5.05779675966761%
43083,0,5.057679363089849%
43084,0,5.057561971961749%
43085,0,5.057444586282929%
43086,0,5.05732720605301%
43087,0,5.057209831271614%
43088,0,5.057092461938359%
43089,0,5.056975098052868%
43090,0,5.05685773961476%
43091,0,5.056740386623657%
43092,0,5.056623039079179%
43093,0,5.056505696980948%
43094,0,5.056388360328584%
43095,0,5.056271029121708%
43096,0,5.05615370335994%
43097,0,5.056036383042904%
43098,0,5.055919068170216%
43099,0,5.055801758741502%
43100,0,5.05568445475638%
43101,0,5.055567156214473%
43102,0,5.055449863115401%
43103,0,5.055332575458785%
43104,0,5.055215293244246%
43105,0,5.055098016471407%
43106,0,5.054980745139888%
43107,0,5.05486347924931%
43108,0,5.054746218799295%
43109,0,5.054628963789464%
43110,0,5.054511714219439%
43111,0,5.05439447008884%
43112,0,5.054277231397291%
43113,0,5.054159998144411%
43114,0,5.054042770329823%
43115,0,5.053925547953148%
43116,0,5.053808331014008%
43117,0,5.053691119512026%
43118,0,5.0535739134468205%
43119,0,5.053456712818015%
43120,0,5.053339517625232%
43121,0,5.053222327868092%
43122,0,5.053105143546217%
43123,0,5.052987964659231%
43124,0,5.052870791206752%
43125,0,5.052753623188406%
43126,0,5.052636460603812%
43127,0,5.052519303452593%
43128,0,5.052402151734372%
43129,0,5.05228500544877%
43130,0,5.052167864595409%
43131,0,5.052050729173912%
43132,0,5.051933599183901%
43133,0,5.051816474624997%
43134,0,5.051699355496824%
43135,0,5.051582241799004%
43136,0,5.051465133531157%
43137,0,5.051348030692909%
43138,0,5.05123093328388%
43139,0,5.0511138413036925%
43140,0,5.050996754751971%
43141,0,5.050879673628335%
43142,0,5.050762597932409%
43143,0,5.050645527663815%
43144,0,5.050528462822177%
43145,0,5.050411403407116%
43146,0,5.050294349418254%
43147,0,5.050177300855216%
43148,0,5.050060257717623%
43149,0,5.049943220005098%
43150,0,5.049826187717265%
43151,0,5.049709160853746%
43152,0,5.049592139414164%
43153,0,5.049475123398142%
43154,0,5.049358112805303%
43155,0,5.049241107635268%
43156,0,5.049124107887663%
43157,0,5.04900711356211%
43158,0,5.048890124658232%
43159,0,5.048773141175652%
43160,0,5.048656163113995%
43161,0,5.04853919047288%
43162,0,5.048422223251935%
43163,1,5.050622060561129%
43164,1,5.052821795941062%
43165,1,5.055021429398819%
43166,1,5.057220960941482%
43167,1,5.059420390576134%
43168,1,5.061619718309859%
43169,1,5.063818944149737%
43170,1,5.066018068102849%
43171,0,5.065900720391003%
43172,0,5.065783378115445%
43173,0,5.065666041275797%
43174,0,5.065548709871682%
43175,0,5.065431383902721%
43176,0,5.065314063368538%
43177,0,5.065196748268754%
43178,0,5.065079438602992%
43179,0,5.064962134370875%
43180,0,5.064844835572025%
43181,0,5.064727542206063%
43182,0,5.064610254272614%
43183,0,5.064492971771299%
43184,0,5.0643756947017415%
43185,0,5.064258423063564%
43186,0,5.0641411568563885%
43187,0,5.0640238960798385%
43188,0,5.063906640733537%
43189,0,5.0637893908171066%
43190,0,5.063672146330169%
43191,0,5.063554907272348%
43192,0,5.063437673643268%
43193,0,5.063320445442549%
43194,0,5.063203222669816%
43195,0,5.06308600532469%
43196,0,5.062968793406797%
43197,0,5.062851586915758%
43198,0,5.062734385851197%
43199,0,5.062617190212737%
43200,0,5.0625%
43201,0,5.062382815212611%
43202,0,5.062265635850192%
43203,0,5.062148461912367%
43204,0,5.06203129339876%
43205,0,5.061914130308992%
43206,0,5.061796972642688%
43207,0,5.061679820399472%
43208,0,5.061562673578967%
43209,0,5.061445532180795%
43210,0,5.061328396204582%
43211,0,5.06121126564995%
43212,0,5.0610941405165235%
43213,0,5.060977020803925%
43214,0,5.060859906511778%
43215,0,5.060742797639708%
43216,0,5.060625694187338%
43217,0,5.060508596154291%
43218,0,5.060391503540192%
43219,0,5.060274416344663%
43220,0,5.06015733456733%
43221,0,5.060040258207816%
43222,0,5.059923187265744%
43223,0,5.05980612174074%
43224,0,5.059689061632426%
43225,0,5.059572006940428%
43226,0,5.059454957664369%
43227,0,5.059337913803873%
43228,0,5.059220875358564%
43229,0,5.059103842328066%
43230,0,5.058986814712005%
43231,0,5.058869792510005%
43232,0,5.058752775721688%
43233,0,5.05863576434668%
43234,0,5.058518758384604%
43235,0,5.058401757835088%
43236,0,5.058284762697752%
43237,0,5.058167772972222%
43238,0,5.058050788658125%
43239,0,5.057933809755082%
43240,0,5.05781683626272%
43241,0,5.057699868180662%
43242,0,5.057582905508533%
43243,0,5.057465948245959%
43244,0,5.057348996392563%
43245,0,5.057232049947971%
43246,0,5.057115108911807%
43247,0,5.056998173283696%
43248,0,5.0568812430632635%
43249,0,5.056764318250133%
43250,1,5.058959537572254%
43251,0,5.0588425701139865%
43252,0,5.058725608064367%
43253,0,5.058608651423023%
43254,0,5.0584917001895775%
43255,0,5.0583747543636575%
43256,0,5.058257813944887%
43257,0,5.05814087893289%
43258,0,5.058023949327292%
43259,0,5.057907025127719%
43260,0,5.057790106333796%
43261,0,5.057673192945146%
43262,0,5.057556284961398%
43263,0,5.057439382382174%
43264,0,5.0573224852071%
43265,0,5.0572055934358024%
43266,0,5.057088707067906%
43267,0,5.056971826103035%
43268,0,5.056854950540815%
43269,0,5.056738080380873%
43270,0,5.056621215622833%
43271,0,5.056504356266322%
43272,0,5.0563875023109635%
43273,0,5.056270653756384%
43274,0,5.056153810602209%
43275,0,5.056036972848064%
43276,0,5.055920140493576%
43277,0,5.0558033135383695%
43278,0,5.055686491982069%
43279,0,5.0555696758243025%
43280,0,5.055452865064694%
43281,0,5.055336059702872%
43282,0,5.055219259738459%
43283,0,5.055102465171083%
43284,0,5.05498567600037%
43285,0,5.054868892225945%
43286,0,5.054752113847433%
43287,0,5.054635340864463%
43288,0,5.054518573276659%
43289,0,5.054401811083647%
43290,0,5.054285054285054%
43291,0,5.054168302880506%
43292,0,5.054051556869629%
43293,1,5.056244658489825%
43294,1,5.058437658797986%
43295,1,5.060630557801131%
43296,0,5.060513673318551%
43297,1,5.062706423077811%
43298,1,5.0648990715506494%
43299,1,5.067091618744081%
43300,0,5.066974595842956%
43301,0,5.06685757834692%
43302,0,5.0667405662556%
43303,0,5.0666235595686215%
43304,0,5.066506558285608%
43305,0,5.066389562406188%
43306,0,5.066272571929987%
43307,0,5.066155586856628%
43308,0,5.06603860718574%
43309,0,5.065921632916946%
43310,0,5.065804664049873%
43311,0,5.065687700584147%
43312,0,5.0655707425193945%
43313,0,5.06545378985524%
43314,0,5.06533684259131%
43315,0,5.065219900727231%
43316,0,5.0651029642626275%
43317,0,5.064986033197128%
43318,0,5.064869107530357%
43319,0,5.0647521872619405%
43320,0,5.064635272391505%
43321,0,5.064518362918677%
43322,0,5.064401458843082%
43323,0,5.064284560164347%
43324,0,5.064167666882097%
43325,0,5.064050778995961%
43326,0,5.063933896505563%
43327,0,5.063817019410529%
43328,0,5.063700147710488%
43329,0,5.063583281405064%
43330,0,5.063466420493884%
43331,0,5.063349564976575%
43332,0,5.063232714852765%
43333,0,5.063115870122078%
43334,0,5.062999030784142%
43335,0,5.062882196838584%
43336,0,5.062765368285029%
43337,0,5.062648545123105%
43338,0,5.062531727352439%
43339,0,5.062414914972657%
43340,0,5.062298107983388%
43341,0,5.062181306384255%
43342,0,5.062064510174888%
43343,0,5.061947719354913%
43344,0,5.061830933923957%
43345,0,5.061714153881647%
43346,0,5.06159737922761%
43347,0,5.061480609961474%
43348,0,5.061363846082864%
43349,0,5.0612470875914095%
43350,0,5.061130334486736%
43351,0,5.061013586768472%
43352,0,5.060896844436242%
43353,0,5.060780107489678%
43354,0,5.060663375928404%
43355,0,5.060546649752047%
43356,0,5.060429928960236%
43357,0,5.0603132135525986%
43358,0,5.06019650352876%
43359,0,5.060079798888351%
43360,0,5.0599630996309966%
43361,0,5.059846405756325%
43362,0,5.059729717263964%
43363,0,5.059613034153541%
43364,0,5.059496356424685%
43365,0,5.059379684077021%
43366,0,5.059263017110179%
43367,0,5.059146355523785%
43368,0,5.059029699317469%
43369,0,5.058913048490857%
43370,0,5.058796403043578%
43371,0,5.05867976297526%
43372,0,5.05856312828553%
43373,0,5.058446498974016%
43374,0,5.0583298750403465%
43375,0,5.05821325648415%
43376,0,5.058096643305054%
43377,0,5.057980035502686%
43378,0,5.057863433076675%
43379,0,5.057746836026649%
43380,0,5.057630244352236%
43381,1,5.059818814688458%
43382,0,5.0597021806279106%
43383,0,5.05958555194431%
43384,0,5.059468928637285%
43385,0,5.0593523107064655%
43386,0,5.059235698151478%
43387,0,5.05911909097195%
43388,0,5.059002489167512%
43389,0,5.05888589273779%
43390,0,5.058769301682416%
43391,0,5.058652716001014%
43392,0,5.058536135693215%
43393,0,5.058419560758648%
43394,0,5.05830299119694%
43395,0,5.05818642700772%
43396,0,5.058069868190616%
43397,0,5.057953314745259%
43398,0,5.057836766671276%
43399,0,5.057720223968294%
43400,0,5.057603686635945%
43401,0,5.057487154673856%
43402,0,5.057370628081656%
43403,0,5.057254106858973%
43404,0,5.0571375910054375%
43405,0,5.057021080520677%
43406,0,5.056904575404322%
43407,0,5.056788075656001%
43408,0,5.056671581275341%
43409,0,5.0565550922619735%
43410,0,5.056438608615527%
43411,0,5.056322130335629%
43412,0,5.056205657421911%
43413,0,5.056089189874001%
43414,0,5.055972727691528%
43415,0,5.055856270874122%
43416,0,5.055739819421412%
43417,0,5.0556233733330265%
43418,0,5.055506932608596%
43419,0,5.055390497247749%
43420,0,5.0552740672501155%
43421,0,5.055157642615325%
43422,0,5.0550412233430055%
43423,0,5.054924809432789%
43424,0,5.054808400884304%
43425,0,5.054691997697179%
43426,1,5.0568783677980935%
43427,1,5.059064637207268%
43428,1,5.061250805931658%
43429,1,5.063436873978217%
43430,0,5.063320285516924%
43431,0,5.063203702424535%
43432,0,5.063087124700682%
43433,0,5.062970552344991%
43434,0,5.062853985357093%
43435,0,5.062737423736618%
43436,0,5.062620867483194%
43437,0,5.06250431659645%
43438,0,5.062387771076017%
43439,0,5.062271230921523%
43440,0,5.0621546961325965%
43441,0,5.062038166708869%
43442,0,5.06192164264997%
43443,0,5.061805123955528%
43444,0,5.061688610625173%
43445,0,5.061572102658534%
43446,0,5.061455600055241%
43447,0,5.061339102814924%
43448,0,5.061222610937213%
43449,0,5.061106124421736%
43450,0,5.060989643268124%
43451,0,5.060873167476007%
43452,0,5.060756697045015%
43453,0,5.060640231974777%
43454,0,5.060523772264924%
43455,0,5.060407317915085%
43456,0,5.0602908689248896%
43457,0,5.060174425293969%
43458,0,5.060057987021952%
43459,0,5.05994155410847%
43460,0,5.059825126553152%
43461,0,5.059708704355629%
43462,0,5.059592287515531%
43463,0,5.059475876032487%
43464,0,5.05935946990613%
43465,0,5.059243069136087%
43466,0,5.05912667372199%
43467,0,5.059010283663469%
43468,0,5.058893898960155%
43469,0,5.058777519611677%
43470,0,5.058661145617668%
43471,0,5.058544776977755%
43472,0,5.058428413691572%
43473,0,5.058312055758747%
43474,0,5.058195703178912%
43475,0,5.058079355951697%
43476,0,5.057963014076732%
43477,0,5.057846677553649%
43478,0,5.057730346382079%
43479,0,5.05761402056165%
43480,0,5.0574977000919965%
43481,0,5.0573813849727465%
43482,0,5.057265075203532%
43483,0,5.057148770783985%
43484,0,5.057032471713733%
43485,0,5.056916177992411%
43486,0,5.056799889619647%
43487,0,5.056683606595074%
43488,0,5.056567328918322%
43489,0,5.056451056589022%
43490,1,5.0586341687744305%
43491,1,5.060817180566094%
43492,1,5.063000091970937%
43493,0,5.062883682431655%
43494,0,5.062767278245276%
43495,0,5.062650879411427%
43496,0,5.06253448592974%
43497,0,5.062418097799848%
43498,0,5.0623017150213805%
43499,0,5.062185337593967%
43500,0,5.062068965517241%
43501,0,5.061952598790833%
43502,0,5.061836237414371%
43503,0,5.061719881387491%
43504,0,5.06160353070982%
43505,0,5.06148718538099%
43506,0,5.061370845400635%
43507,0,5.061254510768382%
43508,0,5.061138181483865%
43509,0,5.061021857546715%
43510,0,5.060905538956561%
43511,0,5.060789225713038%
43512,0,5.060672917815775%
43513,0,5.060556615264403%
43514,0,5.060440318058556%
43515,0,5.060324026197863%
43516,0,5.060207739681956%
43517,0,5.060091458510467%
43518,0,5.0599751826830275%
43519,0,5.059858912199269%
43520,0,5.059742647058823%
43521,0,5.059626387261322%
43522,0,5.0595101328063965%
43523,0,5.059393883693679%
43524,0,5.059277639922801%
43525,0,5.0591614014933945%
43526,0,5.059045168405092%
43527,0,5.058928940657522%
43528,0,5.058812718250322%
43529,0,5.058696501183119%
43530,0,5.058580289455548%
43531,1,5.0607612965472875%
43532,1,5.0629422034365525%
43533,1,5.065123010130246%
43534,1,5.067303716635274%
43535,1,5.069484322958539%
43536,0,5.069367879456083%
43537,0,5.0692514413028%
43538,0,5.069135008498323%
43539,0,5.069018581042284%
43540,0,5.068902158934313%
43541,0,5.068785742174043%
43542,0,5.068669330761104%
43543,0,5.068552924695129%
43544,0,5.068436523975748%
43545,0,5.068320128602595%
43546,0,5.0682037385753%
43547,0,5.068087353893494%
43548,0,5.067970974556811%
43549,0,5.067854600564881%
43550,0,5.067738231917336%
43551,0,5.067621868613809%
43552,0,5.067505510653931%
43553,0,5.067389158037334%
43554,0,5.06727281076365%
43555,0,5.06715646883251%
43556,0,5.067040132243548%
43557,0,5.0669238009963955%
43558,0,5.066807475090684%
43559,0,5.066691154526045%
43560,0,5.0665748393021115%
43561,0,5.066458529418517%
43562,0,5.066342224874891%
43563,0,5.066225925670867%
43564,0,5.0661096318060785%
43565,0,5.065993343280156%
43566,0,5.065877060092733%
43567,0,5.065760782243442%
43568,0,5.065644509731913%
43569,0,5.065528242557782%
43570,0,5.065411980720679%
43571,0,5.065295724220238%
43572,0,5.065179473056091%
43573,0,5.065063227227871%
43574,0,5.064946986735209%
43575,0,5.064830751577739%
43576,0,5.064714521755095%
43577,0,5.064598297266907%
43578,0,5.0644820781128095%
43579,0,5.0643658642924345%
43580,0,5.0642496558054155%
43581,0,5.064133452651385%
43582,0,5.064017254829976%
43583,0,5.063901062340821%
43584,0,5.063784875183554%
43585,0,5.063668693357807%
43586,0,5.063552516863213%
43587,0,5.063436345699405%
43588,0,5.063320179866018%
43589,0,5.063204019362684%
43590,0,5.0630878641890344%
43591,0,5.062971714344704%
43592,0,5.062855569829326%
43593,0,5.062739430642535%
43594,0,5.062623296783961%
43595,0,5.06250716825324%
43596,1,5.06468483347096%
43597,1,5.066862398788907%
43598,1,5.069039864213955%
43599,1,5.071217229752976%
43600,1,5.073394495412844%
43601,1,5.075571661200431%
43602,1,5.077748727122609%
43603,0,5.077632273008738%
43604,0,5.0775158242363085%
43605,0,5.077399380804954%
43606,0,5.077282942714305%
43607,0,5.077166509963996%
43608,0,5.07705008255366%
43609,0,5.076933660482927%
43610,0,5.076817243751433%
43611,0,5.076700832358808%
43612,1,5.0788773732000365%
43613,1,5.081053814229702%
43614,1,5.08323015545467%
43615,0,5.083113607703772%
43616,1,5.085289801907557%
43617,1,5.087465896324828%
43618,1,5.089641890962446%
43619,1,5.091817785827278%
43620,0,5.091701054562128%
43621,0,5.091584328649045%
43622,0,5.091467608087663%
43623,0,5.09135089287761%
43624,0,5.091234183018522%
43625,0,5.091117478510029%
43626,0,5.091000779351763%
43627,0,5.090884085543356%
43628,0,5.090767397084441%
43629,0,5.090650713974649%
43630,0,5.090534036213615%
43631,0,5.090417363800967%
43632,0,5.090300696736341%
43633,0,5.090184035019366%
43634,0,5.090067378649677%
43635,1,5.0922424659103935%
43636,1,5.094417453478779%
43637,1,5.0965923413616885%
43638,0,5.096475548833586%
43639,0,5.09635876165815%
43640,1,5.098533455545371%
43641,1,5.100708049769712%
43642,1,5.102882544338023%
43643,1,5.105056939257155%
43644,1,5.107231234533956%
43645,1,5.109405430175277%
43646,1,5.111579526187967%
43647,0,5.11146241436983%
43648,0,5.1113453079178885%
43649,0,5.111228206831772%
43650,0,5.111111111111112%
43651,0,5.110994020755538%
43652,0,5.110876935764684%
43653,0,5.110759856138181%
43654,0,5.110642781875659%
43655,0,5.11052571297675%
43656,0,5.1104086494410845%
43657,0,5.110291591268297%
43658,0,5.110174538458014%
43659,0,5.110057491009872%
43660,0,5.1099404489235%
43661,0,5.10982341219853%
43662,0,5.109706380834593%
43663,0,5.109589354831321%
43664,0,5.1094723341883475%
43665,0,5.109355318905302%
43666,0,5.1092383089818165%
43667,0,5.109121304417523%
43668,0,5.109004305212054%
43669,0,5.1088873113650415%
43670,0,5.108770322876116%
43671,0,5.108653339744911%
43672,0,5.108536361971057%
43673,0,5.108419389554187%
43674,0,5.108302422493932%
43675,0,5.108185460789925%
43676,0,5.108068504441798%
43677,0,5.107951553449184%
43678,0,5.1078346078117125%
43679,0,5.107717667529019%
43680,0,5.107600732600733%
43681,0,5.107483803026488%
43682,0,5.107366878805916%
43683,0,5.107249959938649%
43684,0,5.1071330464243205%
43685,0,5.107016138262561%
43686,0,5.106899235453006%
43687,0,5.106782337995284%
43688,0,5.106665445889031%
43689,0,5.106548559133879%
43690,0,5.106431677729457%
43691,0,5.106314801675403%
43692,0,5.106197930971345%
43693,0,5.106081065616918%
43694,0,5.1059642056117545%
43695,0,5.105847350955487%
43696,0,5.1057305016477486%
43697,0,5.105613657688171%
43698,0,5.105496819076388%
43699,0,5.105379985812032%
43700,0,5.105263157894737%
43701,0,5.105146335324134%
43702,0,5.105029518099858%
43703,0,5.1049127062215405%
43704,0,5.104795899688816%
43705,0,5.1046790985013155%
43706,0,5.104562302658674%
43707,0,5.104445512160524%
43708,0,5.104328727006497%
43709,0,5.10421194719623%
43710,0,5.104095172729353%
43711,0,5.1039784036055%
43712,0,5.103861639824305%
43713,0,5.1037448813854%
43714,0,5.10362812828842%
43715,0,5.103511380532997%
43716,0,5.1033946381187665%
43717,0,5.1032779010453595%
43718,0,5.103161169312411%
43719,0,5.103044442919554%
43720,0,5.102927721866422%
43721,0,5.10281100615265%
43722,1,5.1049814738575545%
43723,0,5.104864716510761%
43724,0,5.10474796450462%
43725,0,5.104631217838765%
43726,0,5.10451447651283%
43727,0,5.104397740526448%
43728,0,5.104281009879254%
43729,0,5.10416428457088%
43730,0,5.10404756460096%
43731,0,5.10393084996913%
43732,0,5.103814140675021%
43733,0,5.103697436718268%
43734,0,5.103580738098504%
43735,0,5.103464044815365%
43736,0,5.1033473568684835%
43737,0,5.103230674257494%
43738,0,5.10311399698203%
43739,0,5.102997325041725%
43740,0,5.102880658436214%
43741,1,5.1050501817516745%
43742,0,5.104933473549449%
43743,0,5.104816770683309%
43744,0,5.104700073152889%
43745,0,5.104583380957823%
43746,0,5.104466694097746%
43747,0,5.104350012572291%
43748,0,5.104233336381092%
43749,0,5.104116665523783%
43750,0,5.104%
43751,1,5.106169001851386%
43752,1,5.108337904552935%
43753,1,5.110506708111444%
43754,0,5.110389907208484%
43755,0,5.110273111644383%
43756,0,5.110156321418777%
43757,0,5.110039536531298%
43758,0,5.109922756981581%
43759,0,5.109805982769259%
43760,0,5.109689213893967%
43761,0,5.10957245035534%
43762,0,5.109455692153009%
43763,0,5.109338939286612%
43764,0,5.109222191755781%
43765,0,5.1091054495601504%
43766,0,5.108988712699356%
43767,0,5.10887198117303%
43768,0,5.108755254980808%
43769,0,5.108638534122324%
43770,0,5.108521818597213%
43771,0,5.108405108405108%
43772,0,5.108288403545646%
43773,0,5.108171704018459%
43774,0,5.1080550098231825%
43775,0,5.107938320959452%
43776,0,5.107821637426901%
43777,0,5.107704959225163%
43778,0,5.107588286353876%
43779,0,5.1074716188126725%
43780,0,5.1073549566011875%
43781,0,5.1072382997190555%
43782,0,5.107121648165913%
43783,0,5.107005001941393%
43784,0,5.10688836104513%
43785,0,5.1067717254767615%
43786,0,5.10665509523592%
43787,0,5.106538470322242%
43788,0,5.106421850735361%
43789,0,5.106305236474914%
43790,0,5.106188627540535%
43791,0,5.106072023931858%
43792,0,5.10595542564852%
43793,0,5.105838832690155%
43794,0,5.1057222450564%
43795,0,5.105605662746889%
43796,0,5.105489085761257%
43797,0,5.105372514099139%
43798,0,5.105255947760172%
43799,0,5.10513938674399%
43800,0,5.105022831050228%
43801,0,5.104906280678524%
43802,0,5.10478973562851%
43803,0,5.104673195899824%
43804,0,5.104556661492101%
43805,0,5.104440132404977%
43806,0,5.104323608638086%
43807,0,5.104207090191065%
43808,0,5.10409057706355%
43809,0,5.103974069255176%
43810,0,5.103857566765579%
43811,0,5.103741069594394%
43812,0,5.103624577741258%
43813,0,5.103508091205806%
43814,0,5.103391609987675%
43815,0,5.1032751340865%
43816,0,5.103158663501917%
43817,0,5.103042198233562%
43818,0,5.102925738281072%
43819,0,5.102809283644081%
43820,0,5.1026928343222275%
43821,0,5.1025763903151455%
43822,0,5.102459951622473%
43823,0,5.102343518243845%
43824,0,5.102227090178897%
43825,0,5.102110667427268%
43826,0,5.101994249988591%
43827,0,5.101877837862505%
43828,0,5.1017614310486445%
43829,0,5.1016450295466464%
43830,0,5.101528633356149%
43831,0,5.101412242476786%
43832,0,5.101295856908195%
43833,0,5.101179476650013%
43834,0,5.101063101701875%
43835,0,5.100946732063419%
43836,0,5.100830367734282%
43837,0,5.1007140087141005%
43838,0,5.100597655002509%
43839,0,5.100481306599147%
43840,0,5.100364963503649%
43841,0,5.100248625715655%
43842,0,5.100132293234798%
43843,0,5.100015966060717%
43844,0,5.099899644193048%
43845,0,5.099783327631429%
43846,0,5.099667016375496%
43847,0,5.099550710424886%
43848,0,5.099434409779238%
43849,0,5.099318114438186%
43850,0,5.099201824401368%
43851,0,5.0990855396684225%
43852,0,5.098969260238985%
43853,0,5.0988529861126946%
43854,0,5.098736717289187%
43855,0,5.0986204537681%
43856,0,5.0985041955490695%
43857,0,5.098387942631735%
43858,0,5.0982716950157325%
43859,0,5.0981554527007%
43860,0,5.098039215686274%
43861,0,5.097922983972094%
43862,0,5.0978067575577946%
43863,0,5.097690536443015%
43864,0,5.097574320627394%
43865,0,5.0974581101105665%
43866,0,5.097341904892171%
43867,0,5.097225704971846%
43868,0,5.097109510349229%
43869,0,5.096993321023958%
43870,0,5.096877136995669%
43871,0,5.096760958264001%
43872,0,5.096644784828593%
43873,0,5.0965286166890795%
43874,0,5.096412453845102%
43875,0,5.096296296296296%
43876,0,5.096180144042301%
43877,0,5.096063997082754%
43878,0,5.095947855417293%
43879,0,5.095831719045557%
43880,0,5.095715587967184%
43881,0,5.09559946218181%
43882,0,5.095483341689075%
43883,0,5.095367226488618%
43884,0,5.095251116580075%
43885,0,5.095135011963086%
43886,0,5.095018912637288%
43887,0,5.0949028186023195%
43888,0,5.0947867298578196%
43889,0,5.0946706464034275%
43890,0,5.094554568238778%
43891,0,5.094438495363514%
43892,0,5.094322427777271%
43893,0,5.094206365479689%
43894,0,5.094090308470406%
43895,0,5.09397425674906%
43896,0,5.0938582103152905%
43897,0,5.093742169168736%
43898,0,5.0936261333090345%
43899,0,5.093510102735825%
43900,0,5.093394077448747%
43901,0,5.093278057447439%
43902,0,5.093162042731538%
43903,0,5.093046033300686%
43904,0,5.092930029154519%
43905,0,5.092814030292677%
43906,0,5.0926980367148%
43907,0,5.092582048420525%
43908,0,5.092466065409493%
43909,0,5.092350087681341%
43910,0,5.092234115235709%
43911,0,5.092118148072236%
43912,0,5.092002186190562%
43913,0,5.091886229590326%
43914,0,5.0917702782711665%
43915,0,5.091654332232722%
43916,0,5.091538391474634%
43917,0,5.091422455996539%
43918,0,5.091306525798078%
43919,0,5.091190600878891%
43920,0,5.091074681238616%
43921,0,5.090958766876893%
43922,0,5.090842857793361%
43923,0,5.09072695398766%
43924,0,5.09061105545943%
43925,0,5.09049516220831%
43926,0,5.090379274233939%
43927,0,5.090263391535958%
43928,0,5.090147514114005%
43929,0,5.0900316419677205%
43930,0,5.0899157750967445%
43931,0,5.089799913500717%
43932,0,5.089684057179277%
43933,0,5.089568206132065%
43934,0,5.089452360358719%
43935,0,5.0893365198588825%
43936,0,5.089220684632193%
43937,0,5.089104854678289%
43938,0,5.088989029996814%
43939,0,5.088873210587405%
43940,0,5.088757396449704%
43941,0,5.088641587583351%
43942,0,5.0885257839879845%
43943,0,5.088409985663246%
43944,0,5.088294192608775%
43945,0,5.088178404824212%
43946,0,5.088062622309197%
43947,0,5.087946845063372%
43948,1,5.090106489487576%
43949,0,5.089990671005029%
43950,0,5.089874857792946%
43951,0,5.08975904985097%
43952,0,5.08964324717874%
43953,0,5.089527449775897%
43954,0,5.0894116576420805%
43955,0,5.089295870776931%
43956,0,5.089180089180089%
43957,0,5.089064312851196%
43958,0,5.0889485417898905%
43959,0,5.088832775995814%
43960,0,5.088717015468608%
43961,0,5.088601260207912%
43962,0,5.088485510213366%
43963,0,5.088369765484612%
43964,0,5.08825402602129%
43965,0,5.088138291823041%
43966,0,5.088022562889505%
43967,0,5.087906839220324%
43968,0,5.0877911208151385%
43969,0,5.087675407673588%
43970,0,5.087559699795316%
43971,0,5.087443997179959%
43972,0,5.087328299827163%
43973,0,5.087212607736566%
43974,0,5.087096920907809%
43975,0,5.086981239340535%
43976,0,5.086865563034382%
43977,0,5.086749891988994%
43978,0,5.086634226204011%
43979,0,5.086518565679074%
43980,0,5.086402910413825%
43981,0,5.086287260407904%
43982,0,5.086171615660953%
43983,0,5.086055976172612%
43984,0,5.085940341942525%
43985,0,5.0858247129703305%
43986,0,5.085709089255673%
43987,0,5.08559347079819%
43988,0,5.085477857597526%
43989,0,5.085362249653323%
43990,0,5.085246646965219%
43991,0,5.085131049532858%
43992,0,5.085015457355882%
43993,0,5.084899870433933%
43994,0,5.08478428876665%
43995,0,5.084668712353676%
43996,0,5.084553141194654%
43997,0,5.084437575289225%
43998,0,5.08432201463703%
43999,0,5.08420645923771%
44000,0,5.084090909090909%
44001,0,5.083975364196268%
44002,0,5.083859824553429%
44003,0,5.083744290162034%
44004,0,5.083628761021726%
44005,0,5.083513237132144%
44006,0,5.083397718492933%
44007,0,5.083282205103734%
44008,0,5.083166696964189%
44009,0,5.083051194073939%
44010,0,5.082935696432629%
44011,0,5.0828202040398995%
44012,0,5.0827047168953925%
44013,0,5.08258923499875%
44014,0,5.082473758349616%
44015,0,5.082358286947632%
44016,0,5.082242820792439%
44017,0,5.082127359883682%
44018,0,5.082011904221%
44019,0,5.081896453804039%
44020,0,5.08178100863244%
44021,0,5.081665568705844%
44022,0,5.081550134023897%
44023,0,5.081434704586239%
44024,0,5.081319280392513%
44025,0,5.081203861442362%
44026,0,5.081088447735429%
44027,0,5.080973039271356%
44028,0,5.080857636049786%
44029,0,5.080742238070362%
44030,0,5.080626845332728%
44031,0,5.080511457836525%
44032,0,5.080396075581396%
44033,0,5.080280698566984%
44034,0,5.080165326792932%
44035,0,5.0800499602588856%
44036,0,5.079934598964483%
44037,0,5.079819242909371%
44038,0,5.0797038920931925%
44039,0,5.0795885465155886%
44040,0,5.079473206176203%
44041,0,5.079357871074681%
44042,0,5.079242541210663%
44043,0,5.079127216583793%
44044,0,5.079011897193715%
44045,0,5.0788965830400725%
44046,0,5.078781274122508%
44047,0,5.078665970440666%
44048,1,5.080820922629858%
44049,1,5.0829757769756405%
44050,0,5.082860385925085%
44051,1,5.085015096138567%
44052,0,5.084899664033415%
44053,0,5.084784237168865%
44054,0,5.084668815544559%
44055,0,5.084553399160141%
44056,0,5.084437988015254%
44057,0,5.0843225821095395%
44058,0,5.084207181442644%
44059,0,5.084091786014208%
44060,0,5.083976395823877%
44061,0,5.083861010871292%
44062,0,5.0837456311560985%
44063,0,5.083630256677939%
44064,0,5.083514887436456%
44065,0,5.083399523431295%
44066,0,5.083284164662097%
44067,0,5.083168811128509%
44068,0,5.083053462830171%
44069,0,5.082938119766729%
44070,0,5.082822781937827%
44071,0,5.082707449343105%
44072,0,5.082592121982211%
44073,0,5.082476799854787%
44074,0,5.082361482960476%
44075,0,5.082246171298922%
44076,0,5.08213086486977%
44077,0,5.082015563672663%
44078,0,5.081900267707247%
44079,0,5.081784976973162%
44080,0,5.081669691470054%
44081,0,5.081554411197568%
44082,0,5.081439136155347%
44083,0,5.081323866343035%
44084,0,5.081208601760276%
44085,0,5.081093342406715%
44086,0,5.080978088281994%
44087,0,5.08086283938576%
44088,0,5.080747595717656%
44089,0,5.0806323572773255%
44090,0,5.080517124064414%
44091,0,5.080401896078564%
44092,0,5.0802866733194225%
44093,0,5.080171455786632%
44094,0,5.080056243479839%
44095,0,5.079941036398685%
44096,0,5.079825834542816%
44097,0,5.079710637911876%
44098,1,5.081863123044129%
44099,1,5.084015510555795%
44100,1,5.086167800453515%
44101,0,5.086052470465522%
44102,1,5.0882046165706765%
44103,1,5.090356665079473%
44104,1,5.0925086159985495%
44105,1,5.094660469334542%
44106,0,5.094544959869405%
44107,0,5.094429455641961%
44108,0,5.094313956651854%
44109,0,5.094198462898728%
44110,0,5.094082974382226%
44111,0,5.093967491101993%
44112,0,5.093852013057671%
44113,0,5.093736540248906%
44114,0,5.093621072675341%
44115,0,5.093505610336621%
44116,0,5.093390153232388%
44117,0,5.0932747013622865%
44118,1,5.095425903259441%
44119,0,5.095310410480745%
44120,0,5.095194922937443%
44121,0,5.095079440629179%
44122,0,5.094963963555596%
44123,0,5.094848491716339%
44124,0,5.094733025111051%
44125,0,5.0946175637393765%
44126,0,5.0945021076009604%
44127,0,5.094386656695447%
44128,0,5.09427121102248%
44129,0,5.094155770581703%
44130,0,5.094040335372762%
44131,0,5.0939249053953%
44132,0,5.093809480648962%
44133,0,5.093694061133392%
44134,0,5.0935786468482345%
44135,0,5.093463237793134%
44136,0,5.093347833967736%
44137,0,5.093232435371683%
44138,0,5.0931170420046215%
44139,0,5.093001653866196%
44140,0,5.09288627095605%
44141,0,5.092770893273827%
44142,0,5.092655520819175%
44143,0,5.092540153591736%
44144,0,5.0924247915911565%
44145,0,5.09230943481708%
44146,0,5.092194083269153%
44147,0,5.092078736947018%
44148,0,5.091963395850321%
44149,0,5.091848059978708%
44150,0,5.091732729331824%
44151,0,5.091617403909312%
44152,0,5.091502083710817%
44153,0,5.091386768735987%
44154,0,5.091271458984464%
44155,0,5.091156154455894%
44156,0,5.091040855149923%
44157,0,5.090925561066196%
44158,0,5.090810272204357%
44159,0,5.090694988564053%
44160,0,5.090579710144928%
44161,0,5.090464436946627%
44162,0,5.090349168968797%
44163,0,5.090233906211082%
44164,0,5.090118648673127%
44165,0,5.09000339635458%
44166,0,5.089888149255083%
44167,0,5.089772907374284%
44168,0,5.089657670711827%
44169,0,5.08954243926736%
44170,0,5.089427213040525%
44171,0,5.089311992030971%
44172,0,5.0891967762383405%
44173,0,5.0890815656622825%
44174,0,5.08896636030244%
44175,0,5.088851160158461%
44176,0,5.088735965229989%
44177,0,5.088620775516672%
44178,0,5.088505591018154%
44179,0,5.088390411734082%
44180,0,5.088275237664101%
44181,0,5.088160068807858%
44182,0,5.088044905164999%
44183,0,5.08792974673517%
44184,0,5.087814593518016%
44185,0,5.0876994455131825%
44186,0,5.087584302720319%
44187,0,5.087469165139067%
44188,0,5.087354032769078%
44189,0,5.087238905609993%
44190,0,5.087123783661462%
44191,0,5.087008666923129%
44192,0,5.086893555394641%
44193,0,5.086778449075646%
44194,0,5.0866633479657875%
44195,0,5.086548252064714%
44196,0,5.08643316137207%
44197,0,5.086318075887504%
44198,0,5.086202995610662%
44199,0,5.086087920541189%
44200,0,5.085972850678733%
44201,0,5.08585778602294%
44202,0,5.085742726573458%
44203,0,5.085627672329932%
44204,0,5.08551262329201%
44205,0,5.085397579459337%
44206,0,5.085282540831561%
44207,0,5.085167507408329%
44208,0,5.0850524791892875%
44209,0,5.0849374561740825%
44210,0,5.0848224383623615%
44211,0,5.084707425753772%
44212,0,5.08459241834796%
44213,0,5.084477416144573%
44214,0,5.0843624191432575%
44215,0,5.084247427343662%
44216,0,5.084132440745432%
44217,0,5.084017459348215%
44218,0,5.0839024831516575%
44219,0,5.083787512155409%
44220,0,5.0836725463591135%
44221,0,5.083557585762421%
44222,0,5.083442630364977%
44223,0,5.0833276801664296%
44224,0,5.083212735166426%
44225,0,5.083097795364613%
44226,0,5.082982860760638%
44227,0,5.08286793135415%
44228,0,5.082753007144795%
44229,0,5.082638088132221%
44230,0,5.0825231743160755%
44231,0,5.082408265696005%
44232,1,5.084554168927474%
44233,1,5.086699975131689%
44234,1,5.088845684315232%
44235,1,5.090991296484685%
44236,1,5.093136811646622%
44237,1,5.095282229807627%
44238,1,5.097427550974276%
44239,0,5.097312326227989%
44240,0,5.0971971066907775%
44241,0,5.097081892362288%
44242,0,5.096966683242169%
44243,0,5.096851479330064%
44244,0,5.096736280625621%
44245,0,5.096621087128489%
44246,0,5.096505898838314%
44247,0,5.09639071575474%
44248,0,5.0962755378774185%
44249,0,5.096160365205994%
44250,0,5.096045197740113%
44251,0,5.095930035479424%
44252,0,5.095814878423574%
44253,0,5.09569972657221%
44254,0,5.095584579924979%
44255,0,5.095469438481527%
44256,0,5.095354302241504%
44257,0,5.095239171204556%
44258,0,5.095124045370328%
44259,0,5.095008924738472%
44260,0,5.094893809308631%
44261,0,5.094778699080455%
44262,0,5.09466359405359%
44263,0,5.094548494227684%
44264,0,5.094433399602385%
44265,0,5.094318310177341%
44266,0,5.094203225952198%
44267,0,5.094088146926604%
44268,0,5.093973073100208%
44269,0,5.093858004472656%
44270,0,5.093742941043597%
44271,0,5.093627882812676%
44272,0,5.093512829779544%
44273,0,5.093397781943848%
44274,0,5.093282739305235%
44275,0,5.093167701863354%
44276,0,5.093052669617851%
44277,0,5.092937642568376%
44278,0,5.092822620714576%
44279,0,5.092707604056098%
44280,0,5.092592592592593%
44281,0,5.092477586323706%
44282,0,5.092362585249085%
44283,0,5.092247589368381%
44284,0,5.092132598681239%
44285,0,5.092017613187309%
44286,0,5.09190263288624%
44287,0,5.091787657777677%
44288,0,5.091672687861272%
44289,0,5.09155772313667%
44290,0,5.091442763603522%
44291,0,5.091327809261475%
44292,0,5.091212860110178%
44293,0,5.091097916149279%
44294,0,5.0909829773784265%
44295,0,5.090868043797268%
44296,0,5.0907531154054535%
44297,0,5.090638192202633%
44298,0,5.090523274188451%
44299,0,5.0904083613625595%
44300,0,5.090293453724605%
44301,0,5.090178551274238%
44302,0,5.0900636540111055%
44303,0,5.089948761934858%
44304,0,5.089833875045143%
44305,0,5.089718993341609%
44306,0,5.089604116823907%
44307,0,5.089489245491683%
44308,0,5.089374379344588%
44309,0,5.08925951838227%
44310,0,5.089144662604378%
44311,0,5.089029812010562%
44312,0,5.08891496660047%
44313,0,5.088800126373751%
44314,0,5.088685291330053%
44315,0,5.088570461469029%
44316,0,5.088455636790324%
44317,0,5.088340817293589%
44318,0,5.088226002978473%
44319,0,5.088111193844626%
44320,0,5.087996389891697%
44321,0,5.087881591119333%
44322,0,5.087766797527187%
44323,0,5.0876520091149064%
44324,0,5.087537225882141%
44325,0,5.08742244782854%
44326,0,5.087307674953752%
44327,0,5.087192907257427%
44328,0,5.087078144739217%
44329,0,5.086963387398768%
44330,0,5.086848635235732%
44331,0,5.086733888249757%
44332,0,5.086619146440494%
44333,0,5.086504409807593%
44334,0,5.086389678350701%
44335,0,5.086274952069471%
44336,0,5.086160230963551%
44337,0,5.086045515032591%
44338,0,5.0859308042762414%
44339,0,5.085816098694152%
44340,0,5.0857013982859725%
44341,0,5.085586703051352%
44342,0,5.085472012989942%
44343,0,5.0853573281013915%
44344,0,5.085242648385351%
44345,0,5.0851279738414705%
44346,0,5.0850133044694%
44347,0,5.08489864026879%
44348,0,5.08478398123929%
44349,0,5.08466932738055%
44350,0,5.08455467869222%
44351,0,5.084440035173953%
44352,0,5.084325396825397%
44353,0,5.084210763646202%
44354,0,5.0840961356360195%
44355,0,5.083981512794499%
44356,0,5.083866895121291%
44357,0,5.083752282616047%
44358,0,5.083637675278417%
44359,0,5.083523073108051%
44360,0,5.083408476104599%
44361,0,5.083293884267713%
44362,0,5.0831792975970425%
44363,0,5.083064716092239%
44364,0,5.082950139752953%
44365,0,5.082835568578835%
44366,0,5.082721002569535%
44367,0,5.082606441724705%
44368,0,5.082491886043996%
44369,0,5.082377335527057%
44370,0,5.08226279017354%
44371,0,5.0821482499830966%
44372,0,5.082033714955378%
44373,0,5.081919185090032%
44374,0,5.081804660386712%
44375,0,5.08169014084507%
44376,0,5.081575626464756%
44377,0,5.08146111724542%
44378,0,5.081346613186715%
44379,0,5.081232114288289%
44380,0,5.081117620549797%
44381,0,5.081003131970888%
44382,0,5.080888648551214%
44383,0,5.080774170290427%
44384,0,5.0806596971881754%
44385,0,5.080545229244114%
44386,0,5.080430766457892%
44387,0,5.080316308829161%
44388,0,5.080201856357574%
44389,0,5.080087409042781%
44390,0,5.079972966884434%
44391,0,5.079858529882183%
44392,0,5.0797440980356825%
44393,0,5.079629671344581%
44394,0,5.079515249808533%
44395,0,5.079400833427187%
44396,0,5.079286422200198%
44397,0,5.079172016127216%
44398,0,5.079057615207892%
44399,0,5.0789432194418795%
44400,0,5.078828828828829%
44401,0,5.078714443368392%
44402,0,5.078600063060223%
44403,0,5.078485687903971%
44404,0,5.078371317899288%
44405,0,5.078256953045828%
44406,0,5.078142593343242%
44407,0,5.078028238791181%
44408,0,5.077913889389299%
44409,0,5.077799545137247%
44410,0,5.077685206034676%
44411,0,5.077570872081242%
44412,0,5.077456543276592%
44413,0,5.077342219620381%
44414,1,5.079479443418742%
44415,0,5.079365079365079%
44416,0,5.079250720461095%
44417,0,5.079136366706441%
44418,0,5.07902201810077%
44419,0,5.078907674643734%
44420,0,5.078793336334984%
44421,0,5.078679003174175%
44422,0,5.0785646751609566%
44423,0,5.078450352294983%
44424,0,5.078336034575905%
44425,0,5.078221722003376%
44426,0,5.078107414577049%
44427,0,5.077993112296577%
44428,0,5.07787881516161%
44429,0,5.077764523171802%
44430,0,5.077650236326806%
44431,0,5.077535954626274%
44432,0,5.077421678069859%
44433,0,5.077307406657215%
44434,0,5.077193140387991%
44435,0,5.077078879261843%
44436,0,5.076964623278423%
44437,0,5.0768503724373835%
44438,0,5.0767361267383775%
44439,0,5.076621886181057%
44440,0,5.076507650765077%
44441,0,5.076393420490088%
44442,0,5.0762791953557445%
44443,0,5.076164975361699%
44444,0,5.076050760507605%
44445,0,5.075936550793115%
44446,0,5.075822346217882%
44447,0,5.07570814678156%
44448,0,5.075593952483802%
44449,0,5.075479763324259%
44450,0,5.075365579302587%
44451,0,5.075251400418438%
44452,0,5.075137226671466%
44453,0,5.075023058061323%
44454,0,5.074908894587664%
44455,0,5.074794736250141%
44456,0,5.074680583048408%
44457,0,5.074566434982118%
44458,0,5.074452292050925%
44459,0,5.074338154254482%
44460,0,5.074224021592443%
44461,0,5.074109894064461%
44462,0,5.07399577167019%
44463,0,5.073881654409284%
44464,0,5.073767542281396%
44465,0,5.073653435286181%
44466,0,5.073539333423289%
44467,0,5.073425236692378%
44468,0,5.0733111450931005%
44469,0,5.07319705862511%
44470,0,5.073082977288059%
44471,0,5.0729689010816035%
44472,0,5.072854830005396%
44473,0,5.072740764059092%
44474,0,5.072626703242344%
44475,0,5.072512647554806%
44476,0,5.072398596996132%
44477,0,5.0722845515659785%
44478,0,5.072170511263996%
44479,0,5.07205647608984%
44480,0,5.071942446043166%
44481,0,5.071828421123626%
44482,0,5.071714401330875%
44483,0,5.071600386664569%
44484,0,5.0714863771243595%
44485,0,5.071372372709902%
44486,0,5.071258373420851%
44487,0,5.071144379256862%
44488,0,5.071030390217587%
44489,0,5.070916406302682%
44490,1,5.073050123623286%
44491,1,5.0751837450270845%
44492,1,5.077317270520543%
44493,1,5.0794507001101294%
44494,0,5.079336539758169%
44495,1,5.08146982807057%
44496,1,5.083603020496224%
44497,1,5.0857361170415984%
44498,0,5.085621825700031%
44499,1,5.087754781006315%
44500,1,5.089887640449438%
44501,1,5.092020404035864%
44502,1,5.094153071772055%
44503,1,5.096285643664472%
44504,1,5.098418119719575%
44505,1,5.100550499943827%
44506,1,5.102682784343684%
44507,0,5.102568135349496%
44508,1,5.1047002786016%
44509,1,5.106832326046417%
44510,0,5.10671759155246%
44511,0,5.106602862213835%
44512,0,5.106488138030194%
44513,0,5.106373419001191%
44514,0,5.106258705126477%
44515,0,5.106143996405706%
44516,0,5.10602929283853%
44517,0,5.105914594424601%
44518,0,5.105799901163574%
44519,0,5.1056852130551%
44520,0,5.105570530098832%
44521,0,5.105455852294423%
44522,0,5.105341179641525%
44523,0,5.105226512139793%
44524,0,5.105111849788877%
44525,0,5.104997192588433%
44526,0,5.104882540538112%
44527,0,5.104767893637568%
44528,0,5.104653251886453%
44529,0,5.104538615284421%
44530,0,5.104423983831126%
44531,0,5.104309357526217%
44532,0,5.104194736369353%
44533,0,5.104080120360183%
44534,0,5.1039655094983605%
44535,0,5.103850903783541%
44536,0,5.103736303215376%
44537,0,5.10362170779352%
44538,0,5.103507117517625%
44539,0,5.103392532387345%
44540,0,5.103277952402335%
44541,0,5.103163377562246%
44542,0,5.103048807866733%
44543,0,5.102934243315448%
44544,0,5.102819683908046%
44545,0,5.10270512964418%
44546,0,5.102590580523503%
44547,0,5.102476036545671%
44548,0,5.102361497710335%
44549,0,5.10224696401715%
44550,0,5.1021324354657684%
44551,0,5.102017912055846%
44552,0,5.101903393787036%
44553,0,5.10178888065899%
44554,0,5.101674372671365%
44555,0,5.101559869823813%
44556,0,5.101445372115989%
44557,0,5.101330879547546%
44558,0,5.101216392118138%
44559,0,5.1011019098274195%
44560,0,5.100987432675045%
44561,0,5.100872960660667%
44562,0,5.100758493783941%
44563,0,5.100644032044521%
44564,0,5.100529575442061%
44565,0,5.100415123976214%
44566,0,5.100300677646636%
44567,0,5.1001862364529815%
44568,0,5.100071800394902%
44569,0,5.099957369472055%
44570,0,5.099842943684092%
44571,0,5.09972852303067%
44572,0,5.099614107511442%
44573,0,5.099499697126062%
44574,0,5.099385291874187%
44575,0,5.099270891755468%
44576,1,5.101399856424981%
44577,0,5.101285416246046%
44578,0,5.10117098120149%
44579,0,5.1010565512909665%
44580,0,5.1009421265141315%
44581,0,5.10082770687064%
44582,0,5.100713292360146%
44583,0,5.100598882982302%
44584,0,5.1004844787367665%
44585,0,5.100370079623192%
44586,0,5.100255685641232%
44587,0,5.100141296790545%
44588,0,5.100026913070781%
44589,0,5.099912534481598%
44590,0,5.099798161022651%
44591,0,5.099683792693592%
44592,0,5.099569429494079%
44593,0,5.099455071423766%
44594,0,5.099340718482307%
44595,0,5.099226370669357%
44596,0,5.099112027984573%
44597,0,5.098997690427607%
44598,0,5.098883357998116%
44599,0,5.098769030695755%
44600,0,5.09865470852018%
44601,0,5.098540391471043%
44602,0,5.098426079548003%
44603,0,5.098311772750712%
44604,0,5.0981974710788265%
44605,0,5.098083174532003%
44606,0,5.097968883109895%
44607,0,5.09785459681216%
44608,0,5.09774031563845%
44609,0,5.097626039588424%
44610,0,5.097511768661735%
44611,0,5.09739750285804%
44612,0,5.097283242176993%
44613,0,5.09716898661825%
44614,0,5.097054736181468%
44615,0,5.0969404908663005%
44616,0,5.096826250672405%
44617,0,5.096712015599436%
44618,0,5.096597785647048%
44619,0,5.0964835608148995%
44620,0,5.096369341102645%
44621,0,5.09625512650994%
44622,0,5.09614091703644%
44623,0,5.096026712681801%
44624,0,5.095912513445679%
44625,0,5.095798319327731%
44626,0,5.095684130327611%
44627,0,5.095569946444977%
44628,0,5.095455767679484%
44629,0,5.095341594030787%
44630,0,5.0952274254985435%
44631,0,5.095113262082409%
44632,0,5.09499910378204%
44633,0,5.094884950597091%
44634,0,5.094770802527222%
44635,0,5.094656659572085%
44636,0,5.094542521731338%
44637,0,5.094428389004638%
44638,0,5.09431426139164%
44639,0,5.094200138892%
44640,0,5.094086021505376%
44641,0,5.093971909231424%
44642,0,5.0938578020698%
44643,0,5.09374370002016%
44644,0,5.093629603082161%
44645,0,5.09351551125546%
44646,0,5.093401424539713%
44647,1,5.0955271350818645%
44648,1,5.097652750403153%
44649,1,5.099778270509978%
44650,1,5.101903695408735%
44651,1,5.10402902510582%
44652,1,5.106154259607632%
44653,1,5.108279398920565%
44654,1,5.1104044430510145%
44655,1,5.112529392005374%
44656,1,5.11465424579004%
44657,0,5.114539713818663%
44658,0,5.114425186976577%
44659,0,5.1143106652634405%
44660,0,5.114196148678907%
44661,0,5.1140816372226325%
44662,0,5.113967130894272%
44663,0,5.113852629693482%
44664,0,5.1137381336199175%
44665,0,5.113623642673234%
44666,0,5.1135091568530875%
44667,0,5.113394676159134%
44668,0,5.113280200591027%
44669,0,5.113165730148425%
44670,0,5.1130512648309825%
44671,0,5.112936804638355%
44672,0,5.112822349570201%
44673,0,5.112707899626172%
44674,0,5.1125934548059275%
44675,0,5.1124790151091215%
44676,0,5.11236458053541%
44677,0,5.11225015108445%
44678,0,5.112135726755898%
44679,0,5.1120213075494085%
44680,0,5.111906893464637%
44681,0,5.111792484501242%
44682,0,5.111678080658878%
44683,0,5.111563681937202%
44684,0,5.111449288335869%
44685,0,5.111334899854538%
44686,0,5.111220516492861%
44687,0,5.111106138250498%
44688,0,5.110991765127103%
44689,0,5.1108773971223345%
44690,0,5.1107630342358465%
44691,0,5.110648676467298%
44692,0,5.110534323816343%
44693,0,5.11041997628264%
44694,0,5.110305633865844%
44695,0,5.1101912965656116%
44696,0,5.110076964381601%
44697,0,5.109962637313466%
44698,0,5.109848315360866%
44699,0,5.109733998523456%
44700,0,5.109619686800895%
44701,0,5.109505380192837%
44702,0,5.109391078698939%
44703,0,5.10927678231886%
44704,0,5.109162491052254%
44705,0,5.10904820489878%
44706,0,5.108933923858095%
44707,0,5.108819647929854%
44708,0,5.108705377113716%
44709,0,5.108591111409336%
44710,0,5.1084768508163725%
44711,0,5.108362595334482%
44712,0,5.108248344963321%
44713,0,5.108134099702547%
44714,0,5.108019859551819%
44715,0,5.10790562451079%
44716,0,5.107791394579122%
44717,0,5.107677169756468%
44718,0,5.107562950042489%
44719,0,5.107448735436839%
44720,0,5.107334525939177%
44721,0,5.10722032154916%
44722,0,5.107106122266446%
44723,0,5.106991928090691%
44724,0,5.106877739021554%
44725,0,5.106763555058692%
44726,0,5.106649376201762%
44727,0,5.106535202450421%
44728,0,5.106421033804328%
44729,0,5.10630687026314%
44730,0,5.106192711826515%
44731,0,5.10607855849411%
44732,0,5.105964410265582%
44733,0,5.10585026714059%
44734,0,5.105736129118791%
44735,0,5.105621996199843%
44736,0,5.1055078683834045%
44737,0,5.105393745669133%
44738,0,5.105279628056686%
44739,0,5.10516551554572%
44740,0,5.105051408135896%
44741,0,5.10493730582687%
44742,0,5.1048232086183%
44743,0,5.104709116509845%
44744,0,5.104595029501162%
44745,0,5.1044809475919095%
44746,0,5.104366870781746%
44747,0,5.104252799070329%
44748,0,5.104138732457317%
44749,0,5.104024670942367%
44750,0,5.103910614525139%
44751,0,5.103796563205291%
44752,0,5.103682516982482%
44753,0,5.103568475856368%
44754,0,5.103454439826607%
44755,0,5.103340408892861%
44756,0,5.103226383054786%
44757,0,5.103112362312041%
44758,0,5.102998346664283%
44759,0,5.102884336111173%
44760,0,5.102770330652368%
44761,0,5.102656330287527%
44762,0,5.102542335016309%
44763,0,5.102428344838371%
44764,0,5.102314359753373%
44765,0,5.102200379760974%
44766,0,5.102086404860832%
44767,0,5.1019724350526054%
44768,0,5.101858470335954%
44769,0,5.101744510710536%
44770,0,5.101630556176011%
44771,0,5.101516606732036%
44772,0,5.1014026623782724%
44773,0,5.101288723114377%
44774,0,5.10117478894001%
44775,0,5.10106085985483%
44776,0,5.100946935858495%
44777,0,5.100833016950666%
44778,0,5.100719103131002%
44779,0,5.100605194399161%
44780,0,5.1004912907548015%
44781,0,5.100377392197584%
44782,0,5.100263498727167%
44783,0,5.100149610343211%
44784,0,5.100035727045373%
44785,0,5.099921848833315%
44786,0,5.099807975706694%
44787,0,5.099694107665171%
44788,0,5.099580244708404%
44789,0,5.0994663868360535%
44790,0,5.099352534047778%
44791,0,5.099238686343239%
44792,0,5.099124843722093%
44793,0,5.099011006184002%
44794,0,5.098897173728624%
44795,0,5.098783346355621%
44796,0,5.098669524064649%
44797,0,5.09855570685537%
44798,0,5.098441894727443%
44799,0,5.098328087680529%
44800,0,5.098214285714286%
44801,0,5.098100488828374%
44802,0,5.0979866970224545%
44803,0,5.097872910296186%
44804,0,5.097759128649228%
44805,0,5.0976453520812415%
44806,0,5.097531580591886%
44807,0,5.09741781418082%
44808,0,5.097304052847706%
44809,0,5.097190296592203%
44810,0,5.0970765454139695%
44811,0,5.096962799312669%
44812,0,5.096849058287958%
44813,0,5.0967353223395%
44814,0,5.096621591466953%
44815,0,5.0965078656699765%
44816,0,5.096394144948232%
44817,0,5.096280429301381%
44818,0,5.096166718729083%
44819,0,5.096053013230996%
44820,0,5.095939312806783%
44821,0,5.095825617456104%
44822,0,5.095711927178618%
44823,0,5.0955982419739865%
44824,0,5.095484561841871%
44825,0,5.09537088678193%
44826,0,5.095257216793825%
44827,0,5.095143551877217%
44828,0,5.095029892031766%
44829,0,5.094916237257133%
44830,0,5.094802587552978%
44831,0,5.094688942918962%
44832,0,5.0945753033547465%
44833,0,5.094461668859992%
44834,0,5.094348039434358%
44835,0,5.094234415077507%
44836,0,5.094120795789098%
44837,0,5.094007181568793%
44838,0,5.093893572416254%
44839,0,5.09377996833114%
44840,0,5.093666369313113%
44841,0,5.093552775361834%
44842,0,5.093439186476964%
44843,0,5.093325602658163%
44844,0,5.093212023905093%
44845,0,5.093098450217416%
44846,0,5.092984881594791%
44847,0,5.092871318036881%
44848,0,5.092757759543346%
44849,0,5.092644206113849%
44850,0,5.092530657748049%
44851,0,5.092417114445609%
44852,0,5.092303576206189%
44853,0,5.0921900430294516%
44854,0,5.092076514915058%
44855,0,5.091962991862668%
44856,0,5.091849473871946%
44857,0,5.09173596094255%
44858,0,5.091622453074145%
44859,0,5.09150895026639%
44860,0,5.091395452518948%
44861,0,5.09128195983148%
44862,0,5.0911684722036465%
44863,0,5.091054989635111%
44864,0,5.090941512125536%
44865,0,5.090828039674579%
44866,0,5.0907145722819065%
44867,0,5.090601109947177%
44868,0,5.090487652670054%
44869,0,5.0903742004502%
44870,0,5.090260753287274%
44871,0,5.090147311180941%
44872,0,5.090033874130861%
44873,0,5.089920442136696%
44874,0,5.089807015198111%
44875,0,5.089693593314763%
44876,0,5.089580176486318%
44877,0,5.089466764712436%
44878,0,5.08935335799278%
44879,0,5.089239956327012%
44880,0,5.089126559714795%
44881,0,5.08901316815579%
44882,0,5.088899781649659%
44883,0,5.088786400196065%
44884,0,5.088673023794671%
44885,0,5.088559652445138%
44886,0,5.0884462861471285%
44887,0,5.088332924900305%
44888,0,5.088219568704331%
44889,0,5.088106217558868%
44890,0,5.087992871463578%
44891,1,5.090107148426188%
44892,1,5.092221331194867%
44893,0,5.092107901009066%
44894,1,5.094221945026061%
44895,1,5.096335894865798%
44896,0,5.096222380612972%
44897,1,5.098336191727732%
44898,1,5.1004499086819015%
44899,1,5.10256353148177%
44900,1,5.10467706013363%
44901,0,5.104563372753391%
44902,1,5.106676762727718%
44903,0,5.106563035877336%
44904,0,5.106449314092286%
44905,1,5.108562520877408%
44906,1,5.110675633545628%
44907,1,5.1127886521032355%
44908,1,5.114901576556515%
44909,0,5.11478768175644%
44910,0,5.114673792028501%
44911,0,5.114559907372359%
44912,0,5.1144460277876735%
44913,0,5.114332153274108%
44914,0,5.114218283831322%
44915,0,5.114104419458978%
44916,0,5.113990560156737%
44917,0,5.113876705924261%
44918,0,5.113762856761209%
44919,0,5.113649012667246%
44920,0,5.11353517364203%
44921,0,5.113421339685225%
44922,0,5.113307510796491%
44923,0,5.1131936869754915%
44924,0,5.113079868221885%
44925,0,5.112966054535336%
44926,0,5.112852245915506%
44927,0,5.112738442362054%
44928,0,5.1126246438746445%
44929,0,5.112510850452937%
44930,0,5.112397062096595%
44931,0,5.112283278805279%
44932,0,5.112169500578652%
44933,0,5.112055727416376%
44934,0,5.111941959318111%
44935,0,5.111828196283521%
44936,0,5.111714438312267%
44937,0,5.11160068540401%
44938,0,5.111486937558414%
44939,0,5.1113731947751395%
44940,0,5.111259457053849%
44941,0,5.111145724394206%
44942,0,5.11103199679587%
44943,0,5.1109182742585055%
44944,0,5.110804556781773%
44945,0,5.110690844365336%
44946,0,5.110577137008855%
44947,0,5.110463434711994%
44948,0,5.110349737474415%
44949,0,5.11023604529578%
44950,0,5.110122358175751%
44951,0,5.110008676113991%
44952,0,5.109894999110162%
44953,0,5.109781327163927%
44954,0,5.109667660274948%
44955,0,5.1095539984428875%
44956,0,5.109440341667408%
44957,0,5.109326689948173%
44958,0,5.109213043284844%
44959,0,5.109099401677083%
44960,0,5.108985765124555%
44961,0,5.108872133626921%
44962,0,5.108758507183844%
44963,0,5.108644885794987%
44964,0,5.108531269460012%
44965,0,5.108417658178584%
44966,0,5.108304051950363%
44967,0,5.108190450775013%
44968,0,5.1080768546521975%
44969,0,5.107963263581579%
44970,0,5.107849677562819%
44971,0,5.107736096595584%
44972,0,5.107622520679534%
44973,0,5.107508949814333%
44974,0,5.107395383999645%
44975,0,5.10728182323513%
44976,0,5.107168267520455%
44977,0,5.107054716855282%
44978,0,5.1069411712392725%
44979,0,5.1068276306720914%
44980,0,5.106714095153402%
44981,0,5.106600564682866%
44982,0,5.1064870392601485%
44983,0,5.106373518884912%
44984,0,5.10626000355682%
44985,0,5.106146493275536%
44986,0,5.106032988040724%
44987,0,5.105919487852046%
44988,0,5.105805992709167%
44989,0,5.105692502611749%
44990,0,5.1055790175594575%
44991,0,5.105465537551955%
44992,0,5.105352062588905%
44993,0,5.105238592669971%
44994,0,5.105125127794817%
44995,0,5.105011667963107%
44996,0,5.104898213174504%
44997,0,5.104784763428673%
44998,0,5.104671318725277%
44999,0,5.104557879063979%
45000,0,5.104444444444445%
45001,0,5.104331014866336%
45002,0,5.104217590329318%
45003,0,5.104104170833056%
45004,0,5.103990756377211%
45005,0,5.103877346961449%
45006,0,5.1037639425854335%
45007,0,5.103650543248827%
45008,0,5.103537148951298%
45009,0,5.1034237596925065%
45010,0,5.103310375472117%
45011,0,5.103196996289796%
45012,0,5.103083622145205%
45013,0,5.102970253038011%
45014,0,5.102856888967876%
45015,0,5.102743529934466%
45016,0,5.102630175937444%
45017,0,5.102516826976475%
45018,0,5.102403483051224%
45019,0,5.102290144161354%
45020,0,5.10217681030653%
45021,0,5.102063481486417%
45022,0,5.10195015770068%
45023,0,5.101836838948982%
45024,0,5.101723525230988%
45025,0,5.101610216546363%
45026,0,5.101496912894772%
45027,0,5.101383614275879%
45028,0,5.101270320689348%
45029,0,5.1011570321348465%
45030,0,5.101043748612036%
45031,0,5.100930470120583%
45032,0,5.100817196660152%
45033,0,5.100703928230408%
45034,0,5.100590664831016%
45035,0,5.100477406461641%
45036,0,5.100364153121947%
45037,0,5.100250904811599%
45038,0,5.100137661530264%
45039,0,5.100024423277604%
45040,0,5.099911190053286%
45041,0,5.099797961856975%
45042,0,5.099684738688335%
45043,0,5.099571520547032%
45044,0,5.099458307432733%
45045,0,5.099345099345099%
45046,0,5.099231896283799%
45047,0,5.099118698248496%
45048,0,5.099005505238856%
45049,0,5.098892317254545%
45050,0,5.098779134295228%
45051,0,5.098665956360569%
45052,0,5.098552783450235%
45053,0,5.098439615563891%
45054,0,5.098326452701203%
45055,0,5.098213294861836%
45056,0,5.098100142045454%
45057,0,5.097986994251726%
45058,0,5.097873851480314%
45059,0,5.097760713730886%
45060,0,5.097647581003107%
45061,0,5.0975344532966425%
45062,0,5.097421330611158%
45063,0,5.097308212946319%
45064,0,5.097195100301793%
45065,0,5.097081992677244%
45066,0,5.096968890072338%
45067,0,5.096855792486742%
45068,0,5.096742699920121%
45069,0,5.096629612372141%
45070,0,5.096516529842467%
45071,0,5.096403452330767%
45072,0,5.096290379836706%
45073,0,5.096177312359949%
45074,0,5.096064249900164%
45075,0,5.095951192457016%
45076,0,5.095838140030171%
45077,0,5.095725092619296%
45078,0,5.095612050224056%
45079,0,5.095499012844118%
45080,0,5.095385980479148%
45081,0,5.095272953128813%
45082,0,5.095159930792778%
45083,0,5.09504691347071%
45084,0,5.094933901162275%
45085,0,5.09482089386714%
45086,0,5.094707891584971%
45087,0,5.094594894315434%
45088,0,5.094481902058198%
45089,0,5.094368914812925%
45090,0,5.094255932579285%
45091,0,5.094142955356945%
45092,1,5.096247671427304%
45093,0,5.096134655046238%
45094,0,5.096021643677651%
45095,0,5.095908637321211%
45096,0,5.095795635976583%
45097,0,5.095682639643435%
45098,0,5.095569648321433%
45099,0,5.095456662010244%
45100,0,5.095343680709535%
45101,0,5.095230704418971%
45102,0,5.09511773313822%
45103,0,5.095004766866949%
45104,0,5.094891805604824%
45105,0,5.094778849351513%
45106,0,5.094665898106682%
45107,0,5.094552951869998%
45108,0,5.094440010641128%
45109,0,5.094327074419739%
45110,0,5.094214143205498%
45111,0,5.094101216998071%
45112,0,5.093988295797127%
45113,0,5.093875379602332%
45114,0,5.0937624684133525%
45115,0,5.093649562229857%
45116,0,5.093536661051512%
45117,0,5.093423764877984%
45118,0,5.0933108737089405%
45119,0,5.09319798754405%
45120,0,5.093085106382979%
45121,0,5.092972230225394%
45122,0,5.092859359070963%
45123,0,5.092746492919354%
45124,0,5.092633631770234%
45125,0,5.092520775623269%
45126,0,5.0924079244781275%
45127,0,5.092295078334478%
45128,0,5.092182237191987%
45129,0,5.092069401050322%
45130,0,5.091956569909152%
45131,1,5.09405951563227%
45132,0,5.093946645395729%
45133,0,5.093833780160858%
45134,1,5.095936544511898%
45135,0,5.09582364019054%
45136,1,5.097926267281106%
45137,1,5.1000288012052195%
45138,1,5.102131241969072%
45139,1,5.104233589578857%
45140,1,5.106335844040762%
45141,1,5.108438005360981%
45142,1,5.1105400735457005%
45143,1,5.112642048601112%
45144,1,5.114743930533405%
45145,0,5.114630634621775%
45146,0,5.114517343729235%
45147,0,5.11440405785545%
45148,0,5.114290777000089%
45149,0,5.114177501162817%
45150,0,5.1140642303433%
45151,0,5.113950964541206%
45152,0,5.113837703756201%
45153,0,5.113724447987952%
45154,0,5.113611197236125%
45155,0,5.1134979515003876%
45156,0,5.113384710780406%
45157,0,5.113271475075846%
45158,0,5.113158244386376%
45159,0,5.113045018711664%
45160,0,5.112931798051372%
45161,0,5.112818582405173%
45162,0,5.112705371772729%
45163,0,5.11259216615371%
45164,0,5.112478965547782%
45165,0,5.112365769954611%
45166,0,5.112252579373865%
45167,0,5.1121393938052115%
45168,0,5.112026213248318%
45169,0,5.111913037702849%
45170,0,5.111799867168474%
45171,0,5.111686701644861%
45172,0,5.1115735411316745%
45173,0,5.111460385628583%
45174,0,5.111347235135256%
45175,0,5.111234089651355%
45176,0,5.111120949176554%
45177,0,5.111007813710517%
45178,0,5.110894683252911%
45179,0,5.110781557803405%
45180,0,5.110668437361665%
45181,0,5.110555321927359%
45182,0,5.110442211500155%
45183,0,5.11032910607972%
45184,0,5.110216005665722%
45185,0,5.1101029102578295%
45186,0,5.109989819855707%
45187,0,5.109876734459026%
45188,0,5.109763654067452%
45189,0,5.109650578680652%
45190,0,5.109537508298296%
45191,0,5.109424442920051%
45192,0,5.109311382545583%
45193,0,5.109198327174562%
45194,0,5.109085276806656%
45195,0,5.108972231441531%
45196,0,5.1088591910788566%
45197,0,5.1087461557183005%
45198,0,5.108633125359529%
45199,0,5.108520100002212%
45200,0,5.1084070796460175%
45201,0,5.108294064290613%
45202,0,5.108181053935667%
45203,0,5.108068048580846%
45204,0,5.10795504822582%
45205,0,5.107842052870257%
45206,0,5.107729062513826%
45207,0,5.107616077156193%
45208,0,5.107503096797028%
45209,0,5.107390121435997%
45210,0,5.107277151072771%
45211,0,5.107164185707018%
45212,0,5.107051225338406%
45213,0,5.106938269966602%
45214,0,5.106825319591278%
45215,0,5.106712374212098%
45216,0,5.106599433828733%
45217,0,5.1064864984408525%
45218,0,5.106373568048123%
45219,0,5.106260642650214%
45220,0,5.106147722246793%
45221,0,5.106034806837531%
45222,0,5.105921896422096%
45223,0,5.1058089910001545%
45224,0,5.105696090571378%
45225,0,5.105583195135434%
45226,0,5.105470304691991%
45227,0,5.105357419240719%
45228,0,5.105244538781286%
45229,0,5.105131663313361%
45230,0,5.1050187928366135%
45231,0,5.1049059273507105%
45232,0,5.104793066855324%
45233,0,5.104680211350121%
45234,0,5.10456736083477%
45235,0,5.104454515308942%
45236,0,5.104341674772305%
45237,0,5.104228839224528%
45238,0,5.104116008665281%
45239,0,5.104003183094233%
45240,0,5.103890362511052%
45241,0,5.103777546915408%
45242,0,5.103664736306971%
45243,0,5.10355193068541%
45244,0,5.103439130050393%
45245,0,5.103326334401592%
45246,0,5.103213543738673%
45247,0,5.103100758061308%
45248,0,5.102987977369165%
45249,0,5.102875201661916%
45250,0,5.102762430939226%
45251,0,5.102649665200769%
45252,0,5.102536904446212%
45253,0,5.102424148675226%
45254,0,5.10231139788748%
45255,0,5.102198652082643%
45256,0,5.102085911260385%
45257,0,5.101973175420377%
45258,0,5.101860444562288%
45259,0,5.101747718685786%
45260,0,5.101634997790543%
45261,0,5.101522281876229%
45262,0,5.101409570942512%
45263,0,5.101296864989064%
45264,0,5.101184164015553%
45265,0,5.10107146802165%
45266,0,5.100958777007025%
45267,0,5.100846090971348%
45268,0,5.100733409914288%
45269,0,5.100620733835517%
45270,0,5.100508062734703%
45271,0,5.100395396611517%
45272,0,5.10028273546563%
45273,0,5.100170079296711%
45274,0,5.100057428104431%
45275,0,5.09994478188846%
45276,1,5.1020408163265305%
45277,1,5.104136758177441%
45278,1,5.106232607447325%
45279,1,5.108328364142318%
45280,1,5.110424028268551%
45281,1,5.112519599832159%
45282,1,5.114615078839274%
45283,1,5.116710465296028%
45284,1,5.118805759208551%
45285,1,5.120900960582975%
45286,1,5.1229960694254295%
45287,1,5.125091085742045%
45288,1,5.12718600953895%
45289,0,5.127072799134448%
45290,0,5.1269595937293%
45291,0,5.126846393323177%
45292,0,5.126733197915747%
45293,0,5.126620007506679%
45294,0,5.126506822095641%
45295,0,5.126393641682305%
45296,0,5.126280466266337%
45297,0,5.126167295847408%
45298,0,5.126054130425184%
45299,0,5.125940969999338%
45300,0,5.125827814569536%
45301,0,5.125714664135449%
45302,0,5.1256015186967465%
45303,0,5.125488378253095%
45304,0,5.125375242804167%
45305,0,5.12526211234963%
45306,0,5.125148986889154%
45307,0,5.125035866422407%
45308,0,5.12492275094906%
45309,0,5.124809640468781%
45310,0,5.124696534981241%
45311,0,5.124583434486107%
45312,0,5.124470338983051%
45313,0,5.124357248471742%
45314,0,5.124244162951848%
45315,0,5.124131082423039%
45316,0,5.124018006884985%
45317,0,5.1239049363373566%
45318,0,5.123791870779822%
45319,0,5.123678810212053%
45320,0,5.123565754633716%
45321,0,5.123452704044483%
45322,0,5.1233396584440225%
45323,0,5.123226617832006%
45324,0,5.123113582208102%
45325,0,5.12300055157198%
45326,0,5.1228875259233115%
45327,0,5.122774505261765%
45328,0,5.12266148958701%
45329,0,5.122548478898718%
45330,0,5.122435473196559%
45331,0,5.122322472480201%
45332,0,5.122209476749316%
45333,0,5.122096486003573%
45334,0,5.121983500242643%
45335,0,5.121870519466197%
45336,0,5.121757543673901%
45337,0,5.1216445728654305%
45338,0,5.121531607040452%
45339,0,5.121418646198637%
45340,0,5.121305690339656%
45341,0,5.121192739463179%
45342,0,5.121079793568876%
45343,0,5.1209668526564185%
45344,0,5.120853916725476%
45345,0,5.120740985775719%
45346,0,5.120628059806818%
45347,0,5.120515138818445%
45348,0,5.1204022228102675%
45349,0,5.120289311781958%
45350,0,5.120176405733186%
45351,0,5.120063504663624%
45352,0,5.119950608572941%
45353,0,5.119837717460808%
45354,0,5.119724831326895%
45355,0,5.119611950170874%
45356,0,5.119499073992415%
45357,0,5.1193862027911905%
45358,0,5.119273336566868%
45359,0,5.119160475319121%
45360,0,5.119047619047619%
45361,0,5.118934767752034%
45362,0,5.118821921432035%
45363,0,5.118709080087296%
45364,0,5.1185962437174855%
45365,0,5.118483412322275%
45366,0,5.118370585901336%
45367,0,5.118257764454339%
45368,0,5.118144947980956%
45369,0,5.118032136480857%
45370,0,5.117919329953714%
45371,0,5.117806528399198%
45372,0,5.1176937318169795%
45373,1,5.1197848941000155%
45374,1,5.121875964208577%
45375,1,5.12396694214876%
45376,0,5.123854019746121%
45377,0,5.123741102320559%
45378,1,5.125831900921151%
45379,0,5.125718944886401%
45380,0,5.125605993829882%
45381,0,5.125493047751261%
45382,0,5.125380106650214%
45383,0,5.125267170526408%
45384,0,5.125154239379516%
45385,0,5.12504131320921%
45386,0,5.124928392015159%
45387,0,5.124815475797035%
45388,0,5.124702564554508%
45389,0,5.12458965828725%
45390,0,5.124476756994933%
45391,0,5.124363860677226%
45392,0,5.124250969333803%
45393,0,5.1241380829643335%
45394,0,5.1240252015684895%
45395,0,5.123912325145941%
45396,0,5.1237994536963605%
45397,0,5.12368658721942%
45398,0,5.123573725714789%
45399,0,5.123460869182141%
45400,0,5.1233480176211454%
45401,0,5.123235171031475%
45402,0,5.123122329412801%
45403,0,5.123009492764796%
45404,0,5.122896661087129%
45405,0,5.122783834379473%
45406,0,5.122671012641502%
45407,0,5.122558195872883%
45408,0,5.122445384073291%
45409,0,5.122332577242397%
45410,0,5.122219775379873%
45411,0,5.122106978485389%
45412,0,5.121994186558619%
45413,0,5.121881399599234%
45414,0,5.1217686176069055%
45415,0,5.1216558405813055%
45416,0,5.121543068522107%
45417,0,5.12143030142898%
45418,0,5.121317539301598%
45419,0,5.121204782139633%
45420,0,5.121092029942757%
45421,0,5.12097928271064%
45422,0,5.120866540442957%
45423,0,5.120753803139379%
45424,0,5.120641070799578%
45425,0,5.120528343423225%
45426,0,5.120415621009995%
45427,0,5.1203029035595575%
45428,0,5.120190191071586%
45429,0,5.120077483545753%
45430,0,5.11996478098173%
45431,0,5.1198520833791905%
45432,0,5.119739390737807%
45433,0,5.119626703057249%
45434,0,5.119514020337192%
45435,0,5.119401342577308%
45436,0,5.119288669777269%
45437,0,5.119176001936747%
45438,0,5.119063339055416%
45439,0,5.118950681132947%
45440,0,5.118838028169014%
45441,0,5.118725380163289%
45442,0,5.118612737115444%
45443,0,5.118500099025152%
45444,0,5.118387465892087%
45445,0,5.118274837715921%
45446,0,5.1181622144963255%
45447,0,5.118049596232975%
45448,0,5.117936982925541%
45449,0,5.117824374573698%
45450,0,5.117711771177118%
45451,0,5.117599172735473%
45452,0,5.117486579248438%
45453,0,5.117373990715684%
45454,0,5.117261407136885%
45455,0,5.117148828511715%
45456,0,5.117036254839845%
45457,0,5.116923686120949%
45458,0,5.116811122354701%
45459,0,5.116698563540774%
45460,0,5.116586009678838%
45461,0,5.116473460768571%
45462,0,5.1163609168096436%
45463,0,5.116248377801729%
45464,0,5.116135843744502%
45465,0,5.1160233146376335%
45466,0,5.1159107904807986%
45467,0,5.115798271273671%
45468,0,5.115685757015923%
45469,0,5.115573247707229%
45470,0,5.115460743347262%
45471,0,5.115348243935696%
45472,0,5.115235749472203%
45473,0,5.115123259956458%
45474,0,5.115010775388134%
45475,0,5.114898295766905%
45476,0,5.114785821092444%
45477,0,5.114673351364426%
45478,0,5.114560886582523%
45479,0,5.11444842674641%
45480,0,5.114335971855761%
45481,1,5.116422242255007%
45482,1,5.118508420913768%
45483,1,5.120594507838094%
45484,0,5.120481927710843%
45485,0,5.120369352533802%
45486,0,5.120256782306644%
45487,0,5.120144217029042%
45488,0,5.120031656700668%
45489,0,5.119919101321199%
45490,0,5.1198065508903055%
45491,0,5.119694005407663%
45492,0,5.119581464872945%
45493,0,5.119468929285824%
45494,0,5.119356398645976%
45495,0,5.1192438729530725%
45496,0,5.119131352206788%
45497,0,5.119018836406796%
45498,0,5.118906325552771%
45499,0,5.118793819644388%
45500,0,5.118681318681319%
45501,0,5.118568822663238%
45502,1,5.1206540371851785%
45503,1,5.1227391600553815%
45504,1,5.124824191279888%
45505,1,5.12690913086474%
45506,1,5.12899397881598%
45507,0,5.128881271013251%
45508,1,5.130965984002812%
45509,1,5.133050605374761%
45510,0,5.132937815864645%
45511,0,5.132825031311112%
45512,0,5.1327122517138335%
45513,0,5.1325994770724845%
45514,0,5.132486707386738%
45515,0,5.132373942656267%
45516,1,5.134458212496704%
45517,0,5.134345409407475%
45518,1,5.136429544356079%
45519,0,5.136316702915266%
45520,0,5.1362038664323375%
45521,0,5.136091034906966%
45522,0,5.135978208338825%
45523,0,5.135865386727588%
45524,0,5.1357525700729285%
45525,0,5.13563975837452%
45526,0,5.135526951632034%
45527,0,5.135414149845147%
45528,0,5.13530135301353%
45529,0,5.135188561136858%
45530,0,5.135075774214803%
45531,0,5.134962992247041%
45532,0,5.134850215233243%
45533,0,5.1347374431730834%
45534,0,5.134624676066236%
45535,1,5.1367080267925775%
45536,1,5.1387912860154605%
45537,1,5.1408744537409135%
45538,0,5.140761561772585%
45539,0,5.140648674762292%
45540,0,5.140535792709706%
45541,0,5.140422915614501%
45542,0,5.140310043476352%
45543,0,5.1401971762949294%
45544,0,5.14008431406991%
45545,0,5.139971456800966%
45546,0,5.139858604487771%
45547,0,5.139745757129997%
45548,0,5.13963291472732%
45549,0,5.139520077279414%
45550,0,5.13940724478595%
45551,0,5.139294417246603%
45552,0,5.139181594661046%
45553,0,5.139068777028955%
45554,0,5.138955964350003%
45555,0,5.138843156623861%
45556,0,5.138730353850207%
45557,0,5.138617556028711%
45558,0,5.13850476315905%
45559,0,5.138391975240896%
45560,0,5.138279192273925%
45561,0,5.1381664142578085%
45562,0,5.138053641192221%
45563,0,5.137940873076839%
45564,0,5.137828109911333%
45565,0,5.13771535169538%
45566,0,5.137602598428653%
45567,0,5.137489850110826%
45568,0,5.137377106741573%
45569,0,5.137264368320569%
45570,0,5.137151634847488%
45571,0,5.137038906322003%
45572,0,5.136926182743791%
45573,0,5.136813464112523%
45574,0,5.136700750427876%
45575,0,5.136588041689523%
45576,0,5.136475337897139%
45577,0,5.136362639050398%
45578,0,5.136249945148975%
45579,0,5.136137256192544%
45580,0,5.136024572180782%
45581,0,5.1359118931133585%
45582,0,5.135799218989953%
45583,0,5.135686549810236%
45584,0,5.135573885573885%
45585,0,5.135461226280575%
45586,0,5.1353485719299785%
45587,0,5.135235922521772%
45588,0,5.135123278055629%
45589,0,5.135010638531225%
45590,0,5.134898003948234%
45591,0,5.1347853743063325%
45592,0,5.134672749605194%
45593,0,5.134560129844494%
45594,0,5.134447515023907%
45595,0,5.134334905143108%
45596,0,5.134222300201772%
45597,0,5.134109700199574%
45598,0,5.13399710513619%
45599,0,5.133884515011294%
45600,0,5.133771929824562%
45601,0,5.133659349575667%
45602,0,5.133546774264286%
45603,0,5.133434203890095%
45604,0,5.133321638452768%
45605,0,5.133209077951979%
45606,0,5.133096522387405%
45607,0,5.132983971758722%
45608,0,5.132871426065602%
45609,0,5.132758885307724%
45610,0,5.132646349484762%
45611,0,5.132533818596391%
45612,0,5.132421292642287%
45613,0,5.132308771622125%
45614,0,5.132196255535581%
45615,0,5.132083744382331%
45616,0,5.131971238162048%
45617,0,5.131858736874411%
45618,0,5.131746240519093%
45619,0,5.131633749095772%
45620,0,5.131521262604121%
45621,0,5.131408781043818%
45622,0,5.131296304414537%
45623,0,5.131183832715955%
45624,0,5.131071365947746%
45625,0,5.1309589041095895%
45626,0,5.130846447201157%
45627,0,5.130733995222127%
45628,0,5.130621548172175%
45629,0,5.130509106050976%
45630,0,5.130396668858207%
45631,0,5.1302842365935435%
45632,0,5.1301718092566615%
45633,0,5.130059386847238%
45634,0,5.129946969364947%
45635,0,5.129834556809467%
45636,0,5.129722149180472%
45637,0,5.129609746477639%
45638,0,5.129497348700644%
45639,0,5.129384955849164%
45640,0,5.129272567922874%
45641,0,5.129160184921452%
45642,0,5.129047806844573%
45643,0,5.128935433691914%
45644,0,5.12882306546315%
45645,0,5.128710702157958%
45646,0,5.128598343776016%
45647,0,5.128485990316998%
45648,0,5.128373641780582%
45649,0,5.128261298166445%
45650,0,5.128148959474261%
45651,0,5.128036625703709%
45652,0,5.127924296854465%
45653,0,5.127811972926204%
45654,0,5.127699653918604%
45655,0,5.127587339831344%
45656,0,5.1274750306640975%
45657,0,5.127362726416541%
45658,0,5.127250427088352%
45659,0,5.127138132679209%
45660,0,5.127025843188786%
45661,0,5.126913558616763%
45662,0,5.126801278962813%
45663,0,5.126689004226616%
45664,0,5.126576734407848%
45665,0,5.126464469506186%
45666,0,5.126352209521307%
45667,0,5.126239954452887%
45668,0,5.126127704300605%
45669,0,5.126015459064136%
45670,0,5.125903218743157%
45671,0,5.125790983337348%
45672,0,5.125678752846382%
45673,0,5.125566527269941%
45674,0,5.125454306607699%
45675,0,5.125342090859332%
45676,0,5.125229880024521%
45677,0,5.12511767410294%
45678,0,5.1250054730942685%
45679,0,5.124893276998184%
45680,0,5.1247810858143605%
45681,0,5.124668899542479%
45682,0,5.124556718182216%
45683,0,5.124444541733249%
45684,0,5.124332370195255%
45685,0,5.12422020356791%
45686,0,5.124108041850895%
45687,0,5.123995885043885%
45688,0,5.12388373314656%
45689,0,5.123771586158594%
45690,0,5.123659444079667%
45691,0,5.123547306909456%
45692,0,5.123435174647641%
45693,0,5.123323047293896%
45694,0,5.123210924847902%
45695,0,5.123098807309334%
45696,0,5.122986694677871%
45697,0,5.122874586953192%
45698,0,5.122762484134973%
45699,0,5.122650386222894%
45700,0,5.12253829321663%
45701,0,5.122426205115862%
45702,0,5.122314121920266%
45703,0,5.122202043629521%
45704,0,5.122089970243305%
45705,0,5.121977901761295%
45706,0,5.1218658381831705%
45707,0,5.12175377950861%
45708,0,5.121641725737288%
45709,0,5.121529676868888%
45710,0,5.121417632903085%
45711,0,5.121305593839557%
45712,0,5.121193559677984%
45713,0,5.121081530418043%
45714,0,5.120969506059413%
45715,0,5.120857486601771%
45716,0,5.120745472044798%
45717,0,5.120633462388171%
45718,0,5.120521457631567%
45719,0,5.120409457774667%
45720,0,5.120297462817148%
45721,0,5.120185472758688%
45722,0,5.120073487598967%
45723,0,5.119961507337663%
45724,0,5.119849531974455%
45725,0,5.119737561509021%
45726,0,5.11962559594104%
45727,0,5.119513635270191%
45728,0,5.119401679496151%
45729,0,5.1192897286186%
45730,0,5.119177782637219%
45731,0,5.1190658415516825%
45732,0,5.118953905361672%
45733,0,5.118841974066866%
45734,0,5.1187300476669435%
45735,0,5.118618126161583%
45736,0,5.118506209550463%
45737,0,5.118394297833264%
45738,0,5.1182823910096635%
45739,0,5.118170489079342%
45740,0,5.118058592041976%
45741,0,5.117946699897248%
45742,0,5.117834812644834%
45743,0,5.117722930284415%
45744,1,5.1197971318642885%
45745,1,5.121871242758772%
45746,1,5.1239452629738125%
45747,1,5.126019192515356%
45748,1,5.1280930313893505%
45749,0,5.127980939474087%
45750,0,5.127868852459017%
45751,1,5.1299425149177065%
45752,0,5.129830389928309%
45753,0,5.129718269840229%
45754,0,5.129606154653145%
45755,0,5.129494044366735%
45756,0,5.12938193898068%
45757,0,5.129269838494657%
45758,0,5.129157742908344%
45759,0,5.1290456522214205%
45760,0,5.128933566433566%
45761,0,5.128821485544459%
45762,0,5.128709409553778%
45763,0,5.128597338461202%
45764,0,5.12848527226641%
45765,0,5.128373210969081%
45766,0,5.128261154568894%
45767,0,5.128149103065527%
45768,0,5.128037056458661%
45769,0,5.127925014747974%
45770,0,5.127812977933144%
45771,0,5.127700946013851%
45772,0,5.127588918989775%
45773,0,5.127476896860594%
45774,0,5.127364879625988%
45775,0,5.127252867285637%
45776,0,5.127140859839217%
45777,0,5.12702885728641%
45778,0,5.126916859626895%
45779,0,5.1268048668603505%
45780,0,5.126692878986457%
45781,0,5.126580896004892%
45782,0,5.126468917915338%
45783,0,5.126356944717472%
45784,0,5.126244976410973%
45785,0,5.126133012995523%
45786,0,5.126021054470799%
45787,0,5.125909100836482%
45788,0,5.125797152092251%
45789,0,5.125685208237787%
45790,0,5.125573269272767%
45791,0,5.1254613351968725%
45792,0,5.125349406009783%
45793,0,5.125237481711179%
45794,0,5.125125562300738%
45795,0,5.125013647778142%
45796,0,5.12490173814307%
45797,0,5.124789833395201%
45798,0,5.124677933534215%
45799,0,5.124566038559794%
45800,0,5.124454148471616%
45801,0,5.124342263269361%
45802,0,5.124230382952709%
45803,0,5.124118507521342%
45804,0,5.124006636974936%
45805,0,5.123894771313175%
45806,0,5.123782910535738%
45807,0,5.123671054642304%
45808,0,5.123559203632553%
45809,0,5.1234473575061665%
45810,0,5.1233355162628245%
45811,0,5.123223679902207%
45812,0,5.123111848423994%
45813,0,5.123000021827866%
45814,0,5.122888200113502%
45815,0,5.122776383280585%
45816,0,5.1226645713287935%
45817,0,5.122552764257808%
45818,0,5.1224409620673095%
45819,0,5.122329164756978%
45820,0,5.122217372326495%
45821,0,5.1221055847755395%
45822,0,5.121993802103793%
45823,0,5.121882024310936%
45824,0,5.121770251396648%
45825,0,5.121658483360611%
45826,0,5.121546720202505%
45827,0,5.121434961922011%
45828,0,5.12132320851881%
45829,0,5.1212114599925815%
45830,0,5.121099716343007%
45831,0,5.120987977569767%
45832,0,5.1208762436725435%
45833,0,5.1207645146510155%
45834,0,5.120652790504866%
45835,0,5.120541071233773%
45836,1,5.122611048084475%
45837,1,5.12468093461614%
45838,0,5.124569134779004%
45839,0,5.124457339819804%
45840,1,5.126527050610821%
45841,1,5.128596671102288%
45842,1,5.130666201300118%
45843,1,5.132735641210218%
45844,1,5.134804990838496%
45845,1,5.136874250190861%
45846,0,5.136762203900013%
45847,0,5.136650162497001%
45848,0,5.136538125981504%
45849,0,5.136426094353204%
45850,0,5.136314067611777%
45851,0,5.136202045756908%
45852,0,5.136090028788275%
45853,0,5.135978016705559%
45854,0,5.13586600950844%
45855,0,5.135754007196598%
45856,0,5.135642009769715%
45857,0,5.135530017227468%
45858,0,5.13541802956954%
45859,0,5.135306046795613%
45860,0,5.135194068905364%
45861,0,5.1350820958984755%
45862,0,5.134970127774628%
45863,0,5.134858164533502%
45864,0,5.1347462061747775%
45865,0,5.1346342526981354%
45866,0,5.134522304103258%
45867,0,5.134410360389823%
45868,0,5.134298421557513%
45869,0,5.134186487606009%
45870,0,5.13407455853499%
45871,0,5.133962634344139%
45872,0,5.133850715033136%
45873,0,5.133738800601661%
45874,0,5.1336268910493965%
45875,0,5.133514986376022%
45876,0,5.133403086581219%
45877,0,5.133291191664668%
45878,1,5.135358995597018%
45879,0,5.1352470629263935%
45880,0,5.135135135135135%
45881,0,5.135023212222924%
45882,0,5.134911294189442%
45883,0,5.13479938103437%
45884,0,5.134687472757388%
45885,0,5.134575569358178%
45886,0,5.13446367083642%
45887,0,5.134351777191797%
45888,0,5.134239888423989%
45889,0,5.134128004532677%
45890,0,5.134016125517542%
45891,0,5.133904251378266%
45892,0,5.13379238211453%
45893,0,5.133680517726015%
45894,0,5.133568658212403%
45895,0,5.133456803573374%
45896,0,5.133344953808611%
45897,0,5.1332331089177945%
45898,0,5.133121268900606%
45899,0,5.133009433756727%
45900,0,5.132897603485839%
45901,0,5.132785778087624%
45902,0,5.132673957561762%
45903,0,5.132562141907936%
45904,0,5.132450331125828%
45905,0,5.132338525215118%
45906,0,5.1322267241754895%
45907,0,5.132114928006622%
45908,0,5.1320031367081995%
45909,0,5.1318913502799015%
45910,0,5.131779568721411%
45911,0,5.1316677920324105%
45912,0,5.131556020212581%
45913,0,5.131444253261604%
45914,0,5.131332491179161%
45915,0,5.131220733964935%
45916,0,5.131108981618608%
45917,0,5.130997234139861%
45918,0,5.130885491528376%
45919,1,5.1329515015570895%
45920,1,5.135017421602788%
45921,0,5.1349055987456715%
45922,0,5.134793780758677%
45923,0,5.134681967641487%
45924,0,5.134570159393781%
45925,0,5.134458356015243%
45926,0,5.134346557505552%
45927,0,5.134234763864393%
45928,0,5.134122975091447%
45929,0,5.134011191186397%
45930,0,5.133899412148922%
45931,0,5.133787637978707%
45932,0,5.133675868675433%
45933,0,5.133564104238783%
45934,0,5.133452344668437%
45935,0,5.13334058996408%
45936,0,5.133228840125391%
45937,0,5.1331170951520555%
45938,0,5.133005355043754%
45939,0,5.13289361980017%
45940,0,5.1327818894209845%
45941,0,5.132670163905879%
45942,0,5.132558443254538%
45943,0,5.132446727466643%
45944,0,5.1323350165418775%
45945,0,5.132223310479922%
45946,0,5.13211160928046%
45947,0,5.131999912943173%
45948,0,5.131888221467746%
45949,0,5.131776534853859%
45950,0,5.131664853101197%
45951,0,5.13155317620944%
45952,0,5.131441504178273%
45953,0,5.131329837007377%
45954,0,5.131218174696436%
45955,0,5.131106517245131%
45956,0,5.130994864653147%
45957,0,5.130883216920164%
45958,0,5.130771574045868%
45959,0,5.130659936029939%
45960,0,5.130548302872063%
45961,0,5.13043667457192%
45962,0,5.130325051129193%
45963,0,5.1302134325435675%
45964,0,5.130101818814724%
45965,0,5.129990209942347%
45966,0,5.12987860592612%
45967,0,5.129767006765723%
45968,0,5.129655412460842%
45969,0,5.12954382301116%
45970,0,5.129432238416358%
45971,0,5.1293206586761215%
45972,0,5.129209083790133%
45973,0,5.129097513758076%
45974,0,5.128985948579632%
45975,0,5.128874388254486%
45976,0,5.128762832782321%
45977,0,5.12865128216282%
45978,0,5.128539736395667%
45979,0,5.128428195480546%
45980,0,5.128316659417138%
45981,0,5.128205128205128%
45982,0,5.1280936018442%
45983,0,5.127982080334037%
45984,0,5.127870563674321%
45985,0,5.1277590518647385%
45986,0,5.1276475449049705%
45987,0,5.127536042794703%
45988,0,5.127424545533618%
45989,0,5.127313053121398%
45990,0,5.12720156555773%
45991,0,5.127090082842295%
45992,0,5.126978604974778%
45993,0,5.126867131954863%
45994,0,5.126755663782232%
45995,0,5.126644200456571%
45996,0,5.126532741977563%
45997,0,5.1264212883448925%
45998,0,5.126309839558242%
45999,0,5.126198395617296%
46000,0,5.126086956521739%
46001,0,5.125975522271255%
46002,0,5.125864092865528%
46003,0,5.125752668304242%
46004,0,5.12564124858708%
46005,0,5.125529833713727%
46006,0,5.125418423683867%
46007,0,5.125307018497185%
46008,0,5.125195618153365%
46009,0,5.12508422265209%
46010,0,5.124972831993045%
46011,0,5.124861446175914%
46012,0,5.124750065200383%
46013,0,5.124638689066133%
46014,0,5.124527317772852%
46015,0,5.124415951320222%
46016,0,5.124304589707928%
46017,0,5.124193232935654%
46018,0,5.124081881003086%
46019,0,5.123970533909906%
46020,0,5.123859191655802%
46021,0,5.123747854240455%
46022,0,5.123636521663552%
46023,0,5.123525193924777%
46024,0,5.123413871023814%
46025,0,5.1233025529603475%
46026,0,5.123191239734063%
46027,0,5.123079931344646%
46028,0,5.122968627791779%
46029,0,5.122857329075148%
46030,0,5.122746035194439%
46031,0,5.122634746149334%
46032,0,5.122523461939521%
46033,0,5.122412182564682%
46034,0,5.122300908024504%
46035,0,5.1221896383186705%
46036,0,5.122078373446868%
46037,0,5.12196711340878%
46038,0,5.121855858204092%
46039,0,5.12174460783249%
46040,0,5.121633362293658%
46041,0,5.121522121587281%
46042,0,5.121410885713044%
46043,0,5.121299654670634%
46044,0,5.121188428459734%
46045,0,5.12107720708003%
46046,0,5.120965990531208%
46047,0,5.120854778812952%
46048,0,5.120743571924948%
46049,0,5.120632369866881%
46050,0,5.120521172638436%
46051,0,5.1204099802393%
46052,0,5.120298792669157%
46053,0,5.120187609927692%
46054,0,5.120076432014591%
46055,0,5.119965258929541%
46056,0,5.119854090672225%
46057,0,5.1197429272423305%
46058,0,5.119631768639541%
46059,0,5.119520614863545%
46060,0,5.119409465914025%
46061,0,5.119298321790669%
46062,0,5.119187182493161%
46063,0,5.1190760480211885%
46064,0,5.118964918374436%
46065,0,5.118853793552589%
46066,0,5.118742673555333%
46067,0,5.118631558382356%
46068,0,5.118520448033341%
46069,0,5.118409342507977%
46070,0,5.118298241805948%
46071,0,5.118187145926939%
46072,0,5.118076054870637%
46073,0,5.117964968636729%
46074,0,5.117853887224899%
46075,0,5.117742810634835%
46076,0,5.117631738866221%
46077,0,5.1175206719187445%
46078,0,5.117409609792092%
46079,0,5.117298552485948%
46080,0,5.1171875%
46081,0,5.117076452333934%
46082,0,5.1169654094874355%
46083,0,5.1168543714601915%
46084,0,5.116743338251887%
46085,0,5.116632309862211%
46086,0,5.116521286290848%
46087,0,5.116410267537484%
46088,0,5.116299253601805%
46089,0,5.116188244483499%
46090,0,5.116077240182252%
46091,0,5.11596624069775%
46092,0,5.11585524602968%
46093,0,5.115744256177727%
46094,0,5.11563327114158%
46095,0,5.115522290920924%
46096,0,5.115411315515446%
46097,0,5.115300344924832%
46098,0,5.11518937914877%
46099,0,5.115078418186945%
46100,0,5.114967462039045%
46101,0,5.114856510704757%
46102,0,5.1147455641837665%
46103,0,5.114634622475761%
46104,0,5.114523685580427%
46105,0,5.114412753497452%
46106,0,5.114301826226521%
46107,0,5.114190903767324%
46108,0,5.114079986119545%
46109,0,5.113969073282873%
46110,0,5.113858165256993%
46111,0,5.113747262041595%
46112,0,5.113636363636364%
46113,0,5.113525470040986%
46114,0,5.11341458125515%
46115,0,5.113303697278543%
46116,0,5.113192818110851%
46117,0,5.113081943751762%
46118,0,5.112971074200963%
46119,0,5.112860209458141%
46120,0,5.112749349522983%
46121,0,5.112638494395179%
46122,0,5.112527644074412%
46123,0,5.112416798560371%
46124,0,5.112305957852745%
46125,0,5.11219512195122%
46126,0,5.112084290855483%
46127,0,5.111973464565222%
46128,0,5.111862643080125%
46129,0,5.111751826399879%
46130,0,5.111641014524171%
46131,0,5.111530207452689%
46132,0,5.111419405185122%
46133,0,5.111308607721154%
46134,0,5.111197815060476%
46135,0,5.111087027202775%
46136,0,5.1109762441477375%
46137,0,5.110865465895052%
46138,0,5.110754692444406%
46139,0,5.110643923795488%
46140,0,5.110533159947985%
46141,0,5.110422400901584%
46142,0,5.110311646655975%
46143,0,5.110200897210845%
46144,0,5.11009015256588%
46145,0,5.109979412720771%
46146,0,5.1098686776752045%
46147,0,5.109757947428869%
46148,0,5.109647221981451%
46149,0,5.10953650133264%
46150,0,5.109425785482123%
46151,0,5.10931507442959%
46152,0,5.109204368174726%
46153,0,5.109093666717223%
46154,0,5.108982970056767%
46155,0,5.108872278193045%
46156,0,5.108761591125748%
46157,0,5.108650908854562%
46158,0,5.108540231379176%
46159,0,5.108429558699278%
46160,0,5.108318890814558%
46161,0,5.1082082277247025%
46162,0,5.1080975694294%
46163,0,5.107986915928341%
46164,0,5.1078762672212115%
46165,0,5.107765623307701%
46166,0,5.107654984187497%
46167,0,5.10754434986029%
46168,0,5.1074337203257665%
46169,0,5.107323095583617%
46170,0,5.107212475633529%
46171,0,5.10710186047519%
46172,0,5.10699125010829%
46173,0,5.106880644532518%
46174,0,5.106770043747563%
46175,0,5.106659447753113%
46176,0,5.106548856548857%
46177,0,5.106438270134483%
46178,0,5.10632768850968%
46179,0,5.1062171116741375%
46180,0,5.106106539627545%
46181,0,5.105995972369589%
46182,1,5.108050755705686%
46183,0,5.107940151137864%
46184,1,5.109994803395115%
46185,1,5.112049366677493%
46186,1,5.114103840990777%
46187,0,5.113993114945764%
46188,0,5.113882393695332%
46189,0,5.1137716772391695%
46190,0,5.1136609655769645%
46191,0,5.113550258708406%
46192,0,5.113439556633184%
46193,0,5.113328859350983%
46194,0,5.113218166861498%
46195,0,5.1131074791644116%
46196,0,5.1129967962594165%
46197,0,5.1128861181462%
46198,0,5.112775444824451%
46199,0,5.112664776293859%
46200,0,5.112554112554112%
46201,0,5.1124434536049%
46202,0,5.112332799445912%
46203,0,5.112222150076835%
46204,0,5.11211150549736%
46205,0,5.1120008657071745%
46206,0,5.111890230705969%
46207,0,5.111779600493431%
46208,0,5.111668975069252%
46209,0,5.111558354433119%
46210,0,5.111447738584722%
46211,0,5.11133712752375%
46212,0,5.1112265212498915%
46213,0,5.111115919762837%
46214,0,5.111005323062275%
46215,0,5.110894731147895%
46216,0,5.110784144019387%
46217,0,5.11067356167644%
46218,0,5.110562984118742%
46219,0,5.110452411345983%
46220,0,5.110341843357854%
46221,0,5.110231280154043%
46222,0,5.110120721734239%
46223,0,5.110010168098133%
46224,0,5.109899619245414%
46225,0,5.109789075175771%
46226,1,5.11184182062043%
46227,0,5.111731239319012%
46228,0,5.111620662801765%
46229,0,5.111510091068377%
46230,0,5.111399524118538%
46231,0,5.111288961951937%
46232,0,5.111178404568265%
46233,0,5.11106785196721%
46234,0,5.110957304148462%
46235,0,5.110846761111712%
46236,0,5.110736222856648%
46237,0,5.110625689382962%
46238,0,5.110515160690341%
46239,0,5.110404636778477%
46240,0,5.110294117647059%
46241,0,5.110183603295777%
46242,0,5.11007309372432%
46243,0,5.109962588932379%
46244,0,5.109852088919643%
46245,0,5.109741593685803%
46246,0,5.10963110323055%
46247,0,5.109520617553571%
46248,0,5.109410136654558%
46249,0,5.109299660533201%
46250,0,5.109189189189189%
46251,0,5.109078722622214%
46252,0,5.108968260831964%
46253,0,5.108857803818131%
46254,0,5.108747351580404%
46255,0,5.108636904118473%
46256,0,5.10852646143203%
46257,0,5.108416023520764%
46258,0,5.108305590384366%
46259,0,5.108195162022525%
46260,0,5.108084738434933%
46261,0,5.107974319621279%
46262,0,5.1078639055812545%
46263,0,5.107753496314549%
46264,0,5.107643091820854%
46265,0,5.107532692099859%
46266,0,5.107422297151256%
46267,0,5.107311906974734%
46268,0,5.1072015215699835%
46269,0,5.107091140936696%
46270,0,5.106980765074563%
46271,0,5.1068703939832725%
46272,0,5.106760027662517%
46273,0,5.106649666111988%
46274,0,5.106539309331374%
46275,0,5.106428957320367%
46276,0,5.106318610078659%
46277,0,5.106208267605938%
46278,0,5.106097929901898%
46279,0,5.1059875969662265%
46280,0,5.105877268798617%
46281,0,5.105766945398759%
46282,0,5.105656626766345%
46283,0,5.105546312901065%
46284,0,5.105436003802611%
46285,0,5.105325699470671%
46286,0,5.105215399904939%
46287,0,5.105105105105105%
46288,0,5.104994815070861%
46289,0,5.104884529801897%
46290,0,5.104774249297905%
46291,0,5.104663973558575%
46292,0,5.104553702583599%
46293,0,5.104443436372669%
46294,0,5.104333174925476%
46295,0,5.104222918241711%
46296,0,5.104112666321065%
46297,0,5.104002419163229%
46298,0,5.103892176767895%
46299,0,5.1037819391347545%
46300,0,5.103671706263499%
46301,0,5.10356147815382%
46302,0,5.103451254805408%
46303,0,5.103341036217956%
46304,0,5.103230822391154%
46305,0,5.103120613324695%
46306,0,5.103010409018269%
46307,0,5.102900209471571%
46308,0,5.102790014684288%
46309,0,5.102679824656114%
46310,0,5.102569639386742%
46311,0,5.102459458875861%
46312,0,5.102349283123165%
46313,0,5.102239112128344%
46314,0,5.102128945891091%
46315,0,5.102018784411098%
46316,0,5.101908627688056%
46317,0,5.101798475721657%
46318,0,5.101688328511593%
46319,0,5.101578186057557%
46320,0,5.10146804835924%
46321,0,5.101357915416334%
46322,0,5.101247787228531%
46323,0,5.101137663795523%
46324,0,5.1010275451170015%
46325,0,5.100917431192661%
46326,0,5.100807322022191%
46327,0,5.100697217605284%
46328,0,5.100587117941633%
46329,0,5.1004770230309315%
46330,0,5.100366932872868%
46331,0,5.100256847467138%
46332,0,5.100146766813434%
46333,0,5.100036690911446%
46334,0,5.099926619760867%
46335,0,5.09981655336139%
46336,0,5.099706491712707%
46337,0,5.099596434814511%
46338,0,5.099486382666494%
46339,0,5.0993763352683485%
46340,0,5.099266292619767%
46341,0,5.099156254720442%
46342,0,5.099046221570066%
46343,0,5.098936193168332%
46344,0,5.098826169514932%
46345,0,5.098716150609558%
46346,0,5.098606136451905%
46347,0,5.098496127041664%
46348,0,5.098386122378527%
46349,0,5.098276122462189%
46350,0,5.098166127292341%
46351,0,5.098056136868676%
46352,0,5.097946151190888%
46353,0,5.097836170258667%
46354,0,5.097726194071709%
46355,0,5.097616222629705%
46356,0,5.09750625593235%
46357,0,5.097396293979335%
46358,0,5.0972863367703525%
46359,0,5.097176384305097%
46360,0,5.097066436583261%
46361,0,5.096956493604538%
46362,0,5.096846555368621%
46363,0,5.096736621875202%
46364,0,5.096626693123976%
46365,0,5.0965167691146345%
46366,0,5.09640684984687%
46367,0,5.096296935320379%
46368,0,5.096187025534852%
46369,0,5.096077120489983%
46370,0,5.095967220185464%
46371,0,5.095857324620991%
46372,0,5.095747433796256%
46373,0,5.095637547710952%
46374,0,5.095527666364774%
46375,0,5.095417789757413%
46376,0,5.095307917888563%
46377,0,5.095198050757919%
46378,0,5.095088188365173%
46379,0,5.09497833071002%
46380,0,5.094868477792152%
46381,0,5.094758629611263%
46382,0,5.094648786167047%
46383,0,5.094538947459198%
46384,0,5.09442911348741%
46385,0,5.094319284251374%
46386,0,5.094209459750787%
46387,0,5.094099639985341%
46388,0,5.09398982495473%
46389,0,5.093880014658648%
46390,0,5.093770209096788%
46391,0,5.093660408268845%
46392,0,5.093550612174512%
46393,0,5.093440820813485%
46394,0,5.0933310341854545%
46395,0,5.0932212522901175%
46396,0,5.093111475127166%
46397,0,5.093001702696295%
46398,0,5.092891934997199%
46399,0,5.09278217202957%
46400,0,5.092672413793103%
46401,0,5.092562660287494%
46402,0,5.092452911512435%
46403,0,5.092343167467621%
46404,0,5.0922334281527455%
46405,0,5.092123693567503%
46406,0,5.092013963711589%
46407,1,5.094059085913763%
46408,1,5.096104119979314%
46409,1,5.0981490659139395%
46410,1,5.100193923723335%
46411,1,5.1022386934132%
46412,1,5.104283374989227%
46413,1,5.106327968457113%
46414,0,5.106217951480157%
46415,0,5.106107939243779%
46416,0,5.105997931747673%
46417,0,5.105887928991533%
46418,0,5.105777930975053%
46419,0,5.105667937697925%
46420,0,5.105557949159845%
46421,0,5.105447965360505%
46422,0,5.105337986299599%
46423,0,5.1052280119768225%
46424,0,5.105118042391867%
46425,0,5.105008077544426%
46426,0,5.104898117434196%
46427,0,5.10478816206087%
46428,0,5.10467821142414%
46429,0,5.104568265523703%
46430,0,5.104458324359251%
46431,0,5.104348387930478%
46432,0,5.104238456237078%
46433,0,5.104128529278746%
46434,0,5.104018607055175%
46435,0,5.10390868956606%
46436,0,5.103798776811095%
46437,0,5.103688868789973%
46438,0,5.10357896550239%
46439,0,5.10346906694804%
46440,0,5.103359173126615%
46441,0,5.103249284037811%
46442,0,5.103139399681323%
46443,0,5.103029520056844%
46444,0,5.102919645164069%
46445,0,5.102809775002692%
46446,0,5.102699909572406%
46447,0,5.1025900488729095%
46448,0,5.102480192903893%
46449,0,5.102370341665052%
46450,0,5.102260495156082%
46451,0,5.102150653376677%
46452,0,5.1020408163265305%
46453,0,5.101930984005339%
46454,0,5.101821156412796%
46455,0,5.101711333548596%
46456,0,5.101601515412433%
46457,0,5.101491702004004%
46458,0,5.101381893323001%
46459,0,5.101272089369121%
46460,0,5.1011622901420575%
46461,0,5.101052495641506%
46462,0,5.10094270586716%
46463,0,5.100832920818716%
46464,0,5.100723140495868%
46465,0,5.100613364898311%
46466,0,5.100503594025739%
46467,0,5.1003938278778485%
46468,0,5.100284066454335%
46469,0,5.10017430975489%
46470,0,5.100064557779213%
46471,0,5.099954810526995%
46472,0,5.099845067997935%
46473,0,5.0997353301917245%
46474,0,5.09962559710806%
46475,0,5.099515868746638%
46476,0,5.099406145107152%
46477,0,5.099296426189298%
46478,0,5.099186711992771%
46479,0,5.099077002517266%
46480,0,5.098967297762479%
46481,0,5.098857597728104%
46482,0,5.098747902413837%
46483,0,5.098638211819375%
46484,0,5.098528525944411%
46485,0,5.098418844788641%
46486,0,5.098309168351762%
46487,0,5.098199496633468%
46488,0,5.098089829633453%
46489,0,5.097980167351417%
46490,0,5.097870509787051%
46491,0,5.097760856940052%
46492,0,5.0976512088101185%
46493,0,5.097541565396941%
46494,0,5.09743192670022%
46495,0,5.097322292719647%
46496,0,5.097212663454921%
46497,0,5.097103038905735%
46498,0,5.096993419071788%
46499,0,5.096883803952773%
46500,0,5.096774193548387%
46501,0,5.096664587858326%
46502,0,5.096554986882285%
46503,0,5.0964453906199605%
46504,0,5.096335799071048%
46505,0,5.096226212235243%
46506,0,5.096116630112244%
46507,0,5.096007052701744%
46508,0,5.0958974800034404%
46509,0,5.095787912017029%
46510,0,5.095678348742206%
46511,0,5.0955687901786675%
46512,0,5.09545923632611%
46513,0,5.095349687184228%
46514,0,5.095240142752719%
46515,0,5.09513060303128%
46516,0,5.095021068019606%
46517,0,5.094911537717393%
46518,0,5.0948020121243385%
46519,0,5.094692491240139%
46520,0,5.094582975064489%
46521,0,5.094473463597085%
46522,0,5.0943639568376256%
46523,0,5.094254454785805%
46524,0,5.09414495744132%
46525,0,5.094035464803869%
46526,0,5.093925976873146%
46527,0,5.093816493648849%
46528,0,5.093707015130674%
46529,0,5.093597541318317%
46530,0,5.093488072211477%
46531,0,5.093378607809847%
46532,0,5.0932691481131265%
46533,0,5.093159693121011%
46534,0,5.093050242833197%
46535,0,5.0929407972493825%
46536,0,5.092831356369262%
46537,0,5.092721920192535%
46538,0,5.092612488718896%
46539,0,5.092503061948044%
46540,0,5.092393639879673%
46541,0,5.0922842225134834%
46542,0,5.092174809849168%
46543,0,5.092065401886427%
46544,0,5.091955998624957%
46545,0,5.0918466000644536%
46546,0,5.0917372062046145%
46547,0,5.091627817045137%
46548,0,5.091518432585717%
46549,0,5.091409052826054%
46550,0,5.091299677765844%
46551,0,5.091190307404782%
46552,0,5.091080941742567%
46553,0,5.090971580778897%
46554,0,5.090862224513469%
46555,0,5.090752872945978%
46556,0,5.090643526076123%
46557,0,5.0905341839036025%
46558,0,5.090424846428111%
46559,0,5.090315513649348%
46560,0,5.09020618556701%
46561,0,5.090096862180795%
46562,0,5.0899875434904%
46563,0,5.089878229495523%
46564,0,5.089768920195859%
46565,0,5.089659615591109%
46566,0,5.089550315680969%
46567,0,5.089441020465136%
46568,0,5.089331729943309%
46569,0,5.089222444115184%
46570,0,5.08911316298046%
46571,0,5.0890038865388325%
46572,0,5.088894614790003%
46573,0,5.0887853477336655%
46574,0,5.088676085369519%
46575,0,5.088566827697263%
46576,0,5.088457574716592%
46577,0,5.088348326427206%
46578,0,5.088239082828803%
46579,0,5.088129843921081%
46580,1,5.090167453842851%
46581,0,5.090058178227174%
46582,0,5.08994890730325%
46583,0,5.089839641070777%
46584,0,5.089730379529453%
46585,0,5.089621122678974%
46586,0,5.08951187051904%
46587,0,5.089402623049349%
46588,0,5.089293380269598%
46589,0,5.089184142179485%
46590,0,5.089074908778708%
46591,0,5.088965680066965%
46592,0,5.088856456043956%
46593,0,5.088747236709377%
46594,0,5.088638022062927%
46595,0,5.088528812104303%
46596,0,5.088419606833205%
46597,0,5.088310406249329%
46598,0,5.088201210352375%
46599,0,5.088092019142041%
46600,0,5.087982832618025%
46601,0,5.087873650780026%
46602,0,5.087764473627741%
46603,0,5.087655301160869%
46604,0,5.087546133379109%
46605,0,5.087436970282159%
46606,0,5.0873278118697165%
46607,0,5.087218658141481%
46608,0,5.087109509097151%
46609,0,5.087000364736424%
46610,0,5.086891225059%
46611,0,5.086782090064577%
46612,0,5.086672959752853%
46613,0,5.086563834123528%
46614,0,5.086454713176299%
46615,0,5.086345596910865%
46616,0,5.086236485326926%
46617,0,5.08612737842418%
46618,0,5.086018276202325%
46619,0,5.085909178661061%
46620,0,5.085800085800086%
46621,0,5.085690997619099%
46622,0,5.085581914117798%
46623,0,5.085472835295883%
46624,0,5.085363761153054%
46625,0,5.085254691689008%
46626,0,5.0851456269034445%
46627,0,5.085036566796062%
46628,0,5.084927511366561%
46629,0,5.084818460614639%
46630,0,5.084709414539996%
46631,0,5.08460037314233%
46632,0,5.084491336421341%
46633,0,5.084382304376729%
46634,0,5.084273277008192%
46635,0,5.084164254315429%
46636,0,5.084055236298139%
46637,0,5.083946222956022%
46638,0,5.083837214288777%
46639,0,5.083728210296104%
46640,0,5.083619210977702%
46641,0,5.083510216333269%
46642,0,5.083401226362506%
46643,0,5.083292241065111%
46644,0,5.083183260440785%
46645,0,5.083074284489228%
46646,0,5.082965313210136%
46647,0,5.0828563466032115%
46648,0,5.082747384668153%
46649,0,5.08263842740466%
46650,0,5.082529474812433%
46651,0,5.082420526891171%
46652,0,5.082311583640572%
46653,0,5.082202645060339%
46654,0,5.082093711150169%
46655,0,5.081984781909763%
46656,0,5.0818758573388205%
46657,0,5.081766937437041%
46658,0,5.081658022204124%
46659,0,5.081549111639769%
46660,0,5.081440205743678%
46661,0,5.081331304515548%
46662,0,5.081222407955082%
46663,0,5.0811135160619765%
46664,0,5.081004628835934%
46665,0,5.080895746276653%
46666,0,5.080786868383834%
46667,0,5.080677995157178%
46668,0,5.080569126596383%
46669,0,5.080460262701151%
46670,0,5.08035140347118%
46671,0,5.080242548906173%
46672,0,5.080133699005828%
46673,0,5.080024853769846%
46674,0,5.079916013197926%
46675,0,5.07980717728977%
46676,0,5.079698346045077%
46677,0,5.079589519463547%
46678,0,5.079480697544882%
46679,0,5.079371880288781%
46680,0,5.079263067694945%
46681,0,5.079154259763072%
46682,0,5.079045456492866%
46683,0,5.078936657884026%
46684,0,5.078827863936252%
46685,0,5.0787190746492445%
46686,0,5.078610290022705%
46687,0,5.078501510056332%
46688,0,5.078392734749829%
46689,0,5.078283964102893%
46690,0,5.078175198115228%
46691,0,5.078066436786532%
46692,0,5.077957680116508%
46693,0,5.077848928104855%
46694,0,5.077740180751275%
46695,0,5.077631438055466%
46696,0,5.077522700017132%
46697,0,5.077413966635972%
46698,0,5.077305237911688%
46699,0,5.07719651384398%
46700,1,5.079229122055675%
46701,0,5.079120361448363%
46702,0,5.079011605498694%
46703,0,5.078902854206368%
46704,0,5.078794107571086%
46705,0,5.078685365592548%
46706,0,5.078576628270458%
46707,0,5.078467895604513%
46708,0,5.078359167594416%
46709,0,5.078250444239868%
46710,0,5.078141725540569%
46711,0,5.078033011496221%
46712,0,5.077924302106525%
46713,0,5.077815597371182%
46714,0,5.077706897289891%
46715,0,5.077598201862356%
46716,0,5.077489511088278%
46717,0,5.077380824967356%
46718,0,5.077272143499294%
46719,0,5.07716346668379%
46720,0,5.077054794520548%
46721,0,5.0769461270092675%
46722,0,5.076837464149651%
46723,0,5.0767288059414%
46724,0,5.076620152384214%
46725,0,5.0765115034777955%
46726,0,5.076402859221846%
46727,0,5.076294219616067%
46728,0,5.076185584660161%
46729,0,5.0760769543538276%
46730,0,5.075968328696769%
46731,0,5.075859707688686%
46732,0,5.075751091329282%
46733,0,5.075642479618256%
46734,0,5.0755338725553125%
46735,0,5.075425270140152%
46736,0,5.075316672372475%
46737,0,5.0752080792519845%
46738,0,5.075099490778381%
46739,0,5.074990906951368%
46740,0,5.074882327770646%
46741,0,5.074773753235917%
46742,0,5.074665183346882%
46743,0,5.074556618103245%
46744,0,5.074448057504707%
46745,0,5.074339501550968%
46746,0,5.074230950241732%
46747,0,5.0741224035767%
46748,0,5.074013861555574%
46749,0,5.073905324178058%
46750,0,5.073796791443851%
46751,0,5.073688263352656%
46752,0,5.073579739904175%
46753,0,5.073471221098112%
46754,0,5.073362706934166%
46755,0,5.073254197412042%
46756,0,5.0731456925314395%
46757,0,5.073037192292063%
46758,0,5.072928696693614%
46759,0,5.072820205735795%
46760,0,5.072711719418306%
46761,0,5.072603237740853%
46762,0,5.072494760703135%
46763,0,5.072386288304856%
46764,0,5.072277820545719%
46765,0,5.072169357425425%
46766,0,5.072060898943677%
46767,0,5.071952445100178%
46768,0,5.071843995894628%
46769,0,5.071735551326734%
46770,0,5.071627111396195%
46771,0,5.071518676102714%
46772,0,5.0714102454459935%
46773,0,5.071301819425737%
46774,0,5.071193398041647%
46775,0,5.071084981293426%
46776,0,5.070976569180777%
46777,0,5.070868161703402%
46778,0,5.070759758861003%
46779,0,5.070651360653285%
46780,0,5.070542967079949%
46781,0,5.070434578140698%
46782,0,5.070326193835236%
46783,0,5.070217814163264%
46784,0,5.070109439124487%
46785,0,5.070001068718606%
46786,0,5.069892702945325%
46787,0,5.069784341804348%
46788,0,5.069675985295375%
46789,0,5.069567633418111%
46790,0,5.069459286172259%
46791,0,5.069350943557522%
46792,1,5.071379723029578%
46793,0,5.071271344004445%
46794,0,5.071162969611489%
46795,1,5.07319158029704%
46796,1,5.075220104282417%
46797,1,5.077248541573177%
46798,1,5.079276892174879%
46799,0,5.079168358298254%
46800,1,5.081196581196582%
46801,0,5.081088010939937%
46802,0,5.08097944532285%
46803,0,5.08087088434502%
46804,0,5.080762328006153%
46805,0,5.08065377630595%
46806,0,5.080545229244114%
46807,0,5.080436686820347%
46808,0,5.080328149034353%
46809,0,5.0802196158858335%
46810,0,5.080111087374493%
46811,0,5.080002563500032%
46812,0,5.079894044262155%
46813,0,5.0797855296605645%
46814,0,5.079677019694963%
46815,0,5.079568514365054%
46816,0,5.07946001367054%
46817,0,5.079351517611124%
46818,0,5.079243026186509%
46819,0,5.0791345393963985%
46820,0,5.079026057240496%
46821,0,5.078917579718502%
46822,0,5.078809106830122%
46823,0,5.078700638575059%
46824,0,5.078592174953016%
46825,0,5.078483715963695%
46826,0,5.0783752616068%
46827,0,5.078266811882034%
46828,0,5.078158366789101%
46829,0,5.0780499263277035%
46830,0,5.077941490497544%
46831,0,5.077833059298328%
46832,0,5.077724632729757%
46833,0,5.077616210791536%
46834,0,5.077507793483367%
46835,0,5.077399380804954%
46836,0,5.077290972756%
46837,0,5.077182569336208%
46838,0,5.077074170545283%
46839,0,5.076965776382929%
46840,0,5.076857386848848%
46841,0,5.076749001942742%
46842,0,5.0766406216643185%
46843,0,5.0765322460132785%
46844,0,5.0764238749893265%
46845,0,5.076315508592166%
46846,0,5.0762071468215%
46847,0,5.076098789677034%
46848,0,5.07599043715847%
46849,0,5.075882089265512%
46850,0,5.075773745997866%
46851,0,5.075665407355232%
46852,0,5.075557073337317%
46853,0,5.0754487439438245%
46854,0,5.075340419174457%
46855,0,5.075232099028919%
46856,0,5.075123783506915%
46857,0,5.075015472608149%
46858,0,5.074907166332323%
46859,0,5.074798864679144%
46860,0,5.0746905676483145%
46861,0,5.074582275239538%
46862,0,5.07447398745252%
46863,0,5.074365704286964%
46864,0,5.074257425742575%
46865,0,5.0741491518190545%
46866,0,5.07404088251611%
46867,0,5.073932617833444%
46868,0,5.073824357770761%
46869,0,5.073716102327765%
46870,0,5.0736078515041605%
46871,0,5.073499605299652%
46872,0,5.073391363713944%
46873,0,5.073283126746741%
46874,0,5.073174894397747%
46875,0,5.073066666666667%
46876,0,5.072958443553204%
46877,0,5.072850225057064%
46878,0,5.072742011177951%
46879,0,5.07263380191557%
46880,0,5.072525597269625%
46881,0,5.07241739723982%
46882,0,5.072309201825861%
46883,0,5.072201011027452%
46884,0,5.0720928248442965%
46885,0,5.071984643276101%
46886,0,5.0718764663225695%
46887,0,5.071768293983407%
46888,0,5.071660126258318%
46889,0,5.071551963147006%
46890,0,5.071443804649179%
46891,0,5.0713356507645395%
46892,0,5.0712275014927926%
46893,0,5.071119356833643%
46894,0,5.071011216786796%
46895,0,5.070903081351957%
46896,0,5.07079495052883%
46897,0,5.070686824317121%
46898,0,5.070578702716533%
46899,0,5.070470585726775%
46900,0,5.070362473347548%
46901,0,5.070254365578559%
46902,0,5.070146262419513%
46903,0,5.070038163870115%
46904,0,5.06993006993007%
46905,0,5.069821980599083%
46906,0,5.06971389587686%
46907,0,5.069605815763105%
46908,0,5.069497740257526%
46909,0,5.069389669359825%
46910,0,5.069281603069708%
46911,0,5.069173541386881%
46912,0,5.069065484311051%
46913,0,5.068957431841921%
46914,0,5.068849383979196%
46915,0,5.068741340722584%
46916,0,5.068633302071788%
46917,0,5.068525268026515%
46918,1,5.070548616735581%
46919,0,5.0704405464737095%
46920,0,5.070332480818415%
46921,0,5.070224419769399%
46922,0,5.070116363326371%
46923,0,5.070008311489035%
46924,0,5.069900264257097%
46925,0,5.06979222163026%
46926,0,5.069684183608234%
46927,0,5.069576150190722%
46928,0,5.0694681213774295%
46929,0,5.069360097168063%
46930,0,5.069252077562327%
46931,0,5.069144062559928%
46932,0,5.069036052160572%
46933,0,5.068928046363966%
46934,0,5.068820045169812%
46935,0,5.0687120485778205%
46936,0,5.068604056587693%
46937,0,5.068496069199139%
46938,0,5.068388086411862%
46939,0,5.0682801082255695%
46940,0,5.0681721346399655%
46941,0,5.068064165654758%
46942,0,5.067956201269652%
46943,0,5.067848241484353%
46944,0,5.0677402862985685%
46945,0,5.067632335712004%
46946,0,5.0675243897243645%
46947,0,5.067416448335357%
46948,0,5.067308511544687%
46949,0,5.067200579352063%
46950,0,5.067092651757188%
46951,0,5.0669847287597705%
46952,0,5.066876810359516%
46953,0,5.06676889655613%
46954,0,5.06666098734932%
46955,0,5.066553082738793%
46956,0,5.0664451827242525%
46957,0,5.066337287305407%
46958,0,5.066229396481963%
46959,0,5.066121510253625%
46960,0,5.0660136286201025%
46961,0,5.0659057515810995%
46962,0,5.065797879136323%
46963,0,5.06569001128548%
46964,0,5.065582148028277%
46965,0,5.0654742893644205%
46966,0,5.065366435293617%
46967,0,5.065258585815573%
46968,0,5.065150740929995%
46969,0,5.065042900636589%
46970,0,5.0649350649350655%
46971,0,5.064827233825127%
46972,0,5.06471940730648%
46973,0,5.0646115853788345%
46974,0,5.064503768041895%
46975,0,5.06439595529537%
46976,0,5.0642881471389645%
46977,0,5.064180343572387%
46978,0,5.0640725445953425%
46979,0,5.06396475020754%
46980,0,5.0638569604086845%
46981,0,5.063749175198485%
46982,0,5.0636413945766465%
46983,0,5.063533618542877%
46984,0,5.063425847096884%
46985,0,5.063318080238374%
46986,0,5.063210317967054%
46987,0,5.063102560282632%
46988,0,5.062994807184813%
46989,0,5.062887058673306%
46990,0,5.062779314747819%
46991,0,5.062671575408057%
46992,0,5.062563840653729%
46993,0,5.06245611048454%
46994,0,5.0623483849002%
46995,0,5.062240663900415%
46996,0,5.062132947484892%
46997,0,5.06202523565334%
46998,0,5.0619175284054645%
46999,0,5.061809825740974%
47000,0,5.061702127659575%
47001,0,5.061594434160975%
47002,0,5.061486745244883%
47003,0,5.061379060911006%
47004,0,5.06127138115905%
47005,0,5.061163705988725%
47006,0,5.061056035399736%
47007,0,5.0609483693917925%
47008,0,5.060840707964602%
47009,0,5.060733051117871%
47010,0,5.060625398851308%
47011,0,5.060517751164621%
47012,0,5.060410108057517%
47013,0,5.060302469529705%
47014,0,5.060194835580891%
47015,0,5.060087206210784%
47016,0,5.059979581419091%
47017,0,5.059871961205522%
47018,0,5.059764345569782%
47019,0,5.059656734511581%
47020,0,5.059549128030625%
47021,0,5.059441526126625%
47022,0,5.059333928799285%
47023,0,5.059226336048317%
47024,0,5.059118747873426%
47025,0,5.059011164274322%
47026,0,5.058903585250713%
47027,0,5.058796010802305%
47028,0,5.058688440928808%
47029,0,5.05858087562993%
47030,0,5.058473314905379%
47031,0,5.058365758754864%
47032,0,5.058258207178092%
47033,0,5.058150660174771%
47034,0,5.05804311774461%
47035,1,5.060061656213458%
47036,1,5.062080108852793%
47037,1,5.064098475668091%
47038,1,5.066116756664824%
47039,1,5.0681349518484655%
47040,1,5.07015306122449%
47041,0,5.070045279649667%
47042,0,5.0699375026572%
47043,0,5.069829730246796%
47044,0,5.0697219624181615%
47045,0,5.069614199171006%
47046,0,5.069506440505037%
47047,0,5.069398686419963%
47048,0,5.069290936915491%
47049,0,5.069183191991328%
47050,0,5.069075451647183%
47051,0,5.068967715882765%
47052,0,5.068859984697782%
47053,0,5.068752258091939%
47054,0,5.068644536064946%
47055,0,5.068536818616512%
47056,0,5.068429105746345%
47057,0,5.0683213974541514%
47058,1,5.070338730927791%
47059,0,5.0702309866338%
47060,0,5.070123246918827%
47061,1,5.072140413505875%
47062,0,5.072032637796949%
47063,1,5.074049678091069%
47064,1,5.076066632670406%
47065,1,5.078083501540423%
47066,1,5.080100284706583%
47067,1,5.082116982174347%
47068,1,5.08413359394918%
47069,0,5.08402557946844%
47070,0,5.083917569577225%
47071,0,5.083809564275244%
47072,0,5.083701563562203%
47073,0,5.083593567437809%
47074,0,5.083485575901771%
47075,0,5.083377588953796%
47076,0,5.083269606593594%
47077,0,5.083161628820868%
47078,0,5.083053655635329%
47079,0,5.082945687036683%
47080,0,5.082837723024639%
47081,0,5.082729763598904%
47082,0,5.082621808759186%
47083,0,5.082513858505193%
47084,0,5.082405912836633%
47085,0,5.082297971753212%
47086,0,5.082190035254641%
47087,0,5.082082103340625%
47088,0,5.081974176010873%
47089,0,5.081866253265094%
47090,0,5.081758335102994%
47091,0,5.081650421524283%
47092,0,5.081542512528667%
47093,0,5.081434608115855%
47094,0,5.081326708285556%
47095,0,5.081218813037477%
47096,0,5.081110922371327%
47097,0,5.081003036286813%
47098,0,5.080895154783643%
47099,0,5.080787277861526%
47100,0,5.08067940552017%
47101,0,5.080571537759283%
47102,0,5.080463674578574%
47103,0,5.080355815977751%
47104,0,5.0802479619565215%
47105,0,5.080140112514595%
47106,0,5.080032267651679%
47107,0,5.079924427367483%
47108,0,5.0798165916617135%
47109,0,5.07970876053408%
47110,0,5.079600933984292%
47111,0,5.079493112012057%
47112,0,5.079385294617083%
47113,0,5.079277481799078%
47114,0,5.079169673557753%
47115,0,5.079061869892816%
47116,0,5.078954070803973%
47117,0,5.078846276290935%
47118,0,5.07873848635341%
47119,0,5.078630700991107%
47120,0,5.078522920203735%
47121,0,5.078415143991002%
47122,0,5.078307372352617%
47123,0,5.0781996052882885%
47124,0,5.0780918427977255%
47125,0,5.077984084880637%
47126,0,5.077876331536731%
47127,0,5.077768582765718%
47128,0,5.077660838567306%
47129,0,5.077553098941204%
47130,0,5.077445363887121%
47131,0,5.077337633404765%
47132,0,5.077229907493847%
47133,0,5.0771221861540745%
47134,0,5.077014469385157%
47135,0,5.076906757186804%
47136,0,5.076799049558724%
47137,0,5.076691346500626%
47138,0,5.076583648012219%
47139,0,5.076475954093214%
47140,0,5.076368264743318%
47141,0,5.076260579962241%
47142,0,5.076152899749693%
47143,0,5.076045224105381%
47144,1,5.0780587137281525%
47145,0,5.077951002227171%
47146,0,5.077843295295465%
47147,0,5.077735592932743%
47148,0,5.077627895138712%
47149,0,5.077520201913084%
47150,0,5.077412513255567%
47151,0,5.077304829165871%
47152,0,5.077197149643705%
47153,0,5.077089474688779%
47154,0,5.076981804300802%
47155,0,5.076874138479483%
47156,0,5.076766477224531%
47157,0,5.076658820535657%
47158,0,5.07655116841257%
47159,0,5.07644352085498%
47160,0,5.076335877862595%
47161,0,5.076228239435126%
47162,0,5.0761206055722825%
47163,0,5.076012976273774%
47164,0,5.075905351539309%
47165,0,5.0757977313686%
47166,0,5.075690115761353%
47167,0,5.075582504717281%
47168,0,5.075474898236092%
47169,0,5.075367296317497%
47170,0,5.075259698961204%
47171,0,5.075152106166925%
47172,0,5.0750445179343675%
47173,0,5.074936934263244%
47174,0,5.074829355153263%
47175,0,5.074721780604134%
47176,0,5.074614210615567%
47177,0,5.074506645187273%
47178,0,5.074399084318962%
47179,0,5.0742915280103436%
47180,0,5.074183976261128%
47181,0,5.074076429071024%
47182,0,5.073968886439744%
47183,0,5.0738613483669965%
47184,0,5.073753814852493%
47185,0,5.073646285895942%
47186,0,5.073538761497054%
47187,0,5.07343124165554%
47188,0,5.073323726371112%
47189,0,5.073216215643477%
47190,0,5.073108709472346%
47191,0,5.0730012078574305%
47192,0,5.07289371079844%
47193,0,5.072786218295086%
47194,0,5.072678730347078%
47195,0,5.072571246954126%
47196,0,5.072463768115942%
47197,0,5.072356293832235%
47198,0,5.072248824102716%
47199,0,5.072141358927096%
47200,0,5.072033898305085%
47201,0,5.071926442236394%
47202,0,5.071818990720732%
47203,0,5.071711543757812%
47204,0,5.071604101347344%
47205,0,5.071496663489037%
47206,0,5.071389230182604%
47207,0,5.071281801427754%
47208,0,5.0711743772241995%
47209,0,5.07106695757165%
47210,0,5.070959542469815%
47211,0,5.070852131918409%
47212,0,5.070744725917139%
47213,0,5.070637324465719%
47214,0,5.070529927563858%
47215,0,5.070422535211268%
47216,0,5.070315147407658%
47217,0,5.070207764152741%
47218,0,5.070100385446228%
47219,0,5.069993011287829%
47220,0,5.0698856416772555%
47221,0,5.069778276614218%
47222,0,5.069670916098429%
47223,0,5.069563560129598%
47224,0,5.069456208707437%
47225,0,5.0693488618316564%
47226,0,5.069241519501969%
47227,0,5.069134181718085%
47228,0,5.069026848479716%
47229,0,5.068919519786571%
47230,0,5.068812195638365%
47231,0,5.068704876034808%
47232,0,5.06859756097561%
47233,1,5.070607414307793%
47234,0,5.07050006351357%
47235,1,5.072509791468191%
47236,1,5.074519434329749%
47237,1,5.076528992103648%
47238,1,5.078538464795292%
47239,1,5.080547852410085%
47240,1,5.082557154953429%
47241,0,5.082449567113312%
47242,1,5.084458744337666%
47243,0,5.0843511208009655%
47244,1,5.086360172720346%
47245,1,5.088369139591491%
47246,1,5.090378021419803%
47247,1,5.09238681821068%
47248,0,5.09227903826617%
47249,0,5.092171262883871%
47250,0,5.092063492063492%
47251,0,5.091955725804745%
47252,0,5.091847964107339%
47253,0,5.091740206970986%
47254,0,5.091632454395395%
47255,0,5.0915247063802775%
47256,0,5.091416962925343%
47257,0,5.091309224030302%
47258,0,5.091201489694867%
47259,0,5.091093759918746%
47260,0,5.0909860347016505%
47261,0,5.090878314043292%
47262,0,5.090770597943379%
47263,0,5.090662886401625%
47264,0,5.090555179417739%
47265,0,5.090447476991431%
47266,0,5.090339779122414%
47267,0,5.090232085810396%
47268,0,5.0901243970550905%
47269,0,5.090016712856206%
47270,0,5.089909033213455%
47271,0,5.0898013581265475%
47272,0,5.089693687595194%
47273,0,5.089586021619106%
47274,0,5.089478360197995%
47275,0,5.0893707033315705%
47276,0,5.089263051019545%
47277,0,5.089155403261628%
47278,0,5.089047760057532%
47279,0,5.088940121406967%
47280,0,5.088832487309645%
47281,0,5.088724857765276%
47282,0,5.088617232773571%
47283,0,5.088509612334242%
47284,0,5.0884019964470015%
47285,0,5.088294385111557%
47286,0,5.088186778327623%
47287,0,5.08807917609491%
47288,0,5.087971578413128%
47289,0,5.08786398528199%
47290,0,5.087756396701206%
47291,0,5.087648812670487%
47292,0,5.087541233189546%
47293,0,5.087433658258093%
47294,0,5.08732608787584%
47295,0,5.087218522042499%
47296,0,5.087110960757781%
47297,0,5.087003404021397%
47298,0,5.0868958518330585%
47299,0,5.086788304192478%
47300,0,5.086680761099366%
47301,0,5.086573222553435%
47302,0,5.086465688554395%
47303,0,5.08635815910196%
47304,0,5.08625063419584%
47305,0,5.086143113835747%
47306,0,5.086035598021392%
47307,0,5.085928086752489%
47308,0,5.085820580028748%
47309,0,5.0857130778498805%
47310,0,5.085605580215599%
47311,0,5.0854980871256155%
47312,0,5.085390598579641%
47313,0,5.085283114577389%
47314,0,5.08517563511857%
47315,0,5.085068160202896%
47316,0,5.084960689830079%
47317,0,5.084853223999831%
47318,0,5.084745762711865%
47319,0,5.084638305965891%
47320,0,5.084530853761623%
47321,0,5.0844234060987725%
47322,0,5.08431596297705%
47323,0,5.08420852439617%
47324,0,5.084101090355845%
47325,0,5.083993660855785%
47326,0,5.083886235895703%
47327,0,5.08377881547531%
47328,0,5.08367139959432%
47329,0,5.083563988252446%
47330,0,5.083456581449398%
47331,0,5.083349179184889%
47332,0,5.083241781458633%
47333,0,5.08313438827034%
47334,0,5.083026999619724%
47335,0,5.082919615506496%
47336,0,5.08281223593037%
47337,0,5.082704860891058%
47338,0,5.082597490388271%
47339,0,5.082490124421724%
47340,0,5.082382762991128%
47341,0,5.082275406096196%
47342,0,5.082168053736639%
47343,0,5.082060705912173%
47344,0,5.0819533626225075%
47345,0,5.081846023867357%
47346,0,5.081738689646433%
47347,0,5.081631359959448%
47348,0,5.081524034806116%
47349,0,5.081416714186149%
47350,0,5.081309398099261%
47351,0,5.081202086545162%
47352,0,5.081094779523569%
47353,0,5.08098747703419%
47354,0,5.0808801790767415%
47355,0,5.080772885650934%
47356,0,5.080665596756482%
47357,0,5.080558312393099%
47358,0,5.080451032560497%
47359,0,5.0803437572583885%
47360,0,5.080236486486486%
47361,0,5.080129220244505%
47362,0,5.080021958532156%
47363,0,5.079914701349154%
47364,0,5.079807448695211%
47365,0,5.079700200570041%
47366,0,5.079592956973356%
47367,0,5.079485717904871%
47368,0,5.079378483364297%
47369,0,5.079271253351348%
47370,0,5.079164027865738%
47371,0,5.07905680690718%
47372,0,5.0789495904753865%
47373,0,5.078842378570072%
47374,0,5.0787351711909485%
47375,0,5.078627968337731%
47376,0,5.078520770010131%
47377,0,5.078413576207865%
47378,0,5.078306386930643%
47379,0,5.0781992021781805%
47380,0,5.07809202195019%
47381,0,5.077984846246386%
47382,0,5.077877675066481%
47383,1,5.079880969968132%
47384,1,5.08188418031403%
47385,1,5.083887306109528%
47386,1,5.08589034735998%
47387,1,5.087893304070737%
47388,0,5.08778593736811%
47389,0,5.087678575196776%
47390,0,5.087571217556446%
47391,0,5.087463864446836%
47392,0,5.087356515867657%
47393,0,5.087249171818623%
47394,0,5.087141832299447%
47395,0,5.087034497309842%
47396,0,5.086927166849523%
47397,0,5.086819840918202%
47398,0,5.086712519515591%
47399,0,5.086605202641406%
47400,0,5.086497890295359%
47401,1,5.088500242610915%
47402,0,5.0883928948145645%
47403,0,5.08828555154737%
47404,1,5.090287739431272%
47405,1,5.092289842843582%
47406,1,5.094291861789647%
47407,1,5.096293796274812%
47408,0,5.096186297671279%
47409,1,5.098188107743256%
47410,0,5.098080573718625%
47411,0,5.097973044230242%
47412,0,5.09786551927782%
47413,0,5.097757998861072%
47414,0,5.09765048297971%
47415,0,5.097542971633449%
47416,0,5.097435464822001%
47417,0,5.097327962545078%
47418,0,5.097220464802396%
47419,0,5.097112971593665%
47420,0,5.0970054829186%
47421,0,5.096897998776914%
47422,0,5.0967905191683185%
47423,0,5.096683044092528%
47424,0,5.0965755735492575%
47425,0,5.096468107538218%
47426,0,5.096360646059124%
47427,0,5.096253189111687%
47428,0,5.0961457366956235%
47429,0,5.096038288810643%
47430,0,5.095930845456462%
47431,0,5.0958234066327925%
47432,0,5.09571597233935%
47433,0,5.095608542575844%
47434,0,5.095501117341991%
47435,0,5.095393696637504%
47436,0,5.095286280462096%
47437,0,5.0951788688154815%
47438,0,5.095071461697374%
47439,0,5.094964059107485%
47440,0,5.094856661045531%
47441,0,5.094749267511225%
47442,0,5.094641878504278%
47443,0,5.094534494024408%
47444,0,5.094427114071326%
47445,0,5.094319738644747%
47446,0,5.094212367744383%
47447,0,5.094105001369949%
47448,0,5.0939976395211595%
47449,0,5.093890282197728%
47450,0,5.093782929399368%
47451,0,5.093675581125793%
47452,0,5.093568237376718%
47453,0,5.093460898151855%
47454,0,5.093353563450921%
47455,0,5.093246233273628%
47456,0,5.093138907619689%
47457,0,5.093031586488821%
47458,0,5.092924269880736%
47459,0,5.09281695779515%
47460,0,5.092709650231774%
47461,0,5.092602347190325%
47462,0,5.092495048670515%
47463,0,5.09238775467206%
47464,0,5.0922804651946745%
47465,0,5.0921731802380705%
47466,0,5.0920658998019634%
47467,0,5.091958623886068%
47468,0,5.091851352490099%
47469,0,5.091744085613769%
47470,0,5.091636823256794%
47471,0,5.091529565418887%
47472,0,5.091422312099764%
47473,0,5.091315063299138%
47474,0,5.091207819016725%
47475,0,5.091100579252238%
47476,0,5.090993344005392%
47477,0,5.090886113275902%
47478,0,5.0907788870634825%
47479,0,5.090671665367847%
47480,0,5.090564448188712%
47481,0,5.09045723552579%
47482,0,5.090350027378796%
47483,0,5.090242823747446%
47484,0,5.090135624631455%
47485,0,5.090028430030536%
47486,0,5.089921239944404%
47487,0,5.089814054372776%
47488,1,5.091812668463612%
47489,0,5.091705447577334%
47490,0,5.09159823120657%
47491,0,5.091491019351035%
47492,0,5.091383812010443%
47493,0,5.091276609184511%
47494,0,5.091169410872952%
47495,0,5.091062217075482%
47496,0,5.090955027791813%
47497,0,5.090847843021665%
47498,0,5.090740662764748%
47499,0,5.09063348702078%
47500,0,5.090526315789474%
47501,0,5.090419149070546%
47502,0,5.0903119868637114%
47503,0,5.090204829168684%
47504,0,5.09009767598518%
47505,0,5.0899905273129145%
47506,0,5.089883383151602%
47507,0,5.089776243500958%
47508,0,5.089669108360697%
47509,0,5.089561977730535%
47510,0,5.089454851610188%
47511,0,5.089347729999369%
47512,0,5.089240612897794%
47513,0,5.08913350030518%
47514,0,5.08902639222124%
47515,0,5.088919288645691%
47516,0,5.088812189578247%
47517,0,5.088705095018625%
47518,0,5.0885980049665385%
47519,0,5.088490919421705%
47520,0,5.088383838383838%
47521,0,5.088276761852654%
47522,0,5.088169689827869%
47523,0,5.088062622309197%
47524,0,5.087955559296355%
47525,0,5.087848500789058%
47526,0,5.087741446787022%
47527,0,5.087634397289961%
47528,0,5.0875273522975935%
47529,0,5.087420311809632%
47530,0,5.087313275825794%
47531,1,5.089310134438577%
47532,1,5.091306909029706%
47533,0,5.091199798035049%
47534,0,5.091092691547104%
47535,0,5.090985589565583%
47536,0,5.090878492090205%
47537,0,5.090771399120684%
47538,0,5.090664310656737%
47539,0,5.090557226698079%
47540,0,5.090450147244425%
47541,0,5.090343072295492%
47542,0,5.090236001850995%
47543,0,5.090128935910649%
47544,0,5.090021874474171%
47545,0,5.089914817541277%
47546,0,5.089807765111681%
47547,0,5.089700717185101%
47548,0,5.089593673761252%
47549,0,5.089486634839849%
47550,0,5.08937960042061%
47551,0,5.089272570503249%
47552,0,5.089165545087483%
47553,0,5.089058524173027%
47554,0,5.0889515077595995%
47555,0,5.088844495846915%
47556,0,5.088737488434687%
47557,0,5.0886304855226365%
47558,0,5.088523487110476%
47559,0,5.088416493197922%
47560,0,5.088309503784693%
47561,0,5.088202518870503%
47562,0,5.088095538455069%
47563,0,5.087988562538107%
47564,0,5.087881591119333%
47565,0,5.087774624198466%
47566,0,5.0876676617752175%
47567,0,5.087560703849308%
47568,0,5.087453750420451%
47569,0,5.087346801488364%
47570,0,5.087239857052764%
47571,0,5.087132917113368%
47572,0,5.08702598166989%
47573,0,5.086919050722048%
47574,0,5.086812124269559%
47575,0,5.086705202312139%
47576,0,5.086598284849504%
47577,0,5.086491371881372%
47578,0,5.086384463407457%
47579,0,5.0862775594274785%
47580,0,5.086170659941152%
47581,0,5.086063764948193%
47582,0,5.08595687444832%
47583,0,5.08584998844125%
47584,0,5.0857431069266985%
47585,0,5.085636229904382%
47586,0,5.085529357374018%
47587,0,5.085422489335323%
47588,0,5.085315625788014%
47589,0,5.085208766731808%
47590,0,5.085101912166421%
47591,0,5.084995062091572%
47592,0,5.084888216506976%
47593,0,5.0847813754123505%
47594,0,5.084674538807413%
47595,0,5.08456770669188%
47596,0,5.084460879065468%
47597,0,5.084354055927895%
47598,0,5.084247237278877%
47599,0,5.084140423118133%
47600,0,5.084033613445378%
47601,0,5.083926808260331%
47602,0,5.083820007562707%
47603,0,5.083713211352226%
47604,0,5.083606419628603%
47605,0,5.083499632391556%
47606,0,5.083392849640801%
47607,0,5.083286071376058%
47608,0,5.0831792975970425%
47609,0,5.083072528303472%
47610,0,5.082965763495064%
47611,0,5.082859003171536%
47612,0,5.082752247332605%
47613,0,5.08264549597799%
47614,0,5.082538749107406%
47615,0,5.0824320067205715%
47616,0,5.082325268817205%
47617,0,5.082218535397022%
47618,0,5.082111806459742%
47619,0,5.0820050820050815%
47620,0,5.081898362032759%
47621,0,5.0817916465424915%
47622,0,5.081684935533997%
47623,0,5.081578229006992%
47624,0,5.081471526961196%
47625,0,5.081364829396326%
47626,0,5.0812581363120986%
47627,0,5.0811514477082325%
47628,0,5.081044763584446%
47629,0,5.080938083940457%
47630,0,5.080831408775981%
47631,0,5.080724738090739%
47632,0,5.080618071884448%
47633,0,5.080511410156824%
47634,0,5.0804047529075875%
47635,0,5.080298100136455%
47636,0,5.080191451843144%
47637,0,5.080084808027373%
47638,0,5.079978168688862%
47639,0,5.079871533827326%
47640,0,5.079764903442485%
47641,0,5.079658277534057%
47642,0,5.079551656101759%
47643,0,5.07944503914531%
47644,0,5.079338426664428%
47645,0,5.079231818658831%
47646,0,5.079125215128237%
47647,0,5.079018616072366%
47648,0,5.078912021490933%
47649,0,5.0788054313836595%
47650,0,5.078698845750262%
47651,0,5.07859226459046%
47652,0,5.078485687903971%
47653,0,5.078379115690513%
47654,1,5.0803710076803625%
47655,0,5.080264400377715%
47656,1,5.082256169212691%
47657,1,5.084247854459996%
47658,1,5.08623945612489%
47659,1,5.088230974212635%
47660,1,5.0902224087284935%
47661,1,5.0922137596777235%
47662,1,5.094205027065587%
47663,1,5.096196210897342%
47664,1,5.098187311178248%
47665,1,5.1001783279135635%
47666,0,5.100071329668946%
47667,0,5.099964335913735%
47668,0,5.099857346647646%
47669,0,5.099750361870398%
47670,0,5.099643381581707%
47671,0,5.099536405781293%
47672,0,5.09942943446887%
47673,0,5.09932246764416%
47674,0,5.099215505306876%
47675,0,5.099108547456739%
47676,0,5.0990015940934645%
47677,0,5.098894645216771%
47678,1,5.10088510424095%
47679,1,5.102875479770969%
47680,0,5.1027684563758395%
47681,0,5.102661437469852%
47682,1,5.104651650518015%
47683,1,5.10664178008934%
47684,1,5.108631826189078%
47685,0,5.108524693299779%
47686,1,5.110514616449272%
47687,0,5.110407448570889%
47688,0,5.11030028518705%
47689,0,5.110193126297469%
47690,0,5.110085971901866%
47691,0,5.109978821999958%
47692,0,5.109871676591462%
47693,0,5.109764535676095%
47694,0,5.1096573992535745%
47695,0,5.109550267323619%
47696,0,5.109443139885944%
47697,0,5.109336016940269%
47698,0,5.10922889848631%
47699,0,5.109121784523785%
47700,0,5.1090146750524115%
47701,0,5.108907570071906%
47702,0,5.108800469581988%
47703,0,5.1086933735823745%
47704,0,5.108586282072782%
47705,0,5.108479195052929%
47706,0,5.108372112522534%
47707,0,5.108265034481313%
47708,0,5.108157960928985%
47709,0,5.1080508918652665%
47710,0,5.107943827289876%
47711,0,5.1078367672025315%
47712,0,5.107729711602952%
47713,0,5.1076226604908515%
47714,0,5.107515613865951%
47715,0,5.107408571727968%
47716,0,5.10730153407662%
47717,0,5.107194500911625%
47718,0,5.107087472232701%
47719,0,5.106980448039565%
47720,1,5.108968985750209%
47721,1,5.110957440120702%
47722,1,5.112945811156281%
47723,1,5.114934098862184%
47724,1,5.116922303243651%
47725,1,5.118910424305919%
47726,1,5.120898462054226%
47727,1,5.122886416493809%
47728,1,5.124874287629902%
47729,1,5.126862075467745%
47730,0,5.126754661638382%
47731,0,5.126647252309819%
47732,1,5.12863487806922%
47733,0,5.128527433850795%
47734,0,5.128419994134161%
47735,0,5.128312558919032%
47736,0,5.128205128205128%
47737,0,5.128097701992165%
47738,0,5.127990280279861%
47739,0,5.127882863067932%
47740,0,5.127775450356096%
47741,0,5.1276680421440695%
47742,0,5.12756063843157%
47743,0,5.1274532392183145%
47744,0,5.127345844504021%
47745,0,5.127238454288407%
47746,0,5.127131068571189%
47747,0,5.127023687352085%
47748,0,5.126916310630811%
47749,0,5.126808938407087%
47750,0,5.126701570680628%
47751,0,5.126594207451153%
47752,0,5.126486848718378%
47753,0,5.1263794944820225%
47754,0,5.126272144741802%
47755,0,5.126164799497435%
47756,0,5.1260574587486385%
47757,0,5.125950122495131%
47758,0,5.12584279073663%
47759,0,5.125735463472854%
47760,0,5.125628140703518%
47761,0,5.12552082242834%
47762,0,5.125413508647041%
47763,0,5.125306199359337%
47764,0,5.125198894564945%
47765,0,5.125091594263583%
47766,0,5.124984298454968%
47767,0,5.12487700713882%
47768,0,5.124769720314855%
47769,0,5.124662437982792%
47770,0,5.124555160142349%
47771,0,5.124447886793243%
47772,0,5.124340617935192%
47773,0,5.124233353567915%
47774,0,5.124126093691129%
47775,0,5.124018838304552%
47776,0,5.123911587407903%
47777,0,5.1238043410009%
47778,0,5.123697099083261%
47779,0,5.123589861654701%
47780,0,5.123482628714943%
47781,0,5.123375400263703%
47782,0,5.1232681763007%
47783,0,5.123160956825649%
47784,0,5.123053741838272%
47785,0,5.122946531338286%
47786,0,5.122839325325409%
47787,0,5.122732123799359%
47788,0,5.1226249267598565%
47789,0,5.122517734206617%
47790,0,5.12241054613936%
47791,0,5.122303362557804%
47792,0,5.122196183461667%
47793,0,5.1220890088506685%
47794,0,5.121981838724526%
47795,0,5.121874673082958%
47796,0,5.121767511925684%
47797,0,5.121660355252422%
47798,0,5.12155320306289%
47799,0,5.121446055356807%
47800,0,5.121338912133891%
47801,0,5.121231773393862%
47802,0,5.121124639136438%
47803,0,5.121017509361337%
47804,0,5.120910384068279%
47805,0,5.120803263256982%
47806,0,5.1206961469271635%
47807,0,5.120589035078545%
47808,0,5.120481927710843%
47809,0,5.120374824823778%
47810,0,5.120267726417067%
47811,0,5.120160632490431%
47812,0,5.120053543043587%
47813,0,5.119946458076256%
47814,0,5.119839377588154%
47815,0,5.119732301579003%
47816,0,5.119625230048519%
47817,0,5.119518162996424%
47818,0,5.119411100422435%
47819,0,5.119304042326272%
47820,0,5.119196988707653%
47821,0,5.119089939566299%
47822,0,5.118982894901928%
47823,0,5.1188758547142585%
47824,0,5.118768819003011%
47825,0,5.118661787767904%
47826,0,5.118554761008657%
47827,0,5.118447738724988%
47828,0,5.118340720916618%
47829,0,5.118233707583266%
47830,0,5.11812669872465%
47831,0,5.11801969434049%
47832,0,5.117912694430507%
47833,0,5.1178056989944185%
47834,0,5.117698708031944%
47835,0,5.117591721542803%
47836,0,5.1174847395267165%
47837,0,5.117377761983402%
47838,0,5.11727078891258%
47839,0,5.11716382031397%
47840,0,5.117056856187291%
47841,0,5.116949896532263%
47842,0,5.116842941348606%
47843,0,5.116735990636038%
47844,0,5.116629044394282%
47845,0,5.116522102623054%
47846,0,5.116415165322075%
47847,0,5.116308232491066%
47848,0,5.116201304129745%
47849,0,5.116094380237832%
47850,0,5.115987460815047%
47851,0,5.11588054586111%
47852,0,5.115773635375742%
47853,0,5.115666729358661%
47854,0,5.115559827809587%
47855,0,5.1154529307282415%
47856,0,5.1153460381143425%
47857,0,5.1152391499676115%
47858,0,5.115132266287768%
47859,0,5.115025387074532%
47860,0,5.114918512327622%
47861,0,5.11481164204676%
47862,0,5.114704776231666%
47863,0,5.114597914882059%
47864,0,5.11449105799766%
47865,0,5.1143842055781885%
47866,0,5.114277357623365%
47867,0,5.11417051413291%
47868,0,5.114063675106543%
47869,0,5.113956840543985%
47870,0,5.113850010444955%
47871,0,5.113743184809175%
47872,0,5.113636363636364%
47873,0,5.113529546926243%
47874,0,5.113422734678531%
47875,0,5.11331592689295%
47876,0,5.113209123569221%
47877,0,5.113102324707062%
47878,0,5.112995530306195%
47879,0,5.11288874036634%
47880,0,5.112781954887218%
47881,0,5.112675173868549%
47882,0,5.112568397310054%
47883,0,5.112461625211453%
47884,0,5.112354857572467%
47885,0,5.112248094392816%
47886,0,5.112141335672222%
47887,0,5.112034581410404%
47888,0,5.111927831607083%
47889,0,5.111821086261981%
47890,0,5.111714345374818%
47891,0,5.111607608945314%
47892,0,5.1115008769731896%
47893,0,5.111394149458167%
47894,0,5.111287426399967%
47895,0,5.111180707798309%
47896,0,5.111073993652915%
47897,0,5.110967283963505%
47898,0,5.110860578729801%
47899,0,5.110753877951523%
47900,0,5.1106471816283925%
47901,0,5.1105404897601305%
47902,0,5.110433802346457%
47903,0,5.110327119387095%
47904,0,5.110220440881764%
47905,0,5.110113766830185%
47906,0,5.11000709723208%
47907,0,5.109900432087168%
47908,0,5.109793771395174%
47909,0,5.1096871151558165%
47910,0,5.109580463368816%
47911,0,5.109473816033897%
47912,0,5.109367173150776%
47913,0,5.109260534719179%
47914,0,5.109153900738823%
47915,0,5.109047271209433%
47916,0,5.108940646130729%
47917,0,5.108834025502431%
47918,0,5.1087274093242625%
47919,0,5.108620797595943%
47920,0,5.108514190317195%
47921,0,5.10840758748774%
47922,0,5.108300989107299%
47923,0,5.108194395175595%
47924,0,5.108087805692346%
47925,0,5.107981220657277%
47926,0,5.107874640070108%
47927,0,5.1077680639305605%
47928,0,5.107661492238358%
47929,0,5.107554924993219%
47930,0,5.107448362194868%
47931,0,5.107341803843024%
47932,0,5.107235249937411%
47933,0,5.107128700477751%
47934,0,5.1070221554637625%
47935,0,5.10691561489517%
47936,0,5.106809078771696%
47937,0,5.106702547093059%
47938,0,5.106596019858984%
47939,0,5.106489497069192%
47940,0,5.106382978723404%
47941,0,5.1062764648213435%
47942,0,5.10616995536273%
47943,0,5.106063450347287%
47944,0,5.105956949774737%
47945,0,5.105850453644802%
47946,0,5.105743961957202%
47947,0,5.105637474711661%
47948,0,5.1055309919079%
47949,0,5.105424513545643%
47950,0,5.105318039624609%
47951,0,5.105211570144522%
47952,0,5.105105105105105%
47953,0,5.104998644506079%
47954,0,5.104892188347166%
47955,0,5.104785736628089%
47956,0,5.10467928934857%
47957,0,5.10457284650833%
47958,0,5.104466408107093%
47959,0,5.1043599741445815%
47960,0,5.104253544620517%
47961,0,5.1041471195346215%
47962,0,5.104040698886618%
47963,0,5.10393428267623%
47964,0,5.103827870903178%
47965,0,5.103721463567185%
47966,0,5.103615060667973%
47967,0,5.103508662205266%
47968,0,5.103402268178786%
47969,0,5.103295878588255%
47970,0,5.103189493433396%
47971,0,5.103083112713931%
47972,0,5.102976736429584%
47973,0,5.102870364580077%
47974,0,5.10276399716513%
47975,0,5.102657634184471%
47976,0,5.102551275637819%
47977,0,5.1024449215248975%
47978,0,5.102338571845429%
47979,0,5.102232226599137%
47980,0,5.102125885785743%
47981,0,5.1020195494049725%
47982,0,5.101913217456546%
47983,0,5.101806889940187%
47984,1,5.103784594864956%
47985,1,5.105762217359591%
47986,1,5.10773975742925%
47987,1,5.109717215079084%
47988,1,5.1116945903142454%
47989,1,5.113671883139887%
47990,1,5.115649093561158%
47991,0,5.115542497551624%
47992,0,5.115435905984331%
47993,0,5.115329318859%
47994,0,5.1152227361753555%
47995,0,5.115116157933118%
47996,0,5.115009584132011%
47997,0,5.114903014771756%
47998,0,5.1147964498520775%
47999,0,5.114689889372695%
48000,0,5.114583333333334%
48001,0,5.114476781733714%
48002,0,5.114370234573559%
48003,0,5.114263691852592%
48004,0,5.1141571535705355%
48005,0,5.114050619727112%
48006,0,5.113944090322043%
48007,0,5.113837565355053%
48008,0,5.113731044825863%
48009,0,5.113624528734196%
48010,0,5.113518017079775%
48011,0,5.113411509862323%
48012,0,5.113305007081563%
48013,0,5.113198508737217%
48014,0,5.113092014829008%
48015,1,5.115068207851714%
48016,0,5.114961679440187%
48017,0,5.114855155465772%
48018,0,5.114748635928193%
48019,0,5.114642120827172%
48020,0,5.114535610162433%
48021,0,5.114429103933696%
48022,0,5.114322602140685%
48023,0,5.114216104783124%
48024,0,5.114109611860736%
48025,0,5.1140031233732435%
48026,0,5.113896639320368%
48027,0,5.113790159701835%
48028,0,5.113683684517365%
48029,0,5.113577213766683%
48030,0,5.113470747449511%
48031,0,5.113364285565572%
48032,0,5.11325782811459%
48033,0,5.113151375096288%
48034,0,5.113044926510389%
48035,0,5.112938482356615%
48036,0,5.1128320426346905%
48037,0,5.112725607344339%
48038,0,5.112619176485283%
48039,0,5.112512750057245%
48040,0,5.11240632805995%
48041,0,5.11229991049312%
48042,0,5.11219349735648%
48043,0,5.112087088649751%
48044,0,5.111980684372659%
48045,0,5.111874284524925%
48046,0,5.111767889106273%
48047,0,5.111661498116428%
48048,0,5.111555111555111%
48049,0,5.111448729422048%
48050,0,5.111342351716962%
48051,0,5.1112359784395744%
48052,0,5.111129609589611%
48053,0,5.111023245166795%
48054,0,5.110916885170849%
48055,0,5.1108105296014985%
48056,0,5.110704178458465%
48057,0,5.110597831741473%
48058,0,5.110491489450247%
48059,0,5.110385151584511%
48060,0,5.110278818143986%
48061,1,5.1122531782526375%
48062,0,5.112146810369938%
48063,0,5.112040446913426%
48064,0,5.111934087882823%
48065,0,5.1118277332778534%
48066,0,5.11172138309824%
48067,0,5.111615037343708%
48068,0,5.11150869601398%
48069,0,5.111402359108781%
48070,0,5.111296026627834%
48071,0,5.111189698570864%
48072,0,5.111083374937594%
48073,0,5.110977055727747%
48074,0,5.110870740941049%
48075,0,5.110764430577222%
48076,0,5.110658124635993%
48077,0,5.110551823117083%
48078,0,5.110445526020217%
48079,0,5.11033923334512%
48080,0,5.110232945091514%
48081,0,5.110126661259126%
48082,0,5.110020381847677%
48083,0,5.109914106856894%
48084,0,5.109807836286499%
48085,0,5.109701570136218%
48086,0,5.1095953084057735%
48087,0,5.109489051094891%
48088,0,5.109382798203295%
48089,0,5.1092765497307076%
48090,0,5.109170305676856%
48091,0,5.109064066041463%
48092,0,5.108957830824253%
48093,0,5.108851600024952%
48094,0,5.108745373643282%
48095,0,5.108639151678969%
48096,0,5.108532934131736%
48097,0,5.10842672100131%
48098,0,5.108320512287413%
48099,0,5.108214307989771%
48100,0,5.108108108108108%
48101,0,5.108001912642149%
48102,0,5.107895721591618%
48103,0,5.10778953495624%
48104,0,5.107683352735739%
48105,0,5.10757717492984%
48106,0,5.107471001538269%
48107,0,5.10736483256075%
48108,0,5.107258667997007%
48109,0,5.107152507846765%
48110,0,5.107046352109749%
48111,0,5.106940200785683%
48112,0,5.106834053874294%
48113,1,5.108806351713674%
48114,1,5.110778567568691%
48115,0,5.110672347500779%
48116,1,5.112644442597057%
48117,1,5.11461645572251%
48118,1,5.116588386882248%
48119,0,5.116482054905546%
48120,0,5.116375727348296%
48121,0,5.11626940421022%
48122,0,5.116163085491044%
48123,0,5.1160567711904905%
48124,0,5.115950461308287%
48125,0,5.115844155844155%
48126,0,5.115737854797822%
48127,0,5.115631558169011%
48128,0,5.115525265957447%
48129,0,5.115418978162854%
48130,0,5.115312694784958%
48131,0,5.115206415823482%
48132,0,5.115100141278152%
48133,0,5.114993871148692%
48134,0,5.114887605434828%
48135,0,5.114781344136284%
48136,0,5.114675087252784%
48137,0,5.114568834784054%
48138,0,5.114462586729818%
48139,0,5.114356343089802%
48140,0,5.114250103863731%
48141,0,5.114143869051328%
48142,0,5.11403763865232%
48143,0,5.113931412666431%
48144,0,5.113825191093387%
48145,0,5.113718973932911%
48146,0,5.11361276118473%
48147,0,5.113506552848568%
48148,0,5.11340034892415%
48149,0,5.113294149411203%
48150,0,5.11318795430945%
48151,0,5.1130817636186165%
48152,0,5.112975577338428%
48153,0,5.112869395468611%
48154,0,5.112763218008888%
48155,0,5.112657044958987%
48156,0,5.112550876318632%
48157,0,5.112444712087547%
48158,0,5.112338552265459%
48159,0,5.112232396852094%
48160,0,5.112126245847176%
48161,0,5.11202009925043%
48162,0,5.111913957061584%
48163,0,5.111807819280361%
48164,0,5.111701685906486%
48165,0,5.111595556939687%
48166,0,5.111489432379687%
48167,0,5.111383312226213%
48168,0,5.11127719647899%
48169,0,5.111171085137744%
48170,0,5.1110649782022%
48171,0,5.110958875672085%
48172,0,5.110852777547123%
48173,0,5.11074668382704%
48174,0,5.110640594511563%
48175,0,5.1105345096004156%
48176,0,5.110428429093324%
48177,0,5.110322352990016%
48178,0,5.110216281290215%
48179,0,5.110110213993649%
48180,0,5.110004151100042%
48181,0,5.10989809260912%
48182,0,5.1097920385206095%
48183,0,5.109685988834236%
48184,0,5.109579943549726%
48185,0,5.109473902666805%
48186,0,5.109367866185199%
48187,0,5.109261834104634%
48188,0,5.109155806424836%
48189,0,5.109049783145531%
48190,0,5.108943764266445%
48191,0,5.1088377497873045%
48192,0,5.108731739707836%
48193,0,5.108625734027764%
48194,0,5.108519732746815%
48195,1,5.110488639900405%
48196,1,5.112457465349821%
48197,1,5.114426209100151%
48198,1,5.116394871156479%
48199,1,5.118363451523891%
48200,1,5.120331950207469%
48201,1,5.122300367212299%
48202,1,5.124268702543463%
48203,0,5.124162396531337%
48204,0,5.124056094929881%
48205,0,5.123949797738823%
48206,0,5.123843504957889%
48207,0,5.123737216586803%
48208,0,5.123630932625291%
48209,0,5.123524653073078%
48210,0,5.12341837792989%
48211,0,5.123312107195453%
48212,0,5.123205840869493%
48213,0,5.123099578951735%
48214,0,5.122993321441905%
48215,0,5.122887068339729%
48216,0,5.122780819644931%
48217,0,5.122674575357239%
48218,0,5.1225683354763785%
48219,0,5.122462100002074%
48220,0,5.1223558689340525%
48221,0,5.122249642272039%
48222,0,5.12214342001576%
48223,0,5.122037202164941%
48224,0,5.12193098871931%
48225,0,5.12182477967859%
48226,0,5.121718575042508%
48227,0,5.12161237481079%
48228,0,5.121506178983163%
48229,0,5.121399987559353%
48230,0,5.121293800539084%
48231,0,5.121187617922083%
48232,0,5.121081439708078%
48233,0,5.120975265896792%
48234,0,5.120869096487954%
48235,0,5.1207629314812895%
48236,0,5.120656770876524%
48237,0,5.120550614673384%
48238,0,5.120444462871595%
48239,0,5.120338315470885%
48240,0,5.1202321724709785%
48241,0,5.120126033871603%
48242,0,5.120019899672484%
48243,0,5.1199137698733495%
48244,0,5.119807644473924%
48245,0,5.119701523473935%
48246,0,5.119595406873109%
48247,0,5.119489294671172%
48248,0,5.119383186867849%
48249,0,5.11927708346287%
48250,0,5.119170984455958%
48251,0,5.119064889846842%
48252,0,5.118958799635248%
48253,0,5.118852713820902%
48254,0,5.118746632403531%
48255,0,5.118640555382862%
48256,0,5.118534482758621%
48257,0,5.118428414530535%
48258,0,5.11832235069833%
48259,0,5.118216291261733%
48260,0,5.118110236220472%
48261,0,5.118004185574273%
48262,0,5.117898139322863%
48263,0,5.117792097465967%
48264,0,5.117686060003315%
48265,0,5.117580026934632%
48266,0,5.117473998259644%
48267,1,5.119439782874427%
48268,0,5.119333720062982%
48269,0,5.119227661646191%
48270,0,5.119121607623782%
48271,0,5.119015557995484%
48272,0,5.118909512761021%
48273,0,5.118803471920121%
48274,0,5.118697435472511%
48275,0,5.118591403417918%
48276,0,5.118485375756069%
48277,0,5.118379352486691%
48278,0,5.118273333609512%
48279,0,5.1181673191242565%
48280,0,5.118061309030654%
48281,0,5.117955303328432%
48282,0,5.117849302017315%
48283,0,5.117743305097032%
48284,0,5.11763731256731%
48285,0,5.117531324427876%
48286,0,5.117425340678458%
48287,0,5.117319361318781%
48288,0,5.117213386348575%
48289,0,5.117107415767566%
48290,0,5.117001449575481%
48291,0,5.116895487772049%
48292,0,5.1167895303569955%
48293,0,5.116683577330048%
48294,0,5.116577628690934%
48295,0,5.116471684439383%
48296,0,5.11636574457512%
48297,0,5.1162598090978735%
48298,0,5.1161538780073705%
48299,0,5.116047951303339%
48300,0,5.115942028985508%
48301,0,5.115836111053601%
48302,0,5.115730197507349%
48303,0,5.1156242883464795%
48304,0,5.115518383570719%
48305,0,5.115412483179795%
48306,0,5.1153065871734364%
48307,0,5.115200695551369%
48308,0,5.115094808313323%
48309,0,5.114988925459024%
48310,0,5.114883046988202%
48311,0,5.114777172900582%
48312,0,5.114671303195893%
48313,0,5.114565437873864%
48314,0,5.114459576934222%
48315,0,5.114353720376695%
48316,1,5.116317575958275%
48317,1,5.1182813502493945%
48318,1,5.120245043255102%
48319,1,5.122208654980442%
48320,1,5.124172185430464%
48321,1,5.12613563461021%
48322,1,5.12809900252473%
48323,1,5.130062289179066%
48324,1,5.132025494578263%
48325,1,5.133988618727367%
48326,1,5.13595166163142%
48327,0,5.13584538663687%
48328,0,5.135739116040391%
48329,0,5.13563284984171%
48330,0,5.1355265880405545%
48331,0,5.135420330636651%
48332,0,5.135314077629728%
48333,0,5.13520782901951%
48334,0,5.135101584805727%
48335,0,5.134995344988104%
48336,0,5.134889109566369%
48337,0,5.134782878540248%
48338,0,5.134676651909471%
48339,0,5.134570429673762%
48340,0,5.134464211832851%
48341,0,5.134357998386463%
48342,0,5.134251789334327%
48343,0,5.134145584676168%
48344,0,5.134039384411716%
48345,0,5.133933188540698%
48346,0,5.1338269970628385%
48347,0,5.133720809977868%
48348,0,5.133614627285513%
48349,0,5.133508448985501%
48350,0,5.133402275077559%
48351,0,5.133296105561415%
48352,0,5.133189940436797%
48353,0,5.133083779703431%
48354,0,5.132977623361046%
48355,0,5.132871471409368%
48356,0,5.132765323848126%
48357,0,5.132659180677048%
48358,0,5.13255304189586%
48359,0,5.132446907504291%
48360,0,5.132340777502068%
48361,0,5.132234651888918%
48362,0,5.132128530664572%
48363,0,5.132022413828754%
48364,0,5.131916301381192%
48365,0,5.131810193321617%
48366,0,5.131704089649753%
48367,0,5.131597990365331%
48368,0,5.131491895468078%
48369,0,5.131385804957721%
48370,0,5.131279718833988%
48371,0,5.131173637096607%
48372,0,5.131067559745308%
48373,0,5.130961486779815%
48374,0,5.13085541819986%
48375,0,5.130749354005168%
48376,0,5.130643294195469%
48377,0,5.13053723877049%
48378,0,5.13043118772996%
48379,0,5.130325141073606%
48380,0,5.130219098801157%
48381,0,5.1301130609123415%
48382,0,5.1300070274068865%
48383,0,5.129900998284522%
48384,0,5.129794973544974%
48385,0,5.129688953187971%
48386,0,5.129582937213244%
48387,0,5.1294769256205175%
48388,0,5.129370918409523%
48389,0,5.129264915579987%
48390,0,5.129158917131639%
48391,0,5.129052923064206%
48392,0,5.128946933377418%
48393,0,5.128840948071002%
48394,0,5.128734967144688%
48395,0,5.1286289905982025%
48396,0,5.128523018431276%
48397,0,5.128417050643635%
48398,0,5.1283110872350095%
48399,0,5.128205128205128%
48400,0,5.12809917355372%
48401,0,5.1279932232805105%
48402,0,5.1278872773852315%
48403,0,5.127781335867612%
48404,0,5.127675398727378%
48405,0,5.12756946596426%
48406,0,5.127463537577986%
48407,0,5.127357613568286%
48408,0,5.127251693934887%
48409,0,5.1271457786775185%
48410,0,5.12703986779591%
48411,0,5.126933961289789%
48412,0,5.126828059158886%
48413,0,5.126722161402928%
48414,0,5.126616268021646%
48415,0,5.126510379014769%
48416,0,5.126404494382022%
48417,0,5.126298614123138%
48418,0,5.126192738237846%
48419,0,5.126086866725872%
48420,0,5.125980999586948%
48421,0,5.125875136820801%
48422,0,5.125769278427161%
48423,0,5.125663424405758%
48424,0,5.125557574756319%
48425,0,5.125451729478575%
48426,0,5.125345888572254%
48427,0,5.125240052037086%
48428,0,5.125134219872801%
48429,0,5.125028392079126%
48430,0,5.1249225686557915%
48431,0,5.124816749602528%
48432,0,5.124710934919062%
48433,0,5.124605124605124%
48434,0,5.124499318660445%
48435,0,5.124393517084753%
48436,0,5.124287719877777%
48437,1,5.1262464644796335%
48438,0,5.12614063338701%
48439,0,5.126034806664052%
48440,0,5.125928984310487%
48441,0,5.125823166326046%
48442,0,5.125717352710458%
48443,0,5.125611543463452%
48444,0,5.125505738584757%
48445,0,5.125399938074104%
48446,1,5.127358295834537%
48447,0,5.127252461452722%
48448,1,5.1292107001321%
48449,0,5.129104831885075%
48450,0,5.128998968008256%
48451,1,5.130957049390106%
48452,1,5.132915049946338%
48453,1,5.13487296968196%
48454,1,5.136830808601973%
48455,1,5.138788566711382%
48456,1,5.1407462440151885%
48457,0,5.140640155189137%
48458,0,5.140534070741673%
48459,0,5.140427990672528%
48460,0,5.140321914981428%
48461,0,5.140215843668104%
48462,0,5.140109776732285%
48463,0,5.140003714173699%
48464,0,5.139897655992077%
48465,0,5.139791602187145%
48466,0,5.1396855527586345%
48467,0,5.139579507706275%
48468,0,5.139473467029792%
48469,0,5.139367430728919%
48470,0,5.1392613988033835%
48471,0,5.139155371252914%
48472,0,5.13904934807724%
48473,0,5.138943329276092%
48474,0,5.138837314849198%
48475,0,5.138731304796287%
48476,0,5.138625299117089%
48477,0,5.1385192978113325%
48478,0,5.138413300878749%
48479,0,5.138307308319066%
48480,0,5.138201320132013%
48481,0,5.13809533631732%
48482,0,5.137989356874717%
48483,0,5.137883381803931%
48484,0,5.137777411104694%
48485,0,5.137671444776735%
48486,0,5.137565482819783%
48487,0,5.1374595252335675%
48488,0,5.137353572017819%
48489,0,5.137247623172266%
48490,0,5.137141678696638%
48491,0,5.137035738590667%
48492,0,5.136929802854079%
48493,0,5.136823871486607%
48494,0,5.136717944487978%
48495,0,5.136612021857923%
48496,0,5.136506103596173%
48497,0,5.136400189702456%
48498,0,5.136294280176503%
48499,0,5.136188375018041%
48500,0,5.136082474226804%
48501,0,5.135976577802519%
48502,0,5.1358706857449175%
48503,0,5.135764798053729%
48504,0,5.135658914728682%
48505,0,5.135553035769509%
48506,0,5.135447161175937%
48507,0,5.135341290947698%
48508,0,5.135235425084522%
48509,0,5.135129563586139%
48510,0,5.1350237064522775%
48511,0,5.13491785368267%
48512,0,5.134812005277045%
48513,0,5.134706161235133%
48514,0,5.134600321556664%
48515,0,5.134494486241368%
48516,1,5.136449830983593%
48517,1,5.138405095121298%
48518,1,5.140360278659466%
48519,1,5.142315381603083%
48520,1,5.144270403957131%
48521,0,5.144164382432349%
48522,0,5.144058365277606%
48523,0,5.143952352492633%
48524,0,5.143846344077158%
48525,0,5.143740340030912%
48526,0,5.143634340353625%
48527,0,5.143528345045026%
48528,0,5.143422354104846%
48529,0,5.143316367532815%
48530,0,5.143210385328663%
48531,0,5.143104407492118%
48532,0,5.142998434022913%
48533,0,5.1428924649207755%
48534,0,5.142786500185437%
48535,0,5.142680539816627%
48536,0,5.142574583814076%
48537,0,5.142468632177514%
48538,0,5.142362684906671%
48539,0,5.142256742001277%
48540,0,5.142150803461063%
48541,0,5.142044869285758%
48542,0,5.141938939475094%
48543,0,5.1418330140287996%
48544,0,5.1417270929466055%
48545,0,5.141621176228242%
48546,0,5.14151526387344%
48547,0,5.141409355881929%
48548,0,5.14130345225344%
48549,0,5.141197552987703%
48550,0,5.1410916580844495%
48551,0,5.140985767543408%
48552,0,5.14087988136431%
48553,0,5.140773999546886%
48554,0,5.140668122090868%
48555,0,5.140562248995984%
48556,0,5.140456380261966%
48557,0,5.140350515888543%
48558,0,5.140244655875447%
48559,0,5.1401388002224095%
48560,0,5.14003294892916%
48561,0,5.139927101995428%
48562,0,5.1398212594209465%
48563,0,5.139715421205445%
48564,0,5.139609587348653%
48565,0,5.139503757850304%
48566,0,5.139397932710126%
48567,0,5.139292111927853%
48568,0,5.139186295503212%
48569,0,5.1390804834359365%
48570,0,5.138974675725757%
48571,0,5.138868872372403%
48572,0,5.138763073375607%
48573,0,5.138657278735099%
48574,0,5.138551488450611%
48575,0,5.1384457025218735%
48576,0,5.138339920948617%
48577,0,5.138234143730572%
48578,0,5.138128370867471%
48579,0,5.138022602359045%
48580,0,5.137916838205022%
48581,0,5.137811078405138%
48582,0,5.13770532295912%
48583,0,5.137599571866702%
48584,0,5.137493825127614%
48585,0,5.1373880827415865%
48586,0,5.137282344708352%
48587,0,5.137176611027641%
48588,0,5.137070881699185%
48589,1,5.139023235711786%
48590,1,5.1409755093640666%
48591,1,5.1429277026609865%
48592,1,5.144879815607507%
48593,0,5.144773938633136%
48594,1,5.146725933242787%
48595,1,5.148677847515176%
48596,1,5.150629681455264%
48597,1,5.152581435068009%
48598,0,5.15247541051072%
48599,0,5.152369390316673%
48600,1,5.154320987654321%
48601,0,5.154214933849098%
48602,0,5.154108884408049%
48603,1,5.156060325494312%
48604,1,5.158011686280965%
48605,1,5.159962966772966%
48606,0,5.159856807801506%
48607,0,5.159750653198099%
48608,0,5.159644502962475%
48609,0,5.159538357094365%
48610,0,5.159432215593499%
48611,0,5.159326078459608%
48612,0,5.1592199456924215%
48613,0,5.159113817291671%
48614,0,5.159007693257086%
48615,0,5.158901573588399%
48616,0,5.158795458285338%
48617,0,5.158689347347636%
48618,0,5.158583240775021%
48619,0,5.158477138567227%
48620,0,5.158371040723981%
48621,0,5.1582649472450175%
48622,0,5.158158858130064%
48623,0,5.158052773378854%
48624,0,5.157946692991115%
48625,0,5.157840616966581%
48626,0,5.157734545304981%
48627,0,5.157628478006046%
48628,0,5.157522415069507%
48629,0,5.157416356495095%
48630,0,5.157310302282542%
48631,0,5.157204252431576%
48632,0,5.1570982069419316%
48633,0,5.156992165813336%
48634,0,5.156886129045524%
48635,0,5.156780096638223%
48636,0,5.156674068591167%
48637,0,5.156568044904086%
48638,0,5.156462025576709%
48639,0,5.156356010608771%
48640,0,5.15625%
48641,0,5.1561439937501286%
48642,0,5.156037991858888%
48643,0,5.155931994326008%
48644,0,5.155826001151221%
48645,0,5.155720012334259%
48646,0,5.155614027874851%
48647,0,5.15550804777273%
48648,0,5.155402072027627%
48649,0,5.155296100639274%
48650,0,5.1551901336074%
48651,0,5.1550841709317385%
48652,0,5.15497821261202%
48653,0,5.154872258647977%
48654,0,5.1547663090393385%
48655,0,5.154660363785839%
48656,0,5.154554422887208%
48657,0,5.154448486343178%
48658,0,5.154342554153479%
48659,0,5.154236626317845%
48660,0,5.154130702836005%
48661,0,5.154024783707692%
48662,0,5.153918868932637%
48663,0,5.1538129585105725%
48664,0,5.15370705244123%
48665,0,5.15360115072434%
48666,0,5.153495253359635%
48667,0,5.153389360346846%
48668,0,5.153283471685707%
48669,0,5.153177587375947%
48670,0,5.1530717074173005%
48671,0,5.152965831809497%
48672,0,5.152859960552268%
48673,0,5.152754093645347%
48674,0,5.152648231088467%
48675,0,5.1525423728813555%
48676,0,5.152436519023749%
48677,0,5.1523306695153765%
48678,0,5.152224824355972%
48679,0,5.152118983545266%
48680,0,5.15201314708299%
48681,0,5.151907314968879%
48682,0,5.151801487202662%
48683,0,5.151695663784073%
48684,0,5.151589844712842%
48685,0,5.151484029988703%
48686,0,5.151378219611387%
48687,0,5.151272413580627%
48688,0,5.151166611896155%
48689,0,5.151060814557703%
48690,0,5.150955021565004%
48691,0,5.150849232917787%
48692,0,5.150743448615789%
48693,0,5.15063766865874%
48694,0,5.150531893046371%
48695,0,5.150426121778417%
48696,0,5.150320354854608%
48697,0,5.150214592274678%
48698,0,5.150108834038359%
48699,0,5.150003080145383%
48700,0,5.149897330595483%
48701,1,5.151844931315579%
48702,0,5.1517391482895984%
48703,0,5.151633369607621%
48704,0,5.151527595269383%
48705,0,5.151421825274612%
48706,0,5.151316059623044%
48707,0,5.15121029831441%
48708,0,5.1511045413484435%
48709,0,5.150998788724876%
48710,0,5.150893040443441%
48711,0,5.15078729650387%
48712,0,5.150681556905896%
48713,0,5.150575821649252%
48714,0,5.15047009073367%
48715,0,5.150364364158883%
48716,0,5.150258641924625%
48717,0,5.150152924030626%
48718,0,5.150047210476621%
48719,0,5.149941501262341%
48720,0,5.149835796387521%
48721,0,5.149730095851892%
48722,0,5.1496243996551865%
48723,0,5.149518707797139%
48724,0,5.149413020277481%
48725,0,5.149307337095946%
48726,0,5.1492016582522675%
48727,0,5.149095983746178%
48728,0,5.148990313577409%
48729,0,5.148884647745695%
48730,0,5.14877898625077%
48731,0,5.148673329092364%
48732,0,5.148567676270212%
48733,0,5.148462027784047%
48734,0,5.148356383633603%
48735,0,5.148250743818611%
48736,0,5.148145108338805%
48737,0,5.148039477193919%
48738,0,5.147933850383684%
48739,0,5.147828227907835%
48740,0,5.147722609766106%
48741,0,5.147616995958228%
48742,0,5.147511386483935%
48743,0,5.147405781342962%
48744,0,5.14730018053504%
48745,0,5.147194584059903%
48746,0,5.147088991917285%
48747,0,5.146983404106919%
48748,0,5.146877820628538%
48749,0,5.146772241481877%
48750,0,5.1466666666666665%
48751,0,5.1465610961826425%
48752,0,5.146455530029537%
48753,0,5.146349968207085%
48754,0,5.146244410715018%
48755,0,5.146138857553072%
48756,0,5.146033308720978%
48757,0,5.145927764218471%
48758,0,5.145822224045285%
48759,0,5.145716688201152%
48760,0,5.145611156685808%
48761,0,5.145505629498985%
48762,0,5.145400106640417%
48763,0,5.145294588109837%
48764,0,5.14518907390698%
48765,0,5.14508356403158%
48766,0,5.144978058483369%
48767,0,5.144872557262083%
48768,0,5.144767060367454%
48769,0,5.144661567799217%
48770,0,5.144556079557105%
48771,0,5.144450595640852%
48772,0,5.144345116050193%
48773,0,5.1442396407848605%
48774,0,5.144134169844589%
48775,0,5.144028703229113%
48776,0,5.143923240938166%
48777,0,5.143817782971483%
48778,0,5.143712329328796%
48779,0,5.14360688000984%
48780,0,5.1435014350143495%
48781,0,5.143395994342059%
48782,0,5.143290557992702%
48783,0,5.143185125966013%
48784,0,5.143079698261725%
48785,0,5.142974274879573%
48786,0,5.142868855819292%
48787,0,5.142763441080616%
48788,0,5.142658030663278%
48789,0,5.142552624567013%
48790,0,5.142447222791556%
48791,0,5.14234182533664%
48792,0,5.142236432202001%
48793,0,5.142131043387371%
48794,0,5.142025658892487%
48795,0,5.141920278717082%
48796,0,5.14181490286089%
48797,0,5.141709531323647%
48798,0,5.141604164105086%
48799,0,5.141498801204943%
48800,0,5.1413934426229515%
48801,0,5.141288088358845%
48802,0,5.14118273841236%
48803,0,5.14107739278323%
48804,0,5.140972051471191%
48805,0,5.140866714475976%
48806,0,5.14076138179732%
48807,0,5.140656053434959%
48808,0,5.140550729388624%
48809,0,5.140445409658055%
48810,0,5.140340094242983%
48811,0,5.140234783143144%
48812,0,5.140129476358273%
48813,0,5.140024173888104%
48814,0,5.139918875732372%
48815,0,5.139813581890812%
48816,0,5.13970829236316%
48817,0,5.139603007149149%
48818,0,5.139497726248514%
48819,0,5.139392449660993%
48820,0,5.139287177386317%
48821,0,5.139181909424223%
48822,0,5.139076645774446%
48823,0,5.138971386436721%
48824,0,5.138866131410782%
48825,0,5.138760880696364%
48826,0,5.138655634293205%
48827,0,5.1385503922010365%
48828,0,5.138445154419595%
48829,0,5.138339920948617%
48830,0,5.138234691787835%
48831,0,5.138129466936987%
48832,0,5.138024246395806%
48833,0,5.137919030164029%
48834,0,5.13781381824139%
48835,0,5.137708610627623%
48836,0,5.137603407322467%
48837,0,5.137498208325654%
48838,0,5.137393013636922%
48839,0,5.137287823256004%
48840,0,5.1371826371826375%
48841,1,5.139124915542269%
48842,0,5.139019696163139%
48843,0,5.138914481092479%
48844,0,5.1388092703300305%
48845,0,5.138704063875524%
48846,0,5.138598861728698%
48847,0,5.138493663889287%
48848,0,5.138388470357025%
48849,0,5.138283281131651%
48850,0,5.138178096212897%
48851,0,5.1380729156005%
48852,0,5.1379677392941945%
48853,0,5.137862567293718%
48854,0,5.137757399598804%
48855,0,5.137652236209191%
48856,0,5.137547077124611%
48857,0,5.137441922344802%
48858,0,5.137336771869499%
48859,0,5.137231625698439%
48860,0,5.137126483831355%
48861,0,5.137021346267985%
48862,0,5.136916213008064%
48863,0,5.1368110840513275%
48864,0,5.136705959397511%
48865,0,5.136600839046352%
48866,0,5.136495722997585%
48867,0,5.136390611250947%
48868,0,5.136285503806172%
48869,0,5.136180400662997%
48870,0,5.136075301821158%
48871,0,5.135970207280391%
48872,0,5.135865117040432%
48873,0,5.135760031101017%
48874,0,5.135654949461881%
48875,0,5.135549872122762%
48876,0,5.135444799083395%
48877,0,5.1353397303435155%
48878,0,5.1352346659028605%
48879,0,5.135129605761166%
48880,0,5.1350245499181675%
48881,0,5.134919498373601%
48882,0,5.1348144511272045%
48883,0,5.134709408178712%
48884,0,5.134604369527862%
48885,0,5.134499335174389%
48886,0,5.13439430511803%
48887,0,5.13428927935852%
48888,0,5.134184257895598%
48889,0,5.134079240728998%
48890,0,5.133974227858458%
48891,0,5.133869219283713%
48892,0,5.1337642150045%
48893,0,5.133659215020555%
48894,0,5.133554219331615%
48895,0,5.133449227937417%
48896,0,5.133344240837697%
48897,0,5.13323925803219%
48898,0,5.133134279520634%
48899,0,5.133029305302768%
48900,0,5.1329243353783225%
48901,0,5.132819369747041%
48902,0,5.1327144084086544%
48903,0,5.132609451362902%
48904,0,5.132504498609521%
48905,0,5.1323995501482464%
48906,0,5.132294605978816%
48907,0,5.132189666100967%
48908,0,5.132084730514435%
48909,0,5.131979799218957%
48910,0,5.131874872214271%
48911,0,5.131769949500113%
48912,0,5.131665031076219%
48913,0,5.131560116942326%
48914,0,5.131455207098172%
48915,0,5.1313503015434945%
48916,0,5.1312454002780274%
48917,0,5.131140503301511%
48918,0,5.13103561061368%
48919,0,5.130930722214273%
48920,0,5.130825838103025%
48921,0,5.130720958279675%
48922,0,5.13061608274396%
48923,0,5.130511211495616%
48924,0,5.13040634453438%
48925,0,5.1303014818599895%
48926,0,5.130196623472182%
48927,0,5.130091769370695%
48928,0,5.1299869195552645%
48929,0,5.129882074025629%
48930,0,5.1297772327815245%
48931,0,5.129672395822689%
48932,0,5.12956756314886%
48933,0,5.129462734759774%
48934,0,5.129357910655168%
48935,0,5.129253090834781%
48936,0,5.129148275298348%
48937,0,5.129043464045609%
48938,0,5.128938657076301%
48939,0,5.12883385439016%
48940,0,5.1287290559869225%
48941,0,5.128624261866329%
48942,0,5.128519472028115%
48943,0,5.128414686472019%
48944,0,5.128309905197777%
48945,0,5.128205128205128%
48946,0,5.128100355493809%
48947,0,5.127995587063559%
48948,0,5.127890822914113%
48949,0,5.12778606304521%
48950,0,5.127681307456589%
48951,0,5.127576556147985%
48952,0,5.127471809119137%
48953,0,5.127367066369783%
48954,0,5.12726232789966%
48955,0,5.127157593708508%
48956,0,5.127052863796062%
48957,0,5.126948138162061%
48958,0,5.126843416806242%
48959,0,5.126738699728344%
48960,0,5.126633986928105%
48961,0,5.126529278405261%
48962,0,5.126424574159552%
48963,0,5.126319874190716%
48964,0,5.126215178498489%
48965,0,5.12611048708261%
48966,0,5.126005799942818%
48967,0,5.125901117078849%
48968,0,5.125796438490442%
48969,0,5.125691764177337%
48970,0,5.125587094139269%
48971,0,5.125482428375978%
48972,0,5.1253777668872%
48973,0,5.125273109672677%
48974,0,5.125168456732144%
48975,0,5.12506380806534%
48976,0,5.124959163672003%
48977,0,5.124854523551871%
48978,0,5.124749887704684%
48979,0,5.124645256130178%
48980,0,5.124540628828093%
48981,0,5.124436005798167%
48982,0,5.1243313870401375%
48983,0,5.124226772553743%
48984,0,5.124122162338723%
48985,0,5.124017556394814%
48986,0,5.1239129547217575%
48987,0,5.123808357319288%
48988,0,5.123703764187148%
48989,0,5.123599175325073%
48990,0,5.123494590732803%
48991,0,5.123390010410075%
48992,0,5.12328543435663%
48993,0,5.123180862572204%
48994,0,5.123076295056538%
48995,0,5.122971731809368%
48996,0,5.122867172830435%
48997,0,5.122762618119476%
48998,0,5.122658067676231%
48999,0,5.122553521500438%
49000,0,5.122448979591836%
49001,0,5.1223444419501645%
49002,0,5.12223990857516%
49003,0,5.122135379466563%
49004,0,5.1220308546241125%
49005,0,5.121926334047546%
49006,0,5.1218218177366035%
49007,0,5.121717305691024%
49008,0,5.121612797910545%
49009,0,5.121508294394907%
49010,0,5.1214037951438485%
49011,0,5.121299300157108%
49012,0,5.121194809434424%
49013,0,5.121090322975537%
49014,0,5.120985840780185%
49015,0,5.120881362848108%
49016,0,5.1207768891790435%
49017,0,5.120672419772731%
49018,0,5.120567954628911%
49019,0,5.120463493747322%
49020,0,5.120359037127703%
49021,0,5.120254584769793%
49022,0,5.120150136673331%
49023,0,5.1200456928380556%
49024,0,5.119941253263708%
49025,0,5.119836817950025%
49026,0,5.119732386896748%
49027,0,5.1196279601036165%
49028,0,5.119523537570368%
49029,0,5.119419119296743%
49030,0,5.119314705282481%
49031,0,5.11921029552732%
49032,0,5.119105890031%
49033,0,5.119001488793262%
49034,0,5.118897091813843%
49035,0,5.118792699092485%
49036,0,5.118688310628926%
49037,0,5.118583926422906%
49038,0,5.1184795464741635%
49039,0,5.118375170782438%
49040,0,5.118270799347472%
49041,0,5.1181664321690015%
49042,0,5.118062069246768%
49043,0,5.117957710580511%
49044,0,5.11785335616997%
49045,0,5.1177490060148845%
49046,0,5.117644660114994%
49047,0,5.117540318470039%
49048,0,5.117435981079758%
49049,0,5.117331647943893%
49050,0,5.117227319062182%
49051,0,5.117122994434364%
49052,0,5.117018674060181%
49053,0,5.116914357939371%
49054,0,5.116810046071676%
49055,0,5.116705738456835%
49056,0,5.116601435094585%
49057,0,5.116497135984671%
49058,0,5.11639284112683%
49059,0,5.116288550520801%
49060,0,5.116184264166327%
49061,0,5.1160799820631455%
49062,0,5.115975704210999%
49063,0,5.115871430609625%
49064,0,5.1157671612587645%
49065,0,5.115662896158158%
49066,0,5.115558635307544%
49067,0,5.115454378706667%
49068,0,5.1153501263552625%
49069,0,5.115245878253072%
49070,0,5.115141634399837%
49071,0,5.115037394795296%
49072,0,5.114933159439191%
49073,0,5.114828928331262%
49074,0,5.114724701471247%
49075,0,5.11462047885889%
49076,0,5.114516260493928%
49077,0,5.114412046376103%
49078,0,5.114307836505155%
49079,0,5.114203630880825%
49080,0,5.114099429502852%
49081,0,5.1139952323709785%
49082,0,5.113891039484943%
49083,0,5.113786850844488%
49084,0,5.1136826664493515%
49085,0,5.113578486299277%
49086,0,5.113474310394003%
49087,0,5.11337013873327%
49088,0,5.113265971316819%
49089,0,5.113161808144391%
49090,0,5.113057649215726%
49091,0,5.112953494530566%
49092,0,5.11284934408865%
49093,0,5.11274519788972%
49094,0,5.112641055933516%
49095,0,5.112536918219778%
49096,0,5.112432784748249%
49097,0,5.1123286555186676%
49098,0,5.112224530530775%
49099,0,5.112120409784313%
49100,0,5.112016293279022%
49101,0,5.1119121810146435%
49102,0,5.111808072990917%
49103,0,5.111703969207584%
49104,0,5.111599869664386%
49105,0,5.111495774361063%
49106,0,5.111391683297357%
49107,0,5.111287596473009%
49108,0,5.111183513887758%
49109,0,5.111079435541347%
49110,0,5.110975361433517%
49111,0,5.110871291564008%
49112,0,5.1107672259325625%
49113,0,5.110663164538921%
49114,0,5.110559107382824%
49115,0,5.110455054464013%
49116,0,5.11035100578223%
49117,0,5.110246961337215%
49118,0,5.11014292112871%
49119,0,5.110038885156457%
49120,0,5.109934853420196%
49121,0,5.109830825919668%
49122,0,5.109726802654615%
49123,0,5.109622783624779%
49124,0,5.1095187688299%
49125,0,5.10941475826972%
49126,0,5.109310751943981%
49127,0,5.109206749852423%
49128,0,5.109102751994789%
49129,0,5.10899875837082%
49130,0,5.108894768980257%
49131,0,5.108790783822841%
49132,0,5.108686802898315%
49133,0,5.10858282620642%
49134,0,5.108478853746896%
49135,0,5.1083748855194875%
49136,0,5.108270921523934%
49137,1,5.110202088039563%
49138,1,5.112133175953437%
49139,1,5.1140641852703554%
49140,1,5.115995115995116%
49141,1,5.117925968132517%
49142,1,5.119856741687355%
49143,0,5.119752558858841%
49144,0,5.119648380270226%
49145,0,5.119544205921253%
49146,0,5.119440035811664%
49147,0,5.119335869941197%
49148,0,5.119231708309595%
49149,0,5.1191275509166%
49150,0,5.119023397761953%
49151,0,5.118919248845395%
49152,0,5.118815104166666%
49153,0,5.11871096372551%
49154,0,5.118606827521666%
49155,0,5.118502695554877%
49156,0,5.118398567824884%
49157,0,5.118294444331428%
49158,0,5.11819032507425%
49159,0,5.118086210053093%
49160,0,5.117982099267698%
49161,0,5.117877992717805%
49162,0,5.117773890403157%
49163,0,5.117669792323495%
49164,0,5.117565698478561%
49165,0,5.117461608868097%
49166,0,5.117357523491844%
49167,0,5.1172534423495435%
49168,0,5.1171493654409375%
49169,0,5.117045292765767%
49170,0,5.116941224323774%
49171,0,5.116837160114702%
49172,0,5.1167331001382905%
49173,0,5.116629044394282%
49174,0,5.116524992882417%
49175,0,5.1164209456024405%
49176,0,5.116316902554091%
49177,0,5.116212863737113%
49178,1,5.11814225873358%
49179,1,5.120071575265865%
49180,1,5.122000813338755%
49181,1,5.123929972957036%
49182,1,5.125859054125493%
49183,1,5.127788056848911%
49184,1,5.129716981132075%
49185,1,5.13164582697977%
49186,0,5.131541495547514%
49187,1,5.133470225872689%
49188,1,5.135398877775067%
49189,1,5.137327451259428%
49190,1,5.139255946330555%
49191,0,5.139151470797504%
49192,0,5.139046999512116%
49193,0,5.1389425324741325%
49194,0,5.138838069683295%
49195,0,5.138733611139344%
49196,0,5.138629156842019%
49197,0,5.138524706791064%
49198,0,5.138420260986219%
49199,0,5.138315819427224%
49200,0,5.138211382113822%
49201,0,5.138106949045751%
49202,0,5.138002520222755%
49203,0,5.137898095644575%
49204,0,5.1377936753109505%
49205,0,5.137689259221624%
49206,0,5.137584847376337%
49207,0,5.137480439774829%
49208,0,5.137376036416843%
49209,0,5.13727163730212%
49210,0,5.1371672424304%
49211,0,5.137062851801426%
49212,0,5.136958465414939%
49213,0,5.136854083270681%
49214,0,5.136749705368391%
49215,0,5.136645331707813%
49216,0,5.136540962288687%
49217,0,5.136436597110754%
49218,0,5.136332236173757%
49219,0,5.136227879477437%
49220,0,5.136123527021536%
49221,0,5.136019178805794%
49222,0,5.135914834829954%
49223,0,5.135810495093756%
49224,0,5.135706159596944%
49225,0,5.135601828339258%
49226,0,5.13549750132044%
49227,0,5.135393178540232%
49228,0,5.135288859998375%
49229,0,5.135184545694611%
49230,0,5.135080235628682%
49231,0,5.134975929800329%
49232,0,5.134871628209295%
49233,0,5.134767330855321%
49234,0,5.134663037738148%
49235,0,5.13455874885752%
49236,0,5.134454464213177%
49237,0,5.134350183804862%
49238,0,5.134245907632316%
49239,0,5.134141635695282%
49240,0,5.134037367993502%
49241,0,5.133933104526715%
49242,0,5.1338288452946665%
49243,0,5.133724590297098%
49244,0,5.13362033953375%
49245,0,5.133516093004366%
49246,0,5.133411850708687%
49247,0,5.133307612646456%
49248,0,5.133203378817414%
49249,0,5.133099149221304%
49250,0,5.132994923857868%
49251,0,5.132890702726848%
49252,0,5.132786485827986%
49253,0,5.132682273161026%
49254,0,5.132578064725708%
49255,0,5.132473860521775%
49256,0,5.132369660548969%
49257,0,5.132265464807032%
49258,0,5.132161273295709%
49259,0,5.132057086014739%
49260,0,5.1319529029638655%
49261,0,5.131848724142831%
49262,0,5.131744549551379%
49263,0,5.131640379189249%
49264,0,5.131536213056187%
49265,0,5.131432051151934%
49266,0,5.131327893476231%
49267,0,5.1312237400288225%
49268,0,5.13111959080945%
49269,0,5.131015445817857%
49270,0,5.130911305053785%
49271,0,5.130807168516978%
49272,0,5.130703036207176%
49273,0,5.130598908124124%
49274,0,5.130494784267565%
49275,0,5.13039066463724%
49276,0,5.130286549232892%
49277,0,5.130182438054264%
49278,0,5.1300783311011%
49279,0,5.129974228373141%
49280,0,5.12987012987013%
49281,0,5.12976603559181%
49282,0,5.129661945537924%
49283,0,5.129557859708216%
49284,0,5.129453778102427%
49285,0,5.1293497007203%
49286,0,5.12924562756158%
49287,0,5.1291415586260065%
49288,0,5.129037493913326%
49289,0,5.1289334334232795%
49290,0,5.1288293771556095%
49291,0,5.12872532511006%
49292,0,5.128621277286375%
49293,0,5.128517233684296%
49294,0,5.128413194303566%
49295,0,5.12830915914393%
49296,0,5.128205128205128%
49297,0,5.128101101486906%
49298,0,5.127997078989006%
49299,0,5.127893060711171%
49300,0,5.1277890466531435%
49301,0,5.127685036814669%
49302,0,5.127581031195489%
49303,0,5.127477029795347%
49304,0,5.127373032613987%
49305,0,5.127269039651151%
49306,0,5.127165050906584%
49307,0,5.127061066380027%
49308,0,5.126957086071226%
49309,0,5.126853109979923%
49310,0,5.12674913810586%
49311,0,5.126645170448784%
49312,0,5.126541207008436%
49313,0,5.12643724778456%
49314,0,5.1263332927768985%
49315,0,5.126229341985197%
49316,0,5.126125395409198%
49317,0,5.1260214530486445%
49318,0,5.12591751490328%
49319,0,5.12581358097285%
49320,0,5.125709651257097%
49321,0,5.125605725755763%
49322,0,5.125501804468594%
49323,0,5.125397887395333%
49324,0,5.125293974535723%
49325,0,5.125190065889508%
49326,0,5.125086161456433%
49327,0,5.12498226123624%
49328,0,5.124878365228673%
49329,0,5.124774473433477%
49330,0,5.124670585850395%
49331,0,5.1245667024791715%
49332,0,5.124462823319549%
49333,0,5.124358948371273%
49334,0,5.124255077634086%
49335,0,5.124151211107733%
49336,0,5.124047348791957%
49337,1,5.125970367067312%
49338,1,5.127893307389842%
49339,0,5.127789375544701%
49340,1,5.129712201053912%
49341,1,5.13163494862285%
49342,1,5.133557618256252%
49343,0,5.133453580041748%
49344,0,5.133349546044099%
49345,0,5.133245516263045%
49346,0,5.133141490698334%
49347,0,5.133037469349707%
49348,0,5.132933452216908%
49349,0,5.132829439299682%
49350,1,5.134751773049646%
49351,0,5.134647727502989%
49352,0,5.134543686172799%
49353,0,5.134439649058821%
49354,0,5.134335616160798%
49355,0,5.134231587478473%
49356,0,5.13412756301159%
49357,0,5.134023542759892%
49358,0,5.133919526723125%
49359,0,5.133815514901031%
49360,0,5.133711507293355%
49361,0,5.13360750389984%
49362,0,5.13350350472023%
49363,0,5.13339950975427%
49364,0,5.133295519001702%
49365,0,5.133191532462271%
49366,0,5.133087550135721%
49367,0,5.132983572021796%
49368,0,5.13287959812024%
49369,0,5.132775628430797%
49370,0,5.13267166295321%
49371,0,5.1325677016872255%
49372,0,5.132463744632585%
49373,0,5.1323597917890345%
49374,0,5.132255843156317%
49375,0,5.132151898734177%
49376,0,5.132047958522358%
49377,0,5.1319440225206066%
49378,0,5.131840090728665%
49379,0,5.131736163146277%
49380,0,5.131632239773188%
49381,1,5.133553390980337%
49382,0,5.133449435016808%
49383,1,5.135370471619788%
49384,1,5.13729143042281%
49385,1,5.1392123114305965%
49386,1,5.141133114647876%
49387,1,5.143053840079373%
49388,1,5.1449744877298125%
49389,1,5.1468950576039205%
49390,1,5.148815549706418%
49391,1,5.150735964042032%
49392,0,5.150631681243926%
49393,1,5.152551981049946%
49394,1,5.154472203101592%
49395,0,5.1543678509970645%
49396,1,5.156287958539154%
49397,1,5.158207988339373%
49398,0,5.15810356694603%
49399,0,5.15799914978036%
49400,0,5.157894736842105%
49401,0,5.15779032813101%
49402,0,5.157685923646816%
49403,0,5.157581523389268%
49404,0,5.157477127358109%
49405,0,5.157372735553082%
49406,0,5.157268347973931%
49407,0,5.157163964620398%
49408,0,5.157059585492228%
49409,0,5.156955210589164%
49410,0,5.156850839910949%
49411,0,5.156746473457327%
49412,0,5.156642111228042%
49413,0,5.156537753222836%
49414,0,5.156433399441454%
49415,0,5.156329049883639%
49416,0,5.156224704549134%
49417,0,5.156120363437684%
49418,0,5.156016026549031%
49419,0,5.15591169388292%
49420,0,5.1558073654390935%
49421,0,5.155703041217297%
49422,0,5.155598721217271%
49423,0,5.1554944054387635%
49424,0,5.155390093881515%
49425,0,5.15528578654527%
49426,0,5.155181483429773%
49427,0,5.155077184534768%
49428,0,5.154972889859998%
49429,0,5.154868599405208%
49430,0,5.15476431317014%
49431,0,5.154660031154538%
49432,0,5.1545557533581485%
49433,0,5.154451479780713%
49434,0,5.154347210421976%
49435,0,5.154242945281683%
49436,0,5.154138684359576%
49437,0,5.154034427655399%
49438,0,5.153930175168899%
49439,0,5.153825926899816%
49440,0,5.1537216828478964%
49441,0,5.153617443012884%
49442,0,5.153513207394523%
49443,0,5.153408975992557%
49444,0,5.153304748806731%
49445,0,5.153200525836788%
49446,1,5.1551187153662585%
49447,0,5.15501445992679%
49448,0,5.154910208704093%
49449,0,5.15480596169791%
49450,0,5.154701718907988%
49451,0,5.154597480334068%
49452,0,5.154493245975895%
49453,0,5.154389015833216%
49454,0,5.1542847899057715%
49455,0,5.154180568193307%
49456,0,5.154076350695568%
49457,0,5.153972137412297%
49458,0,5.1538679283432405%
49459,0,5.153763723488142%
49460,0,5.153659522846745%
49461,0,5.153555326418795%
49462,0,5.153451134204035%
49463,0,5.153346946202212%
49464,0,5.153242762413068%
49465,0,5.153138582836349%
49466,0,5.153034407471798%
49467,0,5.152930236319162%
49468,0,5.152826069378183%
49469,0,5.152721906648608%
49470,0,5.152617748130179%
49471,0,5.152513593822643%
49472,0,5.152409443725744%
49473,0,5.152305297839225%
49474,0,5.152201156162833%
49475,0,5.1520970186963115%
49476,0,5.151992885439405%
49477,0,5.151888756391859%
49478,0,5.151784631553418%
49479,0,5.151680510923827%
49480,0,5.151576394502829%
49481,0,5.151472282290172%
49482,0,5.151368174285599%
49483,0,5.151264070488855%
49484,0,5.151159970899685%
49485,0,5.151055875517834%
49486,0,5.150951784343047%
49487,0,5.1508476973750685%
49488,0,5.150743614613644%
49489,0,5.150639536058518%
49490,0,5.1505354617094365%
49491,0,5.150431391566143%
49492,0,5.150327325628385%
49493,0,5.150223263895905%
49494,0,5.150119206368449%
49495,0,5.1500151530457625%
49496,0,5.14991110392759%
49497,0,5.1498070590136775%
49498,0,5.14970301830377%
49499,0,5.149598981797612%
49500,0,5.14949494949495%
49501,0,5.149390921395527%
49502,0,5.149286897499091%
49503,0,5.149182877805385%
49504,0,5.149078862314156%
49505,0,5.148974851025149%
49506,0,5.148870843938109%
49507,0,5.1487668410527805%
49508,0,5.1486628423689105%
49509,0,5.1485588478862425%
49510,0,5.148454857604524%
49511,0,5.1483508715235%
49512,0,5.148246889642915%
49513,0,5.148142911962515%
49514,0,5.1480389384820455%
49515,0,5.147934969201253%
49516,0,5.1478310041198805%
49517,0,5.147727043237675%
49518,0,5.147623086554384%
49519,0,5.147519134069751%
49520,0,5.1474151857835215%
49521,0,5.1473112416954425%
49522,0,5.147207301805258%
49523,0,5.147103366112715%
49524,0,5.146999434617559%
49525,0,5.1468955073195355%
49526,0,5.1467915842183904%
49527,0,5.146687665313869%
49528,0,5.146583750605719%
49529,0,5.146479840093683%
49530,0,5.146375933777509%
49531,0,5.146272031656942%
49532,0,5.146168133731729%
49533,0,5.146064240001615%
49534,0,5.145960350466346%
49535,0,5.145856465125669%
49536,0,5.145752583979328%
49537,0,5.145648707027071%
49538,0,5.145544834268642%
49539,0,5.145440965703789%
49540,0,5.145337101332257%
49541,0,5.145233241153792%
49542,0,5.14512938516814%
49543,0,5.145025533375048%
49544,1,5.146940093654126%
49545,1,5.1488545766474925%
49546,1,5.1507689823598275%
49547,0,5.1506650251276564%
49548,1,5.152579317025914%
49549,1,5.154493531655533%
49550,1,5.156407669021191%
49551,1,5.158321729127565%
49552,1,5.160235711979335%
49553,0,5.16013157629205%
49554,0,5.160027444807684%
49555,0,5.1599233175259815%
49556,0,5.159819194446687%
49557,0,5.159715075569546%
49558,0,5.159610960894305%
49559,0,5.159506850420711%
49560,0,5.159402744148507%
49561,0,5.15929864207744%
49562,0,5.1591945442072555%
49563,0,5.1590904505376995%
49564,0,5.158986361068518%
49565,0,5.1588822757994555%
49566,0,5.158778194730259%
49567,0,5.158674117860674%
49568,0,5.158570045190445%
49569,0,5.15846597671932%
49570,0,5.158361912447044%
49571,0,5.158257852373364%
49572,0,5.1581537964980235%
49573,0,5.15804974482077%
49574,0,5.157945697341349%
49575,0,5.157841654059506%
49576,0,5.157737614974988%
49577,0,5.157633580087541%
49578,0,5.15752954939691%
49579,0,5.157425522902842%
49580,0,5.157321500605082%
49581,0,5.157217482503378%
49582,0,5.157113468597474%
49583,0,5.157009458887119%
49584,0,5.1569054533720555%
49585,0,5.156801452052032%
49586,0,5.156697454926793%
49587,0,5.156593461996088%
49588,0,5.15648947325966%
49589,0,5.156385488717255%
49590,0,5.156281508368623%
49591,0,5.156177532213507%
49592,0,5.156073560251653%
49593,0,5.15596959248281%
49594,0,5.155865628906723%
49595,0,5.155761669523137%
49596,0,5.1556577143318005%
49597,0,5.15555376333246%
49598,1,5.157466026855921%
49599,0,5.157362043589588%
49600,1,5.159274193548387%
49601,0,5.159170178020604%
49602,1,5.161082214426838%
49603,1,5.1629941737394915%
49604,1,5.164906055963229%
49605,0,5.164801935288781%
49606,0,5.1646978188122405%
49607,0,5.164593706533352%
49608,0,5.164489598451862%
49609,0,5.164385494567518%
49610,0,5.1642813948800645%
49611,0,5.164177299389248%
49612,0,5.164073208094816%
49613,0,5.163969120996513%
49614,0,5.1638650380940865%
49615,0,5.163760959387282%
49616,0,5.163656884875847%
49617,0,5.163552814559526%
49618,0,5.163448748438067%
49619,0,5.163344686511215%
49620,0,5.163240628778718%
49621,0,5.163136575240322%
49622,0,5.1630325258957726%
49623,0,5.162928480744816%
49624,0,5.162824439787199%
49625,0,5.16272040302267%
49626,0,5.162616370450973%
49627,0,5.162512342071856%
49628,0,5.162408317885065%
49629,0,5.162304297890347%
49630,0,5.162200282087447%
49631,0,5.1620962704761135%
49632,0,5.161992263056093%
49633,0,5.161888259827132%
49634,0,5.161784260788975%
49635,0,5.1616802659413725%
49636,0,5.161576275284068%
49637,0,5.16147228881681%
49638,0,5.1613683065393445%
49639,0,5.161264328451419%
49640,0,5.161160354552781%
49641,0,5.161056384843174%
49642,0,5.160952419322348%
49643,0,5.160848457990049%
49644,0,5.1607445008460235%
49645,0,5.1606405478900195%
49646,0,5.160536599121782%
49647,0,5.16043265454106%
49648,0,5.160328714147599%
49649,0,5.160224777941147%
49650,0,5.16012084592145%
49651,0,5.160016918088256%
49652,0,5.159912994441312%
49653,1,5.161823051980746%
49654,1,5.163733032585491%
49655,1,5.165642936260195%
49656,1,5.167552763009505%
49657,1,5.169462512838069%
49658,1,5.171372185750533%
49659,1,5.1732817817515455%
49660,0,5.1731776077325815%
49661,1,5.17508709047341%
49662,1,5.17699649631509%
49663,1,5.178905825262268%
49664,0,5.178801546391753%
49665,1,5.180710762106111%
49666,1,5.182619900938268%
49667,1,5.184528962892866%
49668,1,5.186437947974551%
49669,1,5.188346856187964%
49670,0,5.188242399838937%
49671,1,5.190151194862193%
49672,1,5.192059913029473%
49673,1,5.193968554345419%
49674,1,5.195877118814671%
49675,1,5.197785606441872%
49676,0,5.197680972703116%
49677,0,5.197576343176922%
49678,0,5.197471717863038%
49679,0,5.197367096761207%
49680,0,5.197262479871176%
49681,0,5.197157867192689%
49682,0,5.197053258725494%
49683,0,5.1969486544693355%
49684,0,5.196844054423959%
49685,0,5.196739458589112%
49686,0,5.196634866964538%
49687,0,5.196530279549983%
49688,0,5.1964256963451945%
49689,0,5.196321117349916%
49690,0,5.196216542563896%
49691,0,5.196111971986879%
49692,0,5.1960074056186105%
49693,0,5.195902843458837%
49694,0,5.195798285507305%
49695,0,5.195693731763759%
49696,0,5.195589182227946%
49697,0,5.195484636899612%
49698,0,5.195380095778502%
49699,0,5.195275558864363%
49700,0,5.195171026156942%
49701,0,5.195066497655983%
49702,0,5.194961973361233%
49703,0,5.194857453272438%
49704,0,5.194752937389345%
49705,0,5.194648425711699%
49706,0,5.194543918239247%
49707,0,5.194439414971734%
49708,0,5.194334915908908%
49709,0,5.194230421050515%
49710,0,5.194125930396298%
49711,0,5.194021443946008%
49712,0,5.193916961699388%
49713,0,5.1938124836561865%
49714,0,5.193708009816148%
49715,0,5.19360354017902%
49716,0,5.193499074744548%
49717,0,5.193394613512481%
49718,0,5.193290156482561%
49719,0,5.193185703654538%
49720,0,5.193081255028158%
49721,0,5.192976810603166%
49722,0,5.192872370379309%
49723,0,5.192767934356334%
49724,0,5.192663502533987%
49725,0,5.192559074912016%
49726,0,5.1924546514901655%
49727,0,5.1923502322681845%
49728,0,5.1922458172458175%
49729,0,5.192141406422811%
49730,0,5.192036999798915%
49731,0,5.191932597373872%
49732,0,5.19182819914743%
49733,0,5.191723805119337%
49734,0,5.191619415289339%
49735,0,5.191515029657183%
49736,0,5.191410648222615%
49737,0,5.191306270985383%
49738,0,5.191201897945233%
49739,0,5.191097529101912%
49740,0,5.190993164455167%
49741,0,5.190888804004745%
49742,0,5.190784447750392%
49743,0,5.190680095691856%
49744,0,5.190575747828883%
49745,0,5.190471404161222%
49746,0,5.190367064688618%
49747,0,5.190262729410819%
49748,0,5.190158398327571%
49749,0,5.190054071438622%
49750,0,5.189949748743718%
49751,0,5.189845430242608%
49752,0,5.189741115935038%
49753,0,5.189636805820755%
49754,0,5.189532499899506%
49755,0,5.189428198171038%
49756,0,5.189323900635099%
49757,0,5.189219607291436%
49758,0,5.189115318139796%
49759,0,5.189011033179927%
49760,0,5.188906752411575%
49761,0,5.188802475834489%
49762,0,5.188698203448414%
49763,0,5.1885939352531%
49764,0,5.188489671248292%
49765,0,5.188385411433739%
49766,0,5.188281155809187%
49767,0,5.188176904374385%
49768,0,5.188072657129079%
49769,0,5.187968414073017%
49770,0,5.187864175205947%
49771,0,5.1877599405276165%
49772,0,5.187655710037772%
49773,0,5.187551483736162%
49774,0,5.187447261622534%
49775,0,5.187343043696635%
49776,0,5.187238829958213%
49777,0,5.187134620407016%
49778,0,5.1870304150427895%
49779,0,5.186926213865284%
49780,0,5.186822016874246%
49781,0,5.186717824069424%
49782,0,5.1866136354505645%
49783,1,5.188518168852821%
49784,0,5.188413948256468%
49785,0,5.188309731846942%
49786,0,5.188205519623991%
49787,0,5.188101311587362%
49788,0,5.187997107736804%
49789,0,5.187892908072064%
49790,0,5.187788712592891%
49791,0,5.18768452129903%
49792,0,5.187580334190232%
49793,0,5.187476151266242%
49794,0,5.18737197252681%
49795,0,5.187267797971684%
49796,0,5.187163627600611%
49797,0,5.187059461413338%
49798,0,5.186955299409615%
49799,0,5.186851141589188%
49800,0,5.186746987951807%
49801,0,5.186642838497219%
49802,0,5.186538693225172%
49803,0,5.186434552135413%
49804,0,5.186330415227693%
49805,0,5.186226282501757%
49806,0,5.1861221539573545%
49807,0,5.1860180295942335%
49808,0,5.185913909412142%
49809,0,5.185809793410829%
49810,0,5.185705681590043%
49811,0,5.185601573949529%
49812,0,5.185497470489039%
49813,0,5.185393371208319%
49814,0,5.1852892761071185%
49815,0,5.185185185185185%
49816,0,5.185081098442267%
49817,0,5.184977015878114%
49818,0,5.1848729374924725%
49819,0,5.184768863285092%
49820,0,5.18466479325572%
49821,0,5.184560727404107%
49822,0,5.184456665729999%
49823,0,5.184352608233145%
49824,0,5.184248554913295%
49825,0,5.184144505770195%
49826,0,5.184040460803597%
49827,0,5.183936420013246%
49828,0,5.183832383398893%
49829,0,5.183728350960284%
49830,0,5.18362432269717%
49831,0,5.1835202986093%
49832,0,5.18341627869642%
49833,0,5.183312262958281%
49834,0,5.18320825139463%
49835,0,5.183104244005217%
49836,0,5.183000240789791%
49837,0,5.182896241748098%
49838,0,5.182792246879891%
49839,0,5.182688256184916%
49840,0,5.182584269662922%
49841,0,5.182480287313657%
49842,0,5.182376309136873%
49843,0,5.182272335132315%
49844,0,5.182168365299735%
49845,0,5.182064399638881%
49846,0,5.181960438149501%
49847,0,5.181856480831344%
49848,0,5.18175252768416%
49849,0,5.181648578707698%
49850,0,5.181544633901705%
49851,0,5.181440693265933%
49852,0,5.181336756800128%
49853,0,5.1812328245040415%
49854,0,5.181128896377422%
49855,0,5.181024972420018%
49856,0,5.180921052631579%
49857,0,5.180817137011854%
49858,0,5.180713225560592%
49859,0,5.180609318277543%
49860,0,5.180505415162455%
49861,0,5.1804015162150785%
49862,1,5.182303156712527%
49863,0,5.182199225878908%
49864,0,5.182095299213862%
49865,0,5.181991376717137%
49866,1,5.183892832791883%
49867,1,5.185794212605531%
49868,1,5.18769551616267%
49869,1,5.189596743467885%
49870,1,5.191497894525767%
49871,1,5.193398969340899%
49872,1,5.19529996791787%
49873,0,5.195195797325206%
49874,0,5.195091630909893%
49875,0,5.1949874686716795%
49876,0,5.194883310610313%
49877,0,5.194779156725545%
49878,0,5.194675007017121%
49879,0,5.194570861484793%
49880,0,5.194466720128308%
49881,0,5.194362582947415%
49882,0,5.194258449941863%
49883,0,5.194154321111401%
49884,0,5.194050196455778%
49885,0,5.193946075974742%
49886,0,5.193841959668044%
49887,0,5.193737847535431%
49888,0,5.193633739576652%
49889,0,5.1935296357914575%
49890,0,5.193425536179595%
49891,0,5.193321440740815%
49892,0,5.193217349474866%
49893,0,5.193113262381496%
49894,0,5.193009179460456%
49895,0,5.192905100711495%
49896,0,5.19280102613436%
49897,0,5.192696955728801%
49898,0,5.192592889494569%
49899,0,5.192488827431411%
49900,0,5.192384769539078%
49901,1,5.194284683673674%
49902,0,5.19418059396417%
49903,0,5.194076508426347%
49904,0,5.193972427059955%
49905,0,5.193868349864743%
49906,0,5.193764276840461%
49907,0,5.193660207986856%
49908,0,5.193556143303678%
49909,0,5.193452082790679%
49910,0,5.193348026447605%
49911,0,5.193243974274208%
49912,0,5.193139926270236%
49913,0,5.193035882435438%
49914,0,5.192931842769564%
49915,0,5.192827807272363%
49916,0,5.192723775943586%
49917,0,5.19261974878298%
49918,0,5.1925157257902965%
49919,0,5.1924117069652835%
49920,0,5.1923076923076925%
49921,0,5.192203681817271%
49922,0,5.19209967549377%
49923,0,5.191995673336939%
49924,0,5.191891675346526%
49925,0,5.191787681522284%
49926,0,5.191683691863959%
49927,0,5.191579706371302%
49928,0,5.1914757250440635%
49929,0,5.191371747881993%
49930,0,5.191267774884839%
49931,0,5.191163806052352%
49932,0,5.191059841384282%
49933,0,5.19095588088038%
49934,0,5.190851924540393%
49935,0,5.190747972364073%
49936,0,5.19064402435117%
49937,0,5.190540080501432%
49938,0,5.190436140814611%
49939,0,5.190332205290455%
49940,0,5.190228273928715%
49941,0,5.1901243467291405%
49942,0,5.1900204236914815%
49943,0,5.189916504815489%
49944,0,5.189812590100913%
49945,0,5.189708679547502%
49946,0,5.189604773155007%
49947,0,5.189500870923179%
49948,0,5.189396972851766%
49949,0,5.189293078940519%
49950,0,5.189189189189189%
49951,0,5.189085303597526%
49952,0,5.188981422165279%
49953,0,5.188877544892199%
49954,0,5.188773671778036%
49955,0,5.18866980282254%
49956,0,5.188565938025462%
49957,0,5.188462077386553%
49958,0,5.1883582209055605%
49959,0,5.188254368582237%
49960,0,5.188150520416333%
49961,0,5.188046676407597%
49962,0,5.1879428365557825%
49963,0,5.187839000860637%
49964,0,5.187735169321912%
49965,0,5.187631341939357%
49966,0,5.1875275187127246%
49967,1,5.189425020513539%
49968,1,5.191322446365674%
49969,1,5.19321979627369%
49970,1,5.195117070242145%
49971,0,5.195013107602409%
49972,0,5.194909149123509%
49973,0,5.194805194805195%
49974,0,5.1947012446472165%
49975,0,5.194597298649325%
49976,0,5.19449335681127%
49977,0,5.1943894191328015%
49978,0,5.19428548561367%
49979,0,5.194181556253627%
49980,0,5.194077631052421%
49981,0,5.1939737100098045%
49982,0,5.1938697931255255%
49983,0,5.193765880399336%
49984,0,5.193661971830986%
49985,0,5.193558067420226%
49986,0,5.193454167166807%
49987,0,5.193350271070479%
49988,0,5.193246379130991%
49989,0,5.193142491348097%
49990,0,5.193038607721545%
49991,0,5.1929347282510845%
49992,0,5.19283085293647%
49993,0,5.192726981777448%
49994,0,5.192623114773773%
49995,0,5.192519251925193%
49996,0,5.1924153932314585%
49997,0,5.192311538692321%
49998,0,5.1922076883075325%
49999,0,5.1921038420768415%
50000,0,5.192%
